CUSTNO,가구인테리어/잡화_고가_증감여부,가구인테리어/잡화_저가_증감여부,가구인테리어/잡화_중가_증감여부,가전/레저취미/멀티샵_고가_증감여부,가전/레저취미/멀티샵_저가_증감여부,가전/레저취미/멀티샵_중가_증감여부,교육문화/아동_고가_증감여부,교육문화/아동_저가_증감여부,교육문화/아동_중가_증감여부,식품/생활_고가_증감여부,식품/생활_저가_증감여부,식품/생활_중가_증감여부,의류/이미용_고가_증감여부,의류/이미용_저가_증감여부,의류/이미용_중가_증감여부,침구/주방_고가_증감여부,침구/주방_저가_증감여부,침구/주방_중가_증감여부
1,4,1,1,1,0,4,0,0,1,1,4,4,3,0,3,4,0,4
2,0,3,1,3,0,1,0,0,1,1,0,2,3,0,4,3,0,4
3,0,4,0,0,4,0,0,0,0,2,2,4,0,0,1,0,4,0
4,0,3,1,3,1,3,0,0,0,1,1,1,2,4,2,4,1,4
6,3,1,1,0,1,0,0,0,0,3,3,2,4,2,2,1,2,0
7,4,2,4,1,0,3,0,3,1,2,4,3,4,4,2,1,3,4
8,0,1,0,4,0,1,0,4,1,2,4,4,3,0,2,2,0,0
9,4,1,0,0,0,1,0,0,0,1,4,4,3,0,2,0,0,0
10,1,4,0,0,2,3,0,0,1,2,3,2,4,0,1,0,1,4
11,3,2,2,0,4,2,0,0,2,1,1,4,2,0,4,3,0,0
12,0,0,0,0,0,0,0,0,0,4,4,1,4,4,4,0,1,0
13,0,1,0,0,1,0,0,2,0,1,2,3,2,3,1,0,2,0
14,4,2,2,2,1,2,0,1,1,2,1,1,2,1,4,0,2,1
15,0,2,1,0,4,3,0,0,0,3,2,3,2,4,1,0,3,0
16,0,1,0,4,0,0,0,0,0,3,0,4,0,4,4,0,0,0
17,2,4,1,0,0,0,0,0,0,4,4,4,1,4,1,4,4,1
18,1,2,1,2,0,4,0,0,1,3,2,2,3,0,1,1,4,1
19,4,3,1,1,0,0,0,0,0,1,1,1,2,0,1,0,0,1
20,0,3,0,1,0,1,0,0,1,2,0,3,0,0,4,0,0,1
21,0,0,1,0,1,1,3,1,4,3,3,3,0,4,4,0,1,1
22,2,4,1,0,0,0,0,0,0,2,0,2,1,0,0,4,0,0
23,2,4,2,2,0,2,0,0,0,2,2,4,3,0,1,4,4,1
24,1,1,4,0,2,2,0,0,0,3,2,2,0,1,4,0,1,0
25,1,3,3,0,0,4,0,0,0,2,3,4,2,2,2,1,0,0
26,3,2,1,1,0,3,0,0,4,2,0,3,3,0,1,3,0,4
27,1,0,3,0,0,1,0,0,0,2,1,2,2,1,2,0,0,0
28,0,3,1,0,0,0,0,1,0,3,1,1,0,1,4,0,1,0
29,1,2,4,3,0,1,0,0,1,1,4,4,2,4,3,3,4,1
30,2,2,1,0,4,1,0,0,0,3,2,2,3,3,0,2,3,3
31,0,3,2,1,0,0,0,0,3,2,0,1,4,0,4,4,0,0
32,0,4,3,1,2,0,0,1,2,2,4,4,0,4,4,0,3,0
33,0,3,0,0,0,0,0,0,0,1,2,3,1,2,1,0,2,1
34,0,3,1,0,0,1,0,0,0,1,1,1,0,0,1,0,0,0
35,4,2,3,0,0,0,0,0,0,1,1,1,1,1,2,4,1,0
36,1,1,1,4,0,4,0,1,1,3,4,1,4,0,4,2,1,2
37,1,4,4,1,0,0,0,0,1,2,1,3,4,0,0,0,0,4
38,1,2,1,0,3,0,0,3,3,3,4,3,4,4,2,0,2,4
39,1,1,0,0,0,0,0,0,0,2,1,1,1,0,1,0,0,0
40,1,4,0,4,0,4,0,0,3,1,1,2,1,1,1,1,4,4
41,1,1,4,1,0,0,0,0,0,1,2,1,0,4,1,0,0,1
42,0,4,1,0,4,1,0,1,0,1,3,3,4,1,2,0,1,0
43,0,1,0,0,0,0,0,0,0,1,2,1,0,1,1,0,2,0
44,3,4,0,1,0,1,0,0,0,2,4,4,0,4,4,0,4,0
45,0,3,0,4,0,4,0,0,1,3,1,4,4,4,4,4,3,0
46,1,1,0,4,0,1,0,0,0,1,1,4,1,0,1,0,0,0
47,4,4,1,0,4,2,0,1,1,1,1,1,4,4,1,1,2,1
48,3,4,1,4,0,1,0,0,0,1,1,3,3,0,4,4,1,4
49,3,1,0,0,0,1,0,0,4,2,0,2,2,0,4,3,0,0
50,0,2,1,0,3,2,0,1,2,3,2,2,4,2,3,2,0,1
51,0,2,1,0,0,1,0,3,2,2,1,2,1,3,4,0,3,1
52,3,3,4,0,4,4,0,0,0,2,1,4,3,4,1,3,4,1
53,1,4,1,1,4,1,0,0,0,3,1,4,3,0,0,0,0,0
54,0,3,4,0,0,0,0,0,0,2,0,3,1,0,1,0,0,0
55,0,3,0,0,0,4,0,0,0,3,2,3,0,3,4,0,4,0
56,1,1,1,0,0,0,0,0,3,2,1,2,1,1,4,4,0,1
57,4,2,0,0,1,0,0,0,0,1,2,1,0,1,4,0,2,0
58,2,2,4,0,0,2,0,0,3,2,0,2,1,0,3,0,0,1
59,3,1,1,0,0,0,0,0,0,2,4,3,2,4,0,2,4,0
60,0,4,0,0,2,0,0,3,1,2,2,3,1,1,1,2,3,0
61,2,1,1,0,0,4,0,0,0,2,1,1,2,2,1,1,1,1
62,0,4,0,1,0,3,3,0,2,1,2,1,1,1,3,0,4,0
63,0,4,1,0,0,0,0,0,0,2,0,2,1,0,1,0,0,0
64,0,1,0,0,0,0,0,0,0,1,1,2,0,4,4,0,1,0
65,0,1,0,0,0,3,0,4,0,2,1,3,4,2,1,4,3,2
66,0,1,0,0,4,0,0,1,0,3,2,3,4,4,1,2,3,0
67,0,3,4,0,4,0,0,0,0,3,3,3,1,2,3,0,3,0
68,3,2,2,3,0,0,0,0,1,3,3,4,1,4,3,3,2,2
69,0,2,0,0,4,0,0,4,0,3,3,3,0,3,0,0,1,0
70,3,4,0,4,1,3,0,0,1,1,1,3,4,0,4,0,0,1
71,0,0,0,0,0,0,0,2,0,2,3,2,0,3,0,0,4,0
72,0,0,4,0,4,0,0,2,1,4,4,4,1,3,4,0,4,1
73,3,4,2,1,0,1,0,0,0,3,4,2,1,0,3,1,0,1
74,2,1,3,0,0,2,0,0,1,3,4,3,2,4,2,3,1,1
75,0,1,0,0,0,0,0,0,0,2,3,3,2,0,4,0,0,4
76,2,4,3,0,0,1,0,1,1,2,1,1,0,1,4,2,1,2
77,1,3,4,0,0,2,0,4,4,3,4,3,1,4,3,0,4,0
78,3,3,2,3,0,4,0,0,0,4,1,4,3,4,4,4,1,4
79,0,4,0,0,1,2,1,1,1,3,3,3,1,3,1,0,3,4
80,0,4,0,0,4,0,0,0,0,2,3,4,1,2,4,1,1,4
81,3,1,1,4,0,0,0,0,4,3,2,1,2,1,4,2,0,3
82,4,2,2,3,0,3,2,1,3,1,3,3,4,3,4,4,3,1
83,1,4,4,1,0,2,0,0,0,2,4,3,4,4,3,1,1,0
84,0,3,3,4,0,4,0,0,0,4,4,4,2,4,3,2,0,3
85,0,3,0,0,0,0,0,0,0,2,0,4,1,0,4,0,0,3
86,0,2,2,0,4,2,0,0,1,3,1,2,3,4,2,0,1,4
87,0,4,0,1,0,1,0,0,4,3,1,1,0,0,1,0,0,1
88,0,1,2,2,1,4,0,0,0,1,2,3,1,0,4,3,1,4
89,0,3,0,0,0,2,0,4,0,3,2,3,2,1,1,2,3,2
90,4,4,0,4,0,4,0,0,1,1,4,3,1,0,1,3,0,4
91,0,3,0,0,1,0,0,0,4,1,1,2,4,0,1,0,0,0
92,0,2,3,0,4,4,3,4,2,3,1,3,2,4,3,3,1,4
93,1,2,2,0,0,4,0,0,4,4,0,2,4,0,3,4,0,0
94,4,4,4,4,0,4,0,1,4,4,1,4,0,0,4,0,2,0
95,0,2,0,0,1,1,0,4,4,1,2,2,0,1,3,0,1,0
96,1,2,0,1,0,1,0,0,0,4,0,4,2,0,1,1,0,1
97,2,2,0,3,1,4,0,0,0,3,1,4,4,1,1,3,1,2
98,4,4,0,0,0,2,0,0,2,2,2,3,4,4,4,0,3,0
99,3,2,1,1,1,0,0,0,1,2,1,3,4,4,3,3,3,2
100,4,3,2,4,0,1,0,0,0,4,4,4,3,2,4,2,1,1
101,0,1,0,0,0,0,0,0,0,3,3,1,4,0,4,0,3,0
102,2,4,0,1,2,3,0,0,0,4,4,3,2,4,2,3,4,4
103,0,4,0,0,0,4,0,0,0,3,3,3,0,0,4,0,4,0
104,0,2,0,0,0,0,0,0,0,2,1,3,0,2,4,0,3,0
105,0,3,4,0,0,4,0,0,0,2,3,1,0,2,1,4,2,4
106,1,2,4,2,0,1,0,0,1,3,0,1,2,0,2,0,0,0
107,4,3,4,0,0,1,0,0,4,3,1,2,2,0,3,4,0,3
108,0,2,3,0,4,2,4,0,4,3,2,2,3,4,4,0,0,4
109,0,4,0,0,4,0,0,4,0,2,3,3,0,2,4,0,1,0
110,0,3,0,4,4,3,0,4,2,3,4,4,3,1,4,4,4,4
111,0,4,0,0,0,4,0,0,0,4,2,4,0,2,0,0,4,1
112,0,4,4,0,0,2,0,0,4,3,4,4,4,1,3,1,4,0
113,2,2,2,4,4,3,4,1,1,3,2,2,3,1,3,3,1,3
114,0,1,0,1,0,2,0,0,0,1,3,2,3,1,3,0,1,4
115,2,3,1,0,0,4,0,0,0,1,4,1,4,0,1,4,4,0
116,0,2,0,0,1,0,0,0,0,1,2,2,1,0,3,0,1,0
117,4,4,0,3,0,4,0,0,0,4,4,4,4,1,0,4,2,4
118,2,1,4,3,0,1,0,0,1,4,0,1,2,0,4,4,0,0
119,1,3,1,0,4,2,0,0,4,3,1,1,4,1,1,1,1,3
120,3,3,2,0,0,4,0,0,0,3,3,2,2,0,3,4,4,3
121,4,4,0,0,0,0,0,0,1,1,4,2,0,0,1,0,4,0
122,0,1,0,1,0,1,3,4,4,3,4,3,1,1,3,3,3,3
123,0,4,0,0,0,0,0,4,1,4,2,3,0,4,1,0,4,0
124,1,3,2,0,0,3,0,0,4,2,4,3,4,4,3,0,4,0
125,4,2,0,3,0,4,0,0,0,1,1,2,1,4,4,0,2,4
126,0,3,0,1,4,0,0,1,0,3,3,3,0,1,4,0,1,4
127,0,1,1,0,0,4,0,0,0,2,4,3,4,4,3,0,4,4
128,0,1,0,0,1,0,0,0,0,3,4,4,0,1,4,0,3,0
129,0,1,0,0,1,0,2,2,1,1,2,3,1,1,0,0,1,0
130,1,2,3,0,0,4,0,0,1,4,4,2,2,0,2,1,0,2
131,3,3,4,1,0,1,0,0,0,2,4,3,1,4,2,4,1,3
132,0,4,0,0,0,0,0,4,0,2,3,3,0,4,0,0,1,0
133,0,4,4,4,4,4,0,4,0,1,1,2,4,1,4,3,3,1
134,2,0,2,1,0,4,0,0,4,1,4,2,4,0,3,3,0,3
135,0,4,0,1,0,1,0,0,4,1,0,1,2,0,2,0,4,0
136,0,4,4,4,0,2,1,0,4,4,0,1,4,0,1,3,0,1
137,1,1,0,3,0,4,4,4,2,2,1,2,4,4,4,3,4,4
138,0,0,4,0,3,3,0,0,0,1,4,3,3,4,4,0,3,3
139,1,3,1,0,0,2,0,4,0,3,3,3,3,3,4,2,2,2
140,3,1,1,3,1,4,0,0,4,3,3,3,4,4,4,3,4,4
141,0,3,0,0,2,0,0,0,0,2,3,1,0,0,1,0,3,0
143,0,4,0,0,2,0,4,4,0,0,2,3,0,2,4,0,3,0
144,1,2,0,0,3,4,4,4,4,3,2,3,3,4,2,0,4,3
145,2,1,1,4,0,0,0,0,1,3,4,3,4,1,2,4,0,1
146,2,1,2,0,0,3,0,0,4,1,0,2,2,0,3,2,0,1
147,2,3,1,3,2,1,0,2,2,1,4,2,4,1,2,0,2,3
148,0,0,0,0,0,4,0,0,0,2,3,4,0,4,4,0,3,0
149,4,3,4,0,0,4,0,0,0,4,2,3,2,0,4,2,1,0
150,0,1,1,0,1,0,0,2,0,4,3,4,1,1,1,0,4,1
151,1,1,2,2,0,2,0,0,1,3,2,3,1,2,1,1,1,2
152,0,2,1,2,0,3,0,0,1,3,3,2,4,0,4,3,4,2
153,0,3,1,0,0,4,0,0,0,3,1,3,1,0,0,0,1,4
154,1,0,0,0,0,0,0,0,0,3,1,2,2,0,1,0,4,0
155,0,3,3,0,0,4,0,0,0,2,0,1,2,1,2,4,0,4
156,4,1,4,2,0,2,0,0,1,4,0,1,3,0,3,3,0,1
157,0,4,4,1,0,3,0,0,0,3,1,3,2,0,4,0,0,0
158,0,1,4,0,0,0,0,0,2,3,4,3,4,0,4,4,4,4
159,1,0,2,0,0,2,0,0,2,1,4,1,3,0,2,3,0,4
160,1,3,4,0,3,3,0,0,0,2,1,1,4,4,1,2,4,4
161,3,3,1,4,0,4,0,0,4,2,1,2,2,1,4,2,0,1
162,0,2,2,4,0,1,0,0,3,4,2,3,1,1,2,0,3,4
163,0,4,1,0,4,0,0,0,3,1,2,2,1,4,4,0,2,0
164,2,1,2,0,0,1,0,0,0,3,4,4,0,0,1,4,1,1
165,3,0,2,1,4,3,0,0,1,3,2,1,3,0,4,1,0,2
166,0,2,1,1,4,2,2,1,2,3,1,2,3,1,3,4,1,2
167,0,3,1,0,0,0,0,0,0,2,0,2,2,0,2,4,0,0
168,3,1,3,2,0,2,0,0,4,1,3,2,3,4,1,4,0,1
169,0,2,0,0,4,1,0,0,0,2,2,3,4,1,1,1,4,0
170,0,2,0,0,1,0,0,0,0,3,3,2,1,1,4,0,2,3
171,0,2,1,0,0,4,0,4,0,1,1,2,4,4,4,3,0,4
172,0,1,4,1,0,2,3,0,1,2,4,2,3,4,1,1,1,1
173,0,4,0,0,1,0,0,0,4,3,3,3,4,2,1,0,4,0
175,4,3,0,0,2,0,0,3,0,2,3,3,0,1,4,0,2,0
176,0,1,0,0,3,0,0,0,0,4,2,4,0,4,0,1,3,4
177,0,3,3,1,0,2,0,0,4,1,1,3,1,0,1,1,0,3
178,0,2,1,0,0,0,0,0,0,3,4,2,0,1,1,0,2,1
179,0,3,1,4,0,1,0,0,0,3,1,2,3,1,3,0,1,0
180,1,3,0,0,0,0,0,0,0,2,0,2,2,0,1,2,0,1
181,0,3,0,0,0,4,0,0,2,1,0,4,1,0,3,4,0,4
182,4,3,3,2,0,4,0,0,1,3,4,3,3,0,3,0,0,0
183,0,4,0,0,0,0,1,4,4,2,2,3,0,2,0,0,2,0
184,1,1,4,1,0,0,0,0,1,1,1,1,1,0,1,2,4,2
185,0,1,0,0,4,4,0,4,4,3,4,4,0,3,4,0,2,4
186,1,1,1,4,0,2,4,0,1,1,2,1,3,1,1,2,4,4
187,0,1,4,0,0,1,0,0,0,1,1,1,1,0,1,0,4,2
188,0,4,0,0,4,0,4,0,0,3,3,3,0,4,4,0,4,0
189,4,1,3,4,0,4,0,1,1,2,0,3,2,0,4,4,0,4
190,0,2,1,1,0,3,0,0,4,3,0,3,2,0,3,4,0,0
191,1,3,2,1,0,2,0,0,1,4,4,4,4,1,3,1,0,1
192,2,4,1,0,4,0,0,0,0,2,4,3,2,1,2,3,2,1
193,0,2,0,0,4,0,0,3,4,1,1,2,0,3,0,0,3,1
194,0,1,2,0,4,4,0,0,0,2,4,3,0,2,1,0,1,4
195,0,3,0,0,0,4,0,0,0,4,4,3,0,3,0,0,4,0
196,4,2,1,0,4,1,0,4,2,1,3,2,2,4,1,3,3,3
197,0,2,2,0,1,1,0,4,3,3,4,2,2,4,1,3,4,1
198,4,3,0,1,0,1,0,0,0,2,2,2,4,4,2,0,4,3
199,0,2,0,4,0,2,0,2,0,4,2,1,0,4,3,0,2,0
200,0,4,1,0,0,0,0,0,0,1,2,4,3,2,4,0,1,0
201,4,1,3,4,0,1,0,0,0,2,4,4,2,0,2,2,4,3
202,3,4,3,1,0,4,0,0,1,3,3,4,3,0,1,4,4,2
203,0,3,0,0,0,0,0,0,0,4,3,2,0,3,1,0,3,1
204,0,4,4,0,2,3,0,1,1,3,2,1,4,1,3,0,1,0
205,0,4,4,0,0,0,0,2,0,3,2,3,3,3,1,4,3,4
206,2,1,0,0,0,4,0,4,4,2,1,4,4,4,4,0,3,4
207,0,4,0,0,0,4,0,3,0,4,3,3,0,4,1,0,4,0
208,2,2,3,2,0,2,0,0,0,1,4,1,4,0,3,0,0,0
209,4,4,2,0,0,4,0,0,1,2,4,4,4,4,2,2,3,4
210,0,1,0,0,0,1,0,2,0,3,2,3,3,2,4,0,3,2
211,4,3,0,0,0,0,0,0,0,3,1,3,4,4,0,0,0,0
212,4,4,0,0,0,1,0,0,0,2,2,2,4,0,4,0,4,0
213,0,3,0,4,0,0,0,1,1,3,3,2,1,2,1,0,3,2
214,0,2,1,1,1,1,0,0,4,2,4,2,1,0,1,2,2,4
215,1,1,1,0,1,1,0,4,0,3,2,3,2,2,2,0,1,1
216,0,4,0,0,4,0,0,1,0,3,2,2,4,1,1,4,1,0
217,0,2,0,0,1,1,0,0,2,3,4,2,1,0,4,4,4,1
218,3,2,3,4,0,1,1,1,3,3,2,2,1,0,3,4,0,0
219,0,1,3,0,4,1,0,0,1,3,4,4,1,0,1,1,0,0
220,0,1,0,0,4,4,0,1,4,2,2,2,0,1,0,0,1,0
221,0,4,0,0,1,0,0,1,1,3,4,3,1,4,1,0,4,1
222,1,4,3,3,0,2,2,0,4,1,4,4,3,4,2,4,4,3
223,0,2,2,4,0,1,0,0,0,1,1,4,4,0,2,2,0,1
224,4,4,1,1,0,1,0,0,4,4,0,3,4,0,3,3,0,1
225,4,1,4,3,0,2,0,0,0,2,1,1,1,0,1,4,1,2
226,0,4,0,0,1,1,0,0,0,1,2,1,0,4,0,1,1,0
227,0,2,0,0,3,0,0,0,0,2,3,3,0,2,0,0,4,0
228,0,4,0,0,4,4,1,4,4,2,1,3,0,4,4,0,4,0
229,0,4,3,2,0,4,0,0,4,3,4,2,1,0,1,1,0,4
230,0,3,4,0,0,0,0,0,1,3,4,3,1,1,1,1,0,0
231,0,0,0,0,0,4,0,0,0,2,2,2,0,4,4,0,1,4
232,0,1,4,0,1,2,0,0,1,1,3,4,0,4,1,0,0,0
233,4,1,4,0,4,4,0,0,0,3,2,2,0,0,0,0,2,0
234,0,2,0,0,0,4,0,4,3,1,1,2,3,0,2,2,4,4
235,0,4,2,0,0,1,0,0,0,3,2,2,4,0,4,4,4,1
236,0,3,0,0,1,0,0,0,0,1,1,1,0,4,0,0,0,0
237,2,3,4,1,0,0,0,0,1,4,4,4,3,1,1,1,1,0
238,0,4,3,0,0,0,0,0,0,2,0,2,1,0,4,4,0,4
239,3,1,1,2,0,3,0,0,2,2,1,1,1,1,1,2,1,4
240,1,2,4,0,0,2,0,0,2,1,4,3,1,0,1,0,0,3
241,0,4,4,3,0,4,0,0,3,2,0,3,4,0,4,4,0,0
242,0,3,4,0,3,1,4,1,3,1,4,3,0,1,4,0,2,1
243,0,1,0,0,2,1,0,4,1,1,2,2,0,1,0,0,4,0
245,0,2,3,4,1,1,0,0,0,3,4,3,4,4,1,3,1,2
246,4,1,3,2,0,1,0,0,4,4,0,3,1,0,4,0,0,1
247,3,4,0,0,0,0,0,0,0,3,4,3,2,3,4,0,0,0
248,0,1,4,0,4,0,0,1,1,1,1,2,1,1,3,1,3,2
249,3,1,3,2,0,1,0,0,0,2,4,4,3,0,3,4,0,4
250,1,2,3,3,0,4,0,0,4,3,3,3,3,0,2,3,0,2
251,1,3,2,1,0,3,0,0,1,4,1,3,3,0,1,1,0,1
252,0,4,0,1,0,0,0,0,0,3,1,2,3,0,3,4,0,4
253,1,4,1,2,0,4,0,0,2,4,0,4,2,0,1,3,0,4
254,3,3,0,1,0,3,0,0,0,4,1,3,1,0,3,4,4,4
255,2,2,1,1,0,1,0,0,3,4,1,2,2,1,1,1,4,0
256,3,3,2,3,0,1,0,0,4,3,2,2,2,1,3,3,3,3
257,0,2,1,0,4,0,4,2,0,3,2,3,0,1,1,0,2,0
258,2,3,0,1,0,1,0,0,0,1,4,4,2,4,4,1,0,1
259,1,4,1,0,4,3,0,0,0,1,3,3,0,2,1,0,4,0
260,0,3,0,0,3,0,0,0,4,2,2,3,0,1,4,0,2,1
261,1,1,1,0,0,1,0,0,1,2,4,3,1,0,1,1,0,1
262,0,3,3,0,0,1,1,0,2,4,1,2,1,1,1,2,0,4
263,0,4,0,0,1,0,0,4,0,3,4,4,0,3,1,0,2,1
264,0,1,0,0,1,0,0,0,0,3,2,2,0,1,4,0,1,0
265,2,2,1,3,0,2,0,0,3,4,4,1,1,0,1,4,4,4
266,0,4,3,0,0,0,0,0,0,1,4,1,4,4,2,1,4,3
267,0,1,0,0,0,4,0,4,2,4,1,1,1,3,2,1,4,4
268,1,1,2,3,0,2,4,4,3,4,1,3,0,1,4,2,4,2
269,4,3,0,1,1,4,0,0,3,2,3,1,2,1,4,0,2,1
270,0,4,1,0,4,1,0,1,4,1,2,2,4,3,0,0,1,0
271,1,1,1,3,0,3,0,0,4,1,0,1,2,0,1,2,0,3
272,4,1,4,0,2,2,1,1,3,4,1,2,2,3,1,1,4,1
273,4,4,1,0,0,1,0,4,3,1,4,4,4,4,1,1,0,1
274,0,1,0,0,0,0,0,4,0,3,1,2,0,2,0,0,2,0
275,4,3,1,0,0,0,0,4,1,3,4,3,2,4,1,1,2,2
276,0,3,0,0,4,0,0,0,0,3,2,2,0,1,0,0,4,0
277,1,3,4,3,1,1,0,0,4,3,3,3,3,4,2,1,4,4
278,0,0,0,0,4,0,0,0,1,3,3,4,1,1,0,0,4,0
279,3,4,1,1,0,4,0,0,1,2,0,3,2,0,4,1,0,4
280,1,3,3,3,0,4,0,0,1,2,0,1,2,0,4,0,1,1
281,0,1,0,2,4,3,0,0,3,4,1,4,1,4,4,3,4,2
282,4,1,4,1,0,1,0,0,1,2,1,1,2,1,2,3,1,0
283,2,4,1,4,0,3,0,0,1,1,0,3,1,4,4,0,0,0
284,0,0,0,0,3,0,0,1,0,0,4,4,0,4,4,0,0,0
285,0,1,0,0,4,4,0,0,1,3,4,3,4,4,4,1,0,1
286,0,4,0,1,0,0,0,3,0,2,4,3,1,1,3,4,4,0
287,0,0,0,0,1,1,0,0,2,1,1,1,0,2,1,0,2,0
288,1,2,4,0,0,0,0,0,4,3,4,3,2,4,3,0,4,4
289,0,3,0,0,0,3,2,4,2,2,4,4,3,4,1,0,4,0
290,0,1,0,0,1,0,0,0,3,4,4,4,0,3,0,0,4,4
291,0,4,0,0,1,0,0,1,0,2,2,2,0,4,4,0,3,0
292,1,2,2,1,0,2,0,0,0,2,0,2,4,4,4,3,0,3
293,0,1,1,4,0,2,0,0,0,4,4,3,4,4,4,3,2,3
294,2,4,3,0,0,3,0,0,4,4,1,4,0,0,4,0,0,0
295,3,3,3,4,0,1,0,0,0,4,0,2,1,0,2,3,0,1
296,0,2,1,4,0,1,0,0,0,1,4,3,3,0,1,2,4,3
297,4,3,2,3,3,1,0,0,1,3,1,1,2,1,2,4,3,4
298,3,1,1,0,1,2,0,0,1,3,1,2,1,1,3,2,1,3
299,0,3,4,1,4,2,0,0,0,1,1,2,4,0,1,1,4,4
300,0,3,1,0,4,3,2,2,3,2,2,2,0,2,4,0,2,1
301,1,2,0,0,0,1,0,4,0,3,4,2,3,4,4,0,4,4
302,0,4,2,0,0,0,0,0,1,2,4,2,3,0,4,1,1,2
303,0,1,0,0,0,1,0,1,0,3,2,3,1,1,1,1,2,0
304,4,4,0,3,0,1,0,0,0,4,4,4,0,0,3,4,4,0
305,4,2,1,1,2,2,0,1,2,3,2,1,4,0,4,4,2,3
306,0,1,4,4,0,3,0,0,4,4,0,2,3,4,3,1,0,3
307,3,1,1,0,0,3,0,0,2,1,4,3,2,4,3,1,4,4
308,4,3,4,1,0,2,0,0,4,1,4,1,1,1,1,1,0,3
309,3,4,2,1,0,1,4,0,4,4,1,2,4,0,1,3,0,4
310,0,3,1,0,0,1,3,0,1,2,3,3,1,1,2,0,4,4
311,2,1,2,0,0,0,0,0,1,1,2,1,2,1,1,0,3,0
312,0,1,4,0,1,0,0,4,4,1,4,3,0,2,0,0,4,0
313,1,4,2,3,1,4,1,3,3,2,3,3,3,1,1,4,3,4
314,2,3,1,0,0,3,0,0,4,3,0,2,4,0,2,1,0,2
315,1,2,2,4,1,4,0,0,2,1,1,1,1,1,1,4,1,4
316,0,1,0,0,1,4,0,4,2,4,2,3,1,1,4,3,2,4
317,4,2,3,1,0,3,0,0,4,3,3,2,1,1,4,2,3,0
318,4,1,0,0,0,2,0,0,1,3,1,3,1,0,4,3,0,4
319,0,4,2,3,0,3,0,0,4,1,0,2,4,0,2,3,0,4
320,4,4,1,2,0,4,1,1,3,1,1,4,4,0,3,1,0,2
321,4,3,3,1,0,1,0,0,0,4,3,4,1,4,2,4,3,0
322,0,1,2,0,0,0,0,2,0,4,2,2,4,1,1,0,2,4
323,4,3,3,1,0,4,0,1,1,3,2,2,2,1,1,2,2,3
324,4,4,4,1,1,2,4,1,4,3,1,1,1,1,1,3,3,2
325,2,2,1,0,0,4,0,0,4,3,3,2,3,1,1,2,1,3
326,1,2,1,2,0,1,0,0,2,3,4,2,1,4,1,3,0,1
327,1,4,2,2,0,4,0,0,3,1,4,3,3,1,3,3,0,3
328,0,3,2,2,0,4,0,0,3,3,0,1,4,4,4,0,0,0
329,1,3,3,0,0,0,0,0,0,4,3,3,3,2,1,4,1,0
330,0,1,0,0,0,0,0,0,0,2,1,2,0,0,4,0,0,4
331,0,3,0,1,4,1,0,0,0,4,3,2,1,2,3,0,2,1
332,2,4,0,2,0,1,0,0,1,3,3,4,2,1,4,3,2,2
333,0,2,1,1,4,4,0,0,0,2,2,3,3,4,3,1,4,1
334,0,1,2,1,0,1,0,0,1,3,0,1,4,1,1,2,0,3
335,4,1,3,4,0,3,0,0,0,2,4,4,2,0,3,3,0,3
336,0,4,0,0,1,3,0,1,2,4,4,2,0,4,1,1,3,0
337,0,2,4,2,3,2,0,0,4,2,2,2,3,4,4,0,4,0
338,0,2,0,0,1,0,0,1,1,3,4,3,0,2,3,0,2,0
339,0,4,1,0,1,4,0,4,1,3,3,3,0,1,4,0,3,4
340,4,4,1,0,0,0,0,0,0,2,1,2,2,1,1,4,0,1
341,1,1,0,4,0,4,0,0,4,2,0,2,2,0,4,4,0,4
342,0,4,0,0,4,0,0,0,0,2,3,3,0,3,1,0,2,0
343,2,2,1,3,0,4,0,0,1,2,1,2,3,4,3,2,0,4
344,0,4,4,0,0,2,0,0,0,2,2,2,4,4,1,4,3,0
345,4,2,3,0,0,1,0,0,0,3,1,1,1,0,1,4,0,1
346,0,4,0,0,0,4,0,0,0,2,0,2,4,0,4,1,0,2
347,1,4,0,1,3,1,0,3,4,3,1,2,2,3,4,0,3,1
348,0,3,0,0,1,0,0,0,0,2,3,4,0,0,0,0,4,0
349,3,3,1,1,1,1,1,1,2,4,3,2,1,3,1,4,1,4
350,0,4,1,2,0,1,4,1,0,4,4,3,1,1,2,4,1,1
351,1,2,2,0,4,1,0,0,1,3,4,2,1,4,2,1,4,3
352,1,4,1,0,0,2,0,4,0,4,3,2,3,4,2,3,4,1
353,0,4,0,0,4,4,3,4,4,2,1,2,0,1,3,0,1,0
354,0,4,0,0,1,0,0,1,0,1,1,2,0,4,1,0,2,0
355,4,1,2,2,0,2,0,0,0,1,3,2,2,1,1,0,0,0
356,4,0,4,0,0,4,0,0,4,3,4,4,1,4,3,3,0,1
357,0,1,0,1,4,1,1,1,2,1,1,3,0,1,4,0,0,0
358,4,3,1,1,0,2,0,0,1,1,0,1,2,0,4,1,0,3
359,1,4,4,1,0,3,1,0,4,2,3,2,3,3,1,4,3,4
360,0,3,4,0,2,4,0,2,1,2,3,3,0,3,4,0,4,3
361,1,1,4,0,0,2,0,0,1,3,4,4,1,4,3,4,3,0
362,0,0,2,0,0,2,0,4,0,2,1,2,0,4,1,0,1,0
363,1,2,1,1,0,3,4,1,1,2,0,1,4,1,1,1,0,2
364,1,4,0,4,2,1,0,0,4,2,2,3,3,4,4,1,2,1
365,2,1,0,1,3,3,0,4,4,3,2,4,4,1,4,1,2,2
366,0,1,0,0,4,0,0,1,0,3,3,4,1,4,1,0,1,0
367,3,1,1,0,4,4,0,0,0,2,1,1,2,4,1,3,2,1
368,4,1,1,0,1,2,2,1,1,3,2,4,4,1,1,1,3,3
369,2,3,2,1,0,2,0,0,2,2,0,1,1,0,2,2,0,1
370,0,3,0,0,1,1,0,4,4,1,2,2,0,4,0,0,1,0
371,0,2,4,0,1,0,0,2,3,4,4,4,4,1,0,0,3,0
372,0,1,1,1,0,0,0,0,0,2,3,2,0,2,1,0,1,0
373,1,4,1,0,4,4,0,4,3,1,1,1,4,4,4,4,3,2
374,1,2,3,4,0,3,0,0,0,3,0,2,2,0,2,0,0,1
375,0,1,4,0,0,4,1,1,1,2,1,3,3,3,1,4,3,4
376,0,1,0,0,0,0,0,0,0,3,3,3,0,4,0,0,4,0
377,3,1,1,4,0,1,4,0,2,4,4,3,2,4,1,1,0,3
378,2,4,4,4,4,2,0,0,4,1,4,3,1,4,3,1,4,2
379,1,3,1,0,0,1,0,0,1,3,0,1,4,0,4,1,0,1
380,4,1,1,0,0,0,0,0,0,1,3,2,0,0,1,0,3,0
381,4,3,1,1,0,3,0,0,2,1,0,2,1,0,1,4,0,0
382,3,4,0,0,0,0,0,0,3,3,4,3,4,0,1,4,4,0
383,0,3,4,4,0,1,0,0,3,1,0,1,1,0,3,2,0,4
384,0,4,0,0,0,1,0,4,4,2,1,1,0,3,1,0,2,0
385,0,4,3,1,4,0,0,0,0,1,3,3,4,4,4,0,4,1
386,4,3,0,3,0,4,0,4,0,3,4,3,4,1,4,3,1,3
387,4,1,1,1,0,1,0,0,0,2,4,2,4,4,4,4,2,1
388,2,1,4,0,0,1,0,0,0,1,4,4,2,0,1,1,0,1
389,0,2,0,0,0,1,0,1,1,3,2,3,2,2,1,1,2,4
390,0,0,0,0,1,1,0,4,1,3,2,2,4,1,1,0,4,0
391,3,2,1,3,4,3,0,1,1,2,3,4,1,2,1,1,3,2
392,0,1,0,4,0,2,0,0,0,4,1,2,0,4,0,0,2,4
393,1,1,1,1,0,3,0,0,0,1,0,1,1,1,2,0,0,0
394,0,2,0,0,0,1,0,0,0,2,4,1,3,0,1,0,0,1
395,0,2,1,0,1,0,0,2,0,2,3,2,0,2,0,0,3,1
396,0,2,0,0,0,0,0,0,0,1,4,2,1,4,1,1,4,1
397,0,2,4,0,1,1,0,1,0,1,3,1,0,4,4,3,3,0
398,3,4,1,2,0,3,0,0,1,2,1,1,3,1,1,1,4,1
399,2,1,0,0,0,1,0,0,1,2,3,2,2,0,2,0,0,4
400,1,2,2,2,0,4,0,0,4,3,3,3,2,2,1,1,2,1
401,4,1,4,1,0,1,0,0,1,4,0,4,1,0,4,2,0,4
402,0,1,1,0,0,1,0,0,1,3,4,2,4,0,2,4,0,1
403,0,4,0,0,1,0,0,0,0,4,3,2,0,2,2,0,4,0
404,1,1,3,1,4,2,0,4,4,3,4,4,4,2,2,2,4,3
405,4,2,1,0,0,1,0,0,3,3,0,3,3,0,1,1,0,3
406,0,4,0,0,0,0,0,4,1,1,2,2,0,4,1,0,1,4
407,1,3,3,4,0,2,0,0,1,4,0,1,2,0,1,3,0,3
408,3,1,3,2,0,3,1,0,3,3,0,4,2,0,3,0,0,0
409,1,4,1,1,0,1,0,1,1,4,2,2,2,0,3,1,0,1
410,0,0,4,0,0,0,0,4,0,3,3,1,0,3,0,0,4,0
411,1,3,4,1,0,3,1,0,1,3,1,3,2,0,2,1,0,0
412,1,3,4,2,0,2,0,1,2,3,3,2,2,1,2,0,2,2
413,4,3,3,3,0,0,4,4,3,3,1,4,4,0,4,1,2,3
414,1,2,1,1,1,4,0,1,4,1,1,1,3,1,2,0,1,2
415,0,4,0,0,3,0,0,0,0,3,3,4,0,3,2,0,4,0
416,2,4,2,1,0,3,0,0,4,1,4,3,3,1,2,2,4,2
417,1,1,1,0,0,2,0,0,3,2,4,1,3,0,1,2,0,3
418,0,4,0,0,1,2,0,0,0,3,2,3,0,4,1,0,3,1
419,2,2,1,1,0,0,0,0,0,1,0,1,2,0,3,0,0,1
420,0,2,4,1,3,1,0,0,4,2,1,3,2,4,2,2,3,3
421,3,4,1,4,2,3,3,4,3,2,1,3,2,2,2,0,4,1
422,0,2,1,0,0,2,0,0,0,1,4,2,1,4,1,0,0,2
423,0,4,3,0,0,1,0,0,4,3,0,3,3,0,3,3,0,0
424,0,4,0,0,0,0,0,0,1,1,3,2,0,0,0,0,1,0
425,0,2,0,0,2,1,0,0,0,2,3,2,1,2,2,2,3,0
426,4,1,3,1,3,2,0,1,1,4,1,1,1,1,2,4,1,3
427,0,4,4,4,0,0,0,0,0,2,1,4,4,0,4,2,0,2
428,4,3,2,0,0,2,0,0,1,2,0,3,2,0,2,2,0,1
429,0,3,4,0,0,0,0,0,4,2,4,2,2,1,1,0,0,0
430,4,1,1,1,0,2,0,0,1,2,0,1,2,0,2,3,0,4
431,0,4,0,0,0,4,0,0,0,3,2,4,2,0,4,3,0,2
432,1,2,4,0,4,1,0,0,0,1,4,1,1,4,2,2,1,3
433,1,2,1,1,0,4,1,1,1,4,4,4,2,1,2,1,4,3
434,1,3,1,4,0,4,3,0,1,4,4,4,2,4,3,3,1,3
435,4,1,2,0,0,3,0,0,4,1,2,2,2,0,2,1,1,1
436,0,1,0,2,0,3,0,0,4,1,0,4,1,0,2,1,0,4
437,0,0,0,0,0,0,0,0,0,4,4,4,0,0,0,0,4,0
438,4,3,1,0,0,1,0,0,0,4,1,1,2,1,1,1,1,2
439,0,2,0,0,1,0,0,0,0,2,2,2,0,1,0,0,2,0
440,1,4,3,1,0,1,0,0,2,2,4,4,4,0,4,0,0,0
441,1,3,2,2,1,2,0,4,0,4,1,3,1,1,3,3,4,2
442,0,3,0,0,1,0,0,4,0,1,2,3,0,3,0,0,2,0
443,4,1,1,0,0,0,0,0,2,1,1,2,2,0,4,1,0,1
444,4,1,3,4,1,3,1,2,4,4,1,4,4,1,1,4,0,0
445,0,4,0,0,0,0,0,4,0,2,2,1,0,1,1,0,2,0
446,0,3,0,0,0,0,4,0,0,4,2,3,1,2,1,0,2,0
447,0,3,3,0,1,4,0,1,4,3,3,3,1,2,4,1,4,4
448,1,1,4,3,4,2,1,0,2,1,1,2,2,2,1,2,1,2
449,3,4,0,3,1,1,0,0,0,2,3,2,4,3,1,4,2,4
450,1,1,2,0,0,1,0,2,2,2,1,2,2,1,1,1,4,1
451,3,2,4,0,4,4,4,2,3,1,4,3,0,3,4,1,4,4
452,4,4,0,0,4,4,4,4,4,4,4,4,0,1,4,0,3,0
453,1,1,2,1,0,1,0,0,1,4,3,1,2,3,4,1,3,2
454,0,4,4,0,4,1,0,1,4,4,2,2,0,3,3,0,2,1
455,2,4,0,0,0,0,0,0,0,4,2,2,4,0,4,0,3,0
456,0,4,0,0,0,0,0,0,0,2,3,3,1,4,2,0,4,0
457,3,2,1,0,0,4,0,0,0,3,1,3,1,1,1,2,1,3
458,0,0,0,0,0,0,0,0,4,3,1,3,0,1,0,0,1,1
459,0,3,2,0,0,0,0,0,1,3,4,3,4,4,3,4,0,3
461,4,3,4,0,0,0,0,0,0,2,4,2,0,0,4,2,0,3
462,4,1,2,3,0,2,0,0,2,2,4,4,4,0,3,1,0,4
463,3,3,4,4,0,3,0,0,1,3,0,4,2,0,4,4,0,2
464,0,3,0,0,0,3,4,2,3,2,1,1,3,3,3,1,2,1
465,0,2,4,1,1,0,0,4,1,2,2,1,0,3,1,1,2,0
466,3,3,2,3,0,2,0,0,0,1,4,4,1,4,2,1,0,4
467,1,3,0,0,1,2,0,0,4,2,2,1,3,1,3,1,1,0
468,0,2,3,1,1,1,0,4,0,3,4,2,2,1,2,3,4,2
469,1,4,3,0,0,0,0,0,4,3,1,4,1,0,2,1,0,2
470,0,3,0,0,1,0,0,0,0,1,2,1,1,4,4,0,1,1
471,1,4,1,1,4,3,0,0,2,2,2,4,3,4,4,4,1,1
472,0,4,0,0,0,0,0,0,0,1,3,2,0,1,1,0,4,0
473,0,4,1,0,1,3,0,3,0,2,3,2,0,1,0,0,2,0
474,1,4,4,3,0,4,2,3,1,3,2,3,1,3,2,1,1,0
475,1,1,2,4,0,1,0,4,3,4,4,4,4,1,4,4,2,1
476,0,4,0,0,0,0,0,0,0,3,3,2,0,0,0,0,2,0
477,4,3,1,3,0,1,2,1,2,4,3,4,4,1,1,4,0,4
478,1,1,1,2,4,3,0,4,0,2,2,1,4,1,2,1,4,1
479,0,1,4,0,0,0,0,3,1,2,2,2,0,3,1,1,1,2
480,1,4,2,2,0,1,0,1,4,4,1,2,2,2,2,0,1,4
481,0,4,1,4,2,1,0,4,4,2,1,4,1,4,1,4,2,2
482,0,0,4,0,0,0,0,0,0,2,2,3,1,1,4,0,1,0
483,1,1,1,0,1,0,0,0,4,2,0,3,4,0,1,0,0,1
484,1,1,0,3,0,4,0,0,2,1,0,4,1,0,3,3,0,3
485,3,4,4,4,0,4,0,4,4,3,0,4,3,0,2,1,4,2
486,2,1,1,3,0,1,0,0,0,3,0,1,2,0,3,2,0,4
487,0,1,0,0,0,0,0,4,0,3,3,3,4,1,0,0,2,0
488,0,3,0,0,4,1,0,0,0,3,3,3,0,1,0,0,2,0
489,1,1,1,3,1,4,0,0,2,2,4,3,2,4,3,0,0,1
490,0,1,0,1,0,2,0,0,0,1,1,2,3,0,2,0,0,1
491,0,4,1,1,1,1,0,1,1,3,3,4,0,0,2,0,1,0
492,4,1,2,0,0,2,0,0,0,4,1,4,3,0,2,2,0,3
493,0,4,0,0,0,0,0,1,0,3,2,1,0,1,4,0,3,0
494,0,4,1,1,0,1,0,0,4,2,1,3,2,0,1,1,4,1
495,0,4,0,0,2,0,0,0,0,2,3,3,0,0,4,0,1,0
496,0,4,0,0,0,1,0,0,4,2,4,2,0,1,4,4,2,4
497,0,2,1,0,0,1,0,1,4,3,2,3,0,2,1,0,3,0
498,0,4,4,4,1,4,0,0,0,4,4,4,1,3,4,4,1,4
499,0,0,0,0,0,0,0,1,0,2,3,1,0,1,0,0,1,4
500,0,2,0,1,1,3,0,0,4,3,1,1,3,1,3,4,2,2
501,0,1,1,0,1,2,1,1,3,1,1,2,3,4,2,0,0,0
502,0,4,0,3,1,4,0,0,2,3,3,3,1,0,3,2,2,3
503,1,3,4,2,2,2,0,2,2,3,3,3,1,1,2,3,2,2
504,3,2,1,3,4,4,0,0,2,2,3,2,2,1,3,2,1,2
505,2,0,3,4,2,0,0,4,4,1,1,1,1,1,2,1,2,2
506,0,1,1,1,1,1,0,0,0,3,2,3,2,4,1,0,1,0
507,0,3,2,0,4,0,0,0,0,2,4,2,3,0,1,3,4,2
508,2,4,4,0,4,4,0,4,1,2,2,4,1,2,3,3,4,4
509,2,3,1,4,0,1,0,0,3,3,0,4,3,0,3,2,0,2
510,2,1,2,0,0,2,0,0,3,1,4,1,1,4,1,4,2,1
511,0,2,4,0,1,0,0,1,1,2,2,3,0,3,1,0,1,0
512,0,1,0,0,2,0,0,1,0,3,3,3,0,4,1,0,1,0
513,1,3,3,1,0,0,0,0,0,2,0,2,1,0,3,3,0,1
514,0,4,4,0,0,0,0,0,0,3,2,2,0,2,4,0,4,0
515,1,2,1,1,4,0,0,0,0,3,4,3,1,0,0,4,4,2
516,0,2,1,0,1,0,0,0,0,2,2,2,0,2,4,0,4,4
517,0,2,0,0,0,0,0,0,0,2,3,2,3,0,4,1,0,1
518,2,2,2,0,0,4,0,3,1,3,3,2,3,3,3,4,0,2
519,0,0,0,0,0,1,0,0,1,0,0,1,1,0,3,0,0,0
520,1,1,2,2,0,2,0,1,4,1,1,3,4,0,3,3,0,1
521,1,4,1,1,3,2,0,0,0,4,4,2,2,1,1,2,2,1
522,0,2,1,0,3,0,0,4,0,2,4,3,0,1,4,1,3,0
523,0,1,0,0,3,0,0,0,0,2,2,2,0,2,0,0,4,0
524,0,2,4,0,4,0,0,0,1,4,1,3,1,4,1,1,4,1
525,0,1,4,0,0,4,0,0,1,4,4,2,1,0,2,1,0,1
526,4,3,1,1,0,2,4,0,3,4,4,3,3,1,2,1,4,1
527,0,2,0,0,0,0,0,0,0,4,4,4,0,4,1,0,4,0
528,0,0,0,0,0,0,0,0,0,2,4,3,0,4,0,0,1,0
529,1,4,3,0,0,2,0,1,0,3,2,2,1,4,2,3,1,1
530,0,3,1,0,0,4,0,0,0,1,3,4,3,0,1,3,0,0
531,1,1,0,3,0,0,0,4,4,4,4,3,3,1,3,3,4,1
532,1,4,3,4,0,1,4,1,4,4,0,4,3,4,3,1,0,0
533,0,1,0,0,0,0,0,3,0,2,4,4,0,1,3,0,3,4
534,0,4,1,0,0,0,0,0,0,4,0,4,0,0,3,3,0,4
535,2,1,3,3,0,1,0,0,0,1,4,1,2,0,4,1,0,4
536,0,4,0,0,0,0,0,0,0,1,0,2,1,0,0,0,0,0
537,0,4,0,0,0,0,0,1,0,1,3,2,0,3,0,0,2,0
538,4,2,4,4,0,3,0,0,4,2,0,3,3,0,2,1,0,4
539,1,2,1,4,4,4,0,0,1,1,4,1,4,4,2,3,4,1
540,4,1,1,2,0,2,0,0,0,1,3,1,3,1,1,2,1,1
541,0,4,0,0,4,0,0,0,0,3,3,3,0,3,4,0,4,0
542,2,4,4,0,0,1,0,0,0,3,3,3,4,4,4,0,1,3
543,0,1,1,4,0,3,0,0,0,2,2,1,0,1,1,1,0,0
544,1,1,3,4,0,3,0,0,3,3,3,2,4,0,1,2,0,2
545,4,2,1,4,4,4,0,0,3,2,3,4,2,1,4,0,0,0
546,1,1,4,0,0,1,0,0,0,4,0,4,1,4,3,4,0,0
547,4,3,0,1,2,1,0,1,0,1,1,3,3,0,4,0,0,1
548,0,3,4,0,4,4,0,4,3,3,4,4,4,3,3,4,3,4
549,0,1,0,1,0,3,1,1,3,1,1,3,1,0,1,0,0,0
550,0,4,4,0,4,0,0,4,4,4,3,4,4,4,4,1,1,4
551,0,4,1,0,1,0,0,1,4,1,3,2,0,4,1,0,2,0
552,1,3,0,0,1,1,0,0,2,2,1,2,2,1,1,3,1,3
553,0,3,4,0,0,1,0,0,0,2,1,3,2,0,3,0,2,0
554,2,3,2,1,0,4,0,0,1,4,1,1,3,4,2,0,0,0
555,0,3,0,0,1,2,0,1,1,2,4,2,0,3,2,0,4,0
556,0,4,1,0,4,1,0,1,3,2,3,2,0,4,3,0,1,0
557,4,1,1,0,0,0,0,4,1,3,1,1,0,2,1,0,2,0
558,1,3,1,1,0,0,0,0,0,2,0,1,2,0,1,1,0,0
559,0,2,4,4,0,2,0,0,0,2,0,3,3,1,1,1,0,1
560,4,4,4,1,0,2,0,0,3,4,4,4,1,1,2,3,0,4
561,1,3,3,1,3,4,0,4,2,3,4,3,2,4,4,1,0,1
562,1,1,1,1,1,2,0,0,0,1,1,1,4,0,3,1,1,2
563,0,2,3,0,0,1,0,0,0,2,3,2,4,1,4,0,1,0
564,1,4,0,0,3,2,1,0,2,1,1,2,3,4,2,0,2,4
565,0,2,1,4,0,1,0,0,4,1,4,3,3,0,1,4,0,1
566,1,1,4,2,0,1,0,0,0,3,1,3,1,0,1,2,0,0
567,4,1,4,0,0,2,0,0,0,3,4,4,4,1,1,3,4,1
568,0,4,0,0,0,1,0,0,0,3,3,3,4,4,4,0,4,0
569,1,4,3,1,0,4,0,0,0,3,1,3,3,0,2,3,0,0
570,0,4,0,0,2,0,0,0,0,3,3,2,0,1,0,0,3,0
571,4,2,1,0,0,0,0,1,0,4,4,4,4,1,1,4,4,2
572,0,2,1,4,0,4,0,0,0,4,4,4,3,2,3,3,1,3
573,0,3,1,0,3,0,0,4,0,4,4,4,3,4,4,0,4,4
574,1,1,1,2,0,2,0,4,0,1,2,2,3,3,1,2,2,1
575,0,3,4,0,0,3,0,3,3,2,1,2,3,1,3,1,4,1
576,0,2,4,3,1,3,4,4,4,1,3,2,4,1,3,1,2,2
577,4,2,0,0,0,0,0,0,0,2,1,2,0,0,3,1,0,0
578,4,1,1,0,0,0,0,0,0,1,2,2,2,1,2,2,3,1
579,0,0,0,0,0,0,0,1,0,1,2,2,0,3,0,0,1,0
580,0,4,0,0,0,4,0,4,0,2,4,4,0,3,1,1,4,3
581,0,2,0,0,0,0,0,0,0,2,2,3,0,0,0,0,4,0
582,0,1,1,1,0,1,0,0,0,2,1,2,2,4,1,1,1,4
583,0,1,0,0,0,0,0,0,0,2,2,2,0,1,0,0,1,0
584,0,4,2,0,0,1,0,0,3,2,4,3,1,4,3,1,3,4
585,1,3,3,2,0,1,0,0,0,1,1,4,3,0,4,4,0,0
586,1,3,3,1,0,3,0,1,2,1,1,4,3,0,1,3,0,4
587,4,2,3,4,0,4,0,0,0,1,4,3,1,0,4,4,4,0
588,2,2,3,3,2,4,0,0,0,1,2,3,3,1,1,3,3,3
589,4,2,2,1,0,1,0,1,0,1,1,1,4,1,2,3,1,4
590,0,3,1,0,0,1,0,0,0,2,4,4,2,4,4,0,0,0
591,0,4,0,0,1,4,0,0,0,2,2,3,1,1,1,0,1,0
592,0,4,3,0,0,0,0,0,0,1,3,2,4,4,3,0,4,0
593,0,4,3,1,0,4,0,0,2,2,0,1,2,0,1,1,0,3
594,4,3,2,2,0,4,4,4,2,1,4,2,3,0,2,1,4,1
595,0,1,4,0,0,1,0,0,0,1,0,2,3,1,1,0,0,4
596,4,2,3,0,0,4,0,0,2,3,0,2,4,0,1,3,0,0
597,2,3,4,0,0,0,0,0,1,2,1,2,3,0,2,2,0,1
598,1,3,4,0,0,3,0,0,0,1,2,4,1,0,1,0,0,0
599,0,3,1,0,4,2,0,0,0,1,1,1,0,4,4,1,1,2
600,0,3,4,0,3,1,0,4,4,3,4,4,0,3,4,4,1,0
601,4,3,3,0,0,3,0,0,4,4,0,4,4,0,1,2,0,0
602,3,0,4,3,0,1,0,0,0,3,0,4,4,0,4,1,0,4
603,1,1,1,0,0,4,0,0,0,1,3,2,4,1,2,4,4,4
604,1,4,1,1,0,1,0,0,3,2,1,1,1,0,2,4,4,2
605,0,3,0,0,4,0,0,0,0,1,1,3,0,4,0,0,1,0
606,1,1,4,2,0,2,0,1,1,1,1,1,1,0,1,2,0,1
607,0,3,2,4,0,1,0,0,0,2,1,1,1,4,4,4,4,1
608,2,4,3,0,3,1,0,1,1,2,4,2,2,4,2,3,3,3
609,0,0,0,0,1,0,0,3,0,4,4,4,0,3,1,0,2,0
610,4,0,0,1,0,0,0,0,0,3,0,2,4,0,3,0,0,0
611,0,1,2,0,0,2,0,0,0,1,3,1,2,0,4,4,0,4
612,0,1,3,1,0,3,0,0,1,2,4,1,1,0,3,4,4,1
613,0,3,1,0,1,4,0,4,1,2,3,3,2,1,3,1,4,0
614,1,1,2,1,0,1,0,0,3,4,4,1,1,0,1,3,0,3
615,3,4,2,4,0,0,0,0,1,4,4,3,2,1,2,1,0,1
616,0,4,0,0,2,4,4,3,0,4,3,2,4,2,0,0,3,0
617,0,1,3,4,0,2,0,4,4,1,2,2,3,1,4,2,1,1
618,1,3,3,1,1,3,0,0,3,4,1,4,2,4,2,3,0,1
619,0,3,0,0,4,0,0,0,1,1,3,2,0,3,0,0,2,1
620,0,3,2,0,0,2,0,0,1,2,0,2,3,0,1,2,0,3
621,0,1,0,0,1,0,0,4,0,4,2,3,0,1,0,0,1,0
622,1,1,1,1,0,1,0,1,2,1,4,1,1,4,1,3,1,2
623,0,4,0,0,1,4,3,2,2,1,4,3,0,3,2,0,3,0
624,0,1,0,0,1,0,0,0,0,2,2,2,0,1,1,0,3,0
625,1,2,1,0,0,1,0,0,0,1,4,3,4,0,4,2,0,3
626,0,1,0,0,4,1,0,2,0,3,3,2,0,1,3,0,4,0
627,4,2,0,0,0,4,0,0,1,2,1,3,3,0,4,4,1,1
628,0,3,0,0,1,0,0,0,4,3,2,3,0,2,4,4,3,1
629,0,1,0,0,2,0,0,2,0,3,2,3,4,2,1,3,1,0
630,1,2,3,0,0,1,0,0,1,1,0,3,4,0,3,4,0,2
631,1,1,4,0,0,2,4,0,3,2,1,1,3,0,4,1,0,3
632,0,3,0,0,4,3,0,0,4,3,0,3,0,0,4,3,0,2
633,4,2,1,0,3,4,0,0,0,4,2,4,2,2,2,0,1,0
634,0,3,1,4,0,1,0,0,1,4,0,2,1,0,4,0,0,0
635,2,1,1,3,0,3,0,0,1,1,1,1,4,0,1,1,1,4
636,4,4,0,0,1,1,0,0,1,3,1,1,1,1,4,1,1,3
637,0,4,0,4,4,4,0,0,1,3,3,4,4,1,4,3,1,3
638,1,1,1,0,0,4,0,1,0,4,3,4,3,1,3,1,3,3
639,4,4,4,3,0,4,0,0,3,4,2,4,3,0,4,4,4,0
640,4,3,3,2,0,1,0,0,0,4,1,1,1,1,3,2,3,2
641,1,4,3,3,0,4,0,0,0,2,1,3,2,2,1,3,2,0
642,0,4,1,1,0,1,0,0,1,3,1,4,1,0,3,0,0,2
643,1,2,1,0,0,0,0,0,0,2,1,3,4,1,1,2,0,1
644,4,2,2,0,2,2,0,0,0,3,3,4,3,1,4,4,3,3
645,2,1,1,2,0,4,0,1,2,3,4,2,1,4,2,4,0,3
646,0,3,0,0,3,0,0,4,1,2,1,2,0,1,0,0,3,1
647,0,2,0,0,1,0,0,0,0,3,3,3,0,1,0,4,2,4
648,1,4,4,1,0,2,0,0,0,2,4,3,2,0,4,4,0,2
649,0,1,1,0,0,1,1,0,2,1,0,1,1,0,1,4,0,0
650,0,4,4,0,4,4,0,4,0,3,3,4,0,4,0,0,3,0
651,1,1,2,1,0,1,0,0,2,3,0,2,2,0,2,4,0,2
652,0,3,2,0,0,4,0,0,0,1,3,4,2,0,3,1,0,1
653,0,2,0,0,4,1,0,3,1,3,4,2,0,1,4,0,4,0
654,4,3,0,1,0,1,0,0,1,2,3,4,1,0,4,2,1,0
655,0,3,1,0,2,0,0,0,0,3,2,3,0,3,0,0,4,0
656,4,4,2,2,4,3,4,0,4,3,0,1,2,0,1,4,0,4
657,1,2,2,4,0,4,0,0,1,2,1,1,3,1,1,3,1,1
658,0,3,1,0,0,2,0,0,0,2,4,3,4,2,1,1,4,1
659,0,1,0,0,4,0,0,0,0,3,2,3,0,1,0,0,2,0
660,0,3,0,0,4,0,0,0,0,2,2,3,0,4,0,0,1,0
661,1,4,1,1,0,4,4,4,4,2,2,2,2,1,2,0,4,2
662,0,2,0,0,1,0,0,4,0,1,4,1,0,2,0,0,2,4
663,0,0,0,0,1,0,0,0,0,1,1,3,0,0,0,0,2,0
664,0,4,1,4,0,4,0,0,1,1,4,1,1,0,2,0,0,1
665,0,4,0,0,1,0,0,1,0,2,2,3,1,3,2,0,1,4
666,0,3,0,0,1,0,0,0,0,3,2,2,0,4,0,0,3,0
667,0,4,0,0,4,1,0,0,0,1,3,2,4,2,4,1,4,0
668,0,2,0,0,4,0,0,0,1,4,2,4,0,3,0,0,4,0
669,4,1,3,2,0,2,0,0,0,2,1,2,1,4,1,2,0,3
670,0,3,2,1,4,3,0,0,1,2,2,2,3,0,2,4,0,4
671,0,4,0,0,4,2,0,0,4,2,2,3,4,2,1,4,3,0
672,4,2,2,0,0,1,0,0,0,3,4,2,1,0,4,3,0,3
673,0,2,2,0,0,1,0,0,1,2,0,2,3,0,2,2,0,1
674,3,1,2,1,0,1,0,0,2,2,4,3,2,0,2,1,0,3
675,0,2,0,0,4,0,0,1,1,2,1,3,4,4,1,1,2,0
676,2,3,3,2,0,3,0,0,4,3,4,3,1,0,4,1,0,0
677,4,2,0,0,1,0,0,2,1,3,2,1,1,3,2,0,2,0
678,0,4,0,0,0,0,0,3,0,2,3,2,4,4,0,0,3,0
679,0,3,0,0,4,0,0,0,0,2,3,3,0,0,0,0,1,0
680,0,1,0,4,0,4,2,4,1,2,2,3,0,1,3,0,3,0
681,1,3,4,0,0,1,0,0,4,2,4,2,3,0,3,0,0,1
682,0,4,4,0,4,0,0,0,0,2,2,1,0,4,0,0,2,0
683,0,2,1,0,2,0,0,0,0,1,2,1,0,1,1,0,4,1
684,0,1,4,4,0,4,0,0,0,4,0,2,0,0,1,0,0,0
685,0,1,0,0,1,1,0,0,0,2,2,3,0,1,0,4,2,0
686,3,2,1,0,0,4,0,0,2,3,1,3,1,0,2,0,1,4
687,0,2,1,0,0,1,0,0,1,1,1,1,4,0,1,1,0,1
688,0,3,0,0,4,1,0,0,0,4,4,3,0,4,4,0,4,4
689,4,2,1,0,0,4,0,0,3,1,0,3,1,4,1,2,0,2
690,4,3,2,4,0,1,4,0,2,2,2,2,2,1,1,4,0,1
691,3,3,4,1,0,4,0,0,2,2,1,3,4,4,4,1,2,0
692,4,3,1,1,4,4,0,2,4,4,2,1,4,3,4,4,1,0
693,2,4,3,4,4,3,0,0,4,2,4,1,2,1,3,3,2,3
694,2,3,1,4,1,1,1,0,0,3,4,3,3,1,1,3,1,1
695,0,3,2,0,0,1,0,0,0,4,2,1,4,0,3,1,0,4
696,4,1,1,0,0,4,0,0,0,3,0,2,4,4,2,1,0,0
697,3,3,2,0,0,3,0,4,4,3,0,4,1,0,1,4,0,4
698,2,3,1,1,0,2,0,0,0,1,0,1,1,0,4,3,0,2
699,0,4,0,0,4,0,0,0,2,2,2,3,1,0,1,1,4,0
700,0,2,4,0,1,0,0,0,0,3,1,2,0,0,0,1,2,0
701,4,3,2,1,1,1,0,0,1,4,3,4,4,0,2,2,0,4
702,0,4,4,0,2,2,0,0,0,2,2,3,1,1,1,0,3,0
703,1,4,3,2,0,1,0,0,0,3,4,1,3,4,2,3,0,3
704,3,2,3,2,1,1,0,0,2,1,4,2,4,0,1,4,0,3
705,0,2,0,0,1,0,0,0,0,1,1,2,0,1,4,0,1,4
706,0,4,1,0,0,0,0,0,0,4,2,4,4,1,2,4,4,4
707,1,2,2,2,0,1,0,0,0,4,4,2,1,0,1,2,2,3
708,0,3,2,1,1,1,0,0,0,3,2,1,4,3,4,2,1,1
709,0,1,0,4,0,4,0,0,0,3,2,2,1,0,1,1,1,1
710,0,3,4,4,2,2,0,0,3,3,3,4,1,4,1,0,4,4
711,0,2,1,2,0,1,0,0,3,1,0,3,4,4,3,2,0,1
712,2,3,2,0,0,2,0,0,0,3,4,4,3,0,1,1,4,4
713,3,3,1,2,0,1,0,0,4,1,0,3,4,0,1,3,0,2
714,0,4,4,0,4,1,0,0,0,3,4,3,2,2,4,0,4,0
715,4,3,3,0,0,2,0,0,0,4,1,1,2,1,1,4,1,1
716,0,1,4,0,1,4,0,0,0,4,3,4,3,4,2,1,3,1
717,4,1,2,1,0,1,0,0,4,4,0,2,2,4,1,2,0,3
718,1,3,1,4,0,2,0,0,3,3,4,4,1,0,3,4,4,3
719,0,3,1,0,1,0,0,3,1,3,4,4,0,3,1,0,4,0
720,0,1,4,0,1,0,0,4,0,3,1,1,0,1,2,0,3,4
721,0,3,0,0,0,0,0,2,1,0,2,4,0,2,1,0,4,3
722,0,4,0,0,4,0,0,0,0,2,2,3,0,1,4,0,4,4
723,1,1,2,0,1,4,0,1,3,3,2,1,1,1,2,1,2,1
724,0,0,0,0,1,1,0,0,0,3,4,4,0,4,0,0,0,0
725,0,0,0,0,0,0,0,4,0,2,2,3,0,4,4,0,4,0
726,0,1,0,0,1,0,0,0,0,1,4,4,0,4,1,0,4,0
727,0,1,3,0,0,2,0,4,4,3,4,1,3,1,2,4,2,3
728,4,4,2,0,0,1,0,0,2,1,4,1,4,4,3,0,0,4
729,4,4,0,0,0,3,0,0,0,2,1,2,4,0,1,1,1,4
730,0,1,3,1,4,1,0,3,4,3,3,2,1,4,2,2,3,0
731,0,3,4,0,4,0,0,2,0,2,4,3,0,4,4,0,1,0
732,4,1,3,1,0,2,0,0,3,3,0,4,1,0,3,4,0,1
733,2,1,3,1,4,4,0,1,2,3,1,3,2,2,2,1,4,4
734,0,3,0,0,2,0,0,2,0,4,3,4,4,3,4,4,4,4
735,1,2,3,0,0,1,0,0,0,2,1,3,2,1,3,2,2,3
736,0,3,3,1,0,0,0,0,1,3,1,2,2,0,2,3,0,3
737,4,4,2,0,0,4,0,0,0,4,4,4,0,3,1,0,0,0
738,0,2,0,0,2,4,0,0,0,4,4,4,1,4,3,0,4,0
739,0,3,0,0,1,0,0,0,0,3,4,3,0,1,1,0,4,4
740,0,4,0,0,4,0,0,4,0,3,3,2,0,3,4,0,2,2
741,0,3,4,0,1,4,0,4,1,3,2,3,1,2,1,0,1,1
742,1,1,1,0,0,1,0,4,1,3,1,2,3,1,1,1,4,3
743,0,2,1,0,4,3,0,3,2,3,2,3,0,4,1,0,4,4
744,0,1,4,0,4,0,0,0,0,4,3,4,1,1,1,0,4,0
745,0,3,0,0,4,0,0,0,0,1,4,1,4,1,4,4,2,4
746,0,3,3,4,0,4,0,0,0,4,4,1,3,0,2,3,0,4
747,1,4,3,4,0,1,0,0,4,1,4,3,3,3,3,1,2,4
748,1,0,1,2,0,3,0,0,2,3,0,2,1,0,1,1,0,0
749,1,0,0,0,1,0,0,2,0,1,3,3,0,3,4,0,1,0
750,0,4,0,0,4,0,1,0,1,4,4,3,0,3,1,0,4,3
751,0,3,0,0,1,0,0,0,0,1,2,1,0,0,0,0,1,0
752,0,2,3,1,0,2,0,0,1,2,0,1,4,0,2,4,0,0
753,0,1,0,0,2,0,0,0,0,3,2,2,0,0,4,0,4,0
754,0,2,2,1,0,3,0,0,1,3,4,2,2,4,2,3,4,3
755,4,4,2,1,1,2,0,4,4,3,2,3,3,4,4,4,3,4
756,1,1,1,0,1,4,0,0,0,4,2,2,3,1,1,4,4,3
757,1,1,1,3,0,4,0,0,1,2,1,1,4,1,1,0,0,4
758,3,1,2,1,0,2,0,0,1,1,1,1,1,1,1,1,1,4
759,1,3,4,0,2,0,0,1,1,3,1,1,1,4,4,1,1,3
760,0,1,1,0,0,0,0,0,0,1,4,2,0,1,1,0,4,0
761,0,0,0,4,1,4,0,0,4,2,3,2,4,1,2,1,4,0
762,0,3,0,0,1,0,0,0,4,2,3,3,1,4,4,3,2,2
763,1,2,1,1,0,1,1,1,3,2,3,3,3,1,2,0,1,1
764,0,1,3,0,4,2,0,0,0,2,3,3,1,1,1,2,1,1
765,1,3,4,1,0,3,0,0,3,2,0,4,2,0,4,4,0,1
766,1,3,0,0,4,0,0,4,2,2,4,2,0,2,4,0,2,1
767,4,2,4,1,0,1,0,0,0,2,2,4,3,0,1,4,1,4
768,0,4,0,0,0,0,0,0,0,3,1,2,4,0,4,2,0,4
769,4,1,2,0,3,1,0,0,1,2,3,3,1,2,1,0,4,0
770,4,3,2,1,0,3,0,0,0,2,0,3,3,0,2,2,0,2
771,1,2,2,0,1,4,0,0,0,2,1,2,3,4,4,4,0,1
772,4,3,4,4,0,2,0,0,2,3,1,3,4,3,3,4,0,4
773,4,3,4,0,4,2,0,0,0,2,4,2,4,4,4,3,4,4
774,4,1,1,0,3,2,1,4,4,2,4,2,3,4,1,4,4,0
775,4,3,3,1,0,2,0,0,4,2,2,3,2,1,4,3,4,0
776,0,2,4,1,4,0,0,4,1,4,3,4,1,2,4,4,2,0
777,0,1,0,1,0,2,0,0,0,1,3,1,3,1,1,3,3,4
778,0,4,1,1,1,1,0,4,4,3,2,2,0,2,1,1,2,1
779,3,1,1,3,0,4,0,3,0,3,2,2,2,2,1,4,2,1
780,4,1,3,1,0,3,0,2,1,4,3,2,1,1,3,1,3,4
781,4,2,4,2,4,2,0,0,1,1,4,2,3,0,2,2,0,1
782,0,2,0,0,3,0,0,0,0,4,2,1,0,1,0,0,4,0
783,3,1,0,2,1,1,0,0,4,1,0,1,4,0,1,4,0,4
784,1,3,4,1,0,3,0,0,2,4,0,1,2,4,2,1,0,2
785,0,2,1,2,0,1,0,0,4,3,0,1,4,0,2,2,0,1
786,4,1,1,3,0,4,0,0,4,1,0,1,3,4,4,0,0,4
787,2,1,4,0,0,1,4,4,3,1,0,1,4,0,3,2,0,2
788,0,4,2,1,4,3,0,0,1,2,3,3,2,4,1,2,2,4
789,3,1,1,1,4,4,0,0,0,3,0,3,4,0,2,4,0,1
790,0,4,0,0,1,0,0,0,0,3,2,2,0,1,0,0,1,4
791,1,3,1,1,4,1,0,0,0,1,1,1,1,4,2,0,4,1
792,2,1,4,4,0,0,0,0,3,3,0,4,4,0,4,4,0,4
793,0,0,0,0,4,0,0,1,0,2,2,1,0,4,0,0,2,0
794,1,3,1,1,0,4,0,0,0,3,0,3,1,0,4,1,0,2
795,1,2,4,2,0,4,0,0,2,3,0,2,1,0,1,0,0,1
796,4,2,3,0,0,1,0,0,0,2,2,3,3,3,1,4,2,0
797,1,1,2,1,4,3,0,1,3,3,2,2,3,1,1,3,3,3
798,0,0,0,0,0,0,0,0,0,0,4,1,0,4,0,0,0,0
799,1,3,0,1,0,1,0,0,4,3,4,3,0,1,1,1,4,1
800,0,3,1,0,0,2,0,0,1,3,4,2,2,1,3,0,1,4
801,3,2,4,3,4,3,0,0,3,2,4,4,1,0,1,4,1,3
802,0,4,0,4,0,1,0,1,0,2,4,2,1,2,1,0,3,0
803,0,1,0,0,0,4,0,0,0,2,4,2,4,0,4,0,0,4
804,0,0,0,0,1,0,0,0,0,4,3,2,0,4,0,0,1,0
805,0,4,4,0,4,1,0,0,0,1,3,2,0,0,0,0,2,0
806,1,2,2,2,0,4,0,0,0,2,0,3,2,0,2,1,0,1
807,0,4,1,1,0,4,0,0,1,3,4,3,3,1,3,4,3,1
808,0,3,0,1,0,3,0,0,0,2,1,2,1,4,2,2,0,3
809,1,2,0,4,0,1,0,1,0,2,2,3,4,2,3,1,3,3
810,4,2,4,4,0,1,0,0,0,1,1,1,2,1,2,1,2,3
811,0,2,4,0,0,0,0,0,4,2,4,3,4,1,3,3,3,2
812,0,3,1,0,0,1,0,0,4,4,1,4,4,4,4,0,0,0
813,0,1,0,0,3,0,0,0,0,2,3,3,0,4,4,0,3,0
814,1,4,1,4,1,4,0,3,3,3,1,4,4,4,4,1,3,3
815,0,2,2,3,0,2,0,1,0,2,1,1,1,1,2,1,1,4
816,1,2,3,3,0,3,0,0,4,4,1,3,1,1,3,1,2,2
817,0,2,3,1,0,4,0,0,0,2,1,2,3,1,1,1,1,0
818,4,4,2,3,1,4,0,0,0,2,4,3,4,1,2,4,2,1
819,1,4,3,4,0,2,0,0,0,4,3,1,3,4,3,4,4,2
820,0,4,0,0,4,0,0,0,0,2,2,3,0,2,4,0,2,0
821,0,1,0,0,2,0,0,0,0,3,4,3,1,0,0,0,2,0
822,0,3,0,0,4,1,0,1,0,2,2,1,0,4,4,4,2,0
823,2,1,3,0,4,1,0,0,3,2,1,3,3,1,2,3,0,3
824,1,2,0,0,3,1,0,0,2,1,3,3,4,4,1,0,2,1
825,0,2,2,0,0,1,0,4,2,4,0,1,3,0,1,4,0,4
826,0,4,4,0,4,0,0,1,0,1,2,2,0,4,1,0,4,0
827,1,3,4,4,0,2,0,0,1,3,4,4,1,0,4,3,4,3
828,0,3,1,0,0,1,0,0,0,2,1,1,4,1,1,3,0,2
829,0,1,1,0,0,0,0,1,4,1,3,2,4,2,1,0,2,0
830,0,1,0,0,4,4,0,0,0,3,1,3,0,2,1,1,4,0
831,0,4,0,0,4,0,0,0,0,3,2,2,4,1,1,0,1,0
832,1,3,1,1,0,1,1,0,1,2,0,2,3,0,3,1,0,0
833,0,3,0,0,4,2,0,0,0,2,3,2,1,1,3,2,2,2
834,0,4,0,0,3,4,0,3,4,3,4,2,0,2,0,0,2,4
835,2,3,1,0,4,1,0,4,1,4,2,3,1,1,2,0,3,1
836,0,0,0,0,3,0,0,0,0,3,4,3,0,1,0,0,3,0
837,1,1,0,0,3,3,0,0,0,3,3,3,1,0,1,0,4,4
838,1,3,3,3,0,3,0,0,0,2,4,1,2,0,2,1,0,1
839,0,2,4,0,4,0,0,4,4,3,4,4,3,3,1,4,3,3
840,3,1,0,0,0,0,0,0,0,0,1,1,0,2,4,0,0,0
841,0,3,1,0,0,1,0,0,1,4,4,4,2,0,3,4,4,0
842,4,3,0,2,1,1,0,0,2,1,4,1,2,1,4,2,1,0
843,0,4,0,0,4,0,1,1,1,2,3,2,0,1,2,0,2,0
844,4,1,1,0,0,1,0,1,1,1,4,3,1,4,4,1,1,3
845,4,4,3,3,0,2,0,0,0,1,1,2,2,0,2,4,0,3
846,0,4,4,1,0,3,0,4,4,3,4,3,3,4,4,1,4,4
847,4,2,3,0,0,4,0,0,0,2,1,2,3,0,3,1,0,2
848,4,3,3,0,0,2,0,0,0,4,4,4,3,4,1,0,0,4
849,0,1,0,1,0,1,0,1,1,3,1,2,0,1,4,0,1,1
850,4,1,1,1,0,3,0,0,1,2,1,3,1,0,3,4,4,0
851,0,3,0,0,0,1,0,0,0,3,3,2,0,0,4,0,4,0
852,1,2,0,2,0,4,0,0,1,1,3,3,2,0,2,3,1,0
853,0,3,3,0,4,0,0,0,0,3,4,2,0,4,4,0,4,4
854,0,4,4,0,0,1,0,0,4,3,3,2,1,3,3,0,1,0
855,3,4,4,0,3,0,0,0,0,3,1,2,4,0,4,4,4,4
856,0,1,4,0,0,4,0,0,2,1,0,1,1,0,4,1,0,1
857,4,4,2,2,0,1,0,0,0,1,4,1,2,4,2,3,4,3
858,3,2,1,4,4,2,0,0,1,1,4,3,2,0,1,3,0,0
859,4,2,3,4,3,4,0,0,1,3,1,1,2,1,1,3,1,2
860,0,0,0,0,0,0,0,0,0,2,2,1,0,2,0,0,1,0
861,3,1,3,1,0,2,4,0,1,3,0,2,2,0,4,3,0,3
862,0,4,0,0,1,1,0,0,0,3,3,3,0,4,1,0,2,0
863,4,4,2,4,0,1,0,0,4,1,1,1,1,1,1,1,1,0
864,0,4,4,0,2,0,0,1,0,3,3,3,0,4,1,3,4,3
865,3,1,1,1,0,3,0,0,0,2,2,1,4,0,1,1,4,2
866,0,1,4,0,0,4,0,0,4,3,4,3,3,0,3,2,4,3
867,1,2,3,0,0,4,0,1,1,4,2,4,4,4,4,0,2,4
868,0,3,1,1,0,0,4,0,4,2,4,3,1,4,2,0,1,1
869,1,2,1,1,0,3,0,0,0,1,1,4,2,1,2,1,0,2
870,2,2,0,4,0,4,0,0,2,4,0,3,3,0,4,2,0,2
871,0,1,4,0,0,0,0,0,0,2,3,1,0,4,1,0,2,0
872,1,3,1,0,0,1,0,0,0,2,1,3,4,4,3,0,0,4
873,2,1,4,4,0,4,0,0,0,4,4,1,4,0,1,3,0,0
874,1,4,0,1,0,2,0,0,0,2,4,2,2,0,1,3,0,3
875,1,4,0,1,1,4,4,1,3,3,4,3,2,3,2,1,3,4
876,0,3,0,0,3,3,0,0,0,3,3,2,0,1,0,0,2,0
877,0,2,1,0,0,1,0,3,0,3,3,3,0,2,1,0,2,0
878,1,1,3,2,4,3,0,0,2,3,4,2,3,1,3,3,0,1
879,4,2,4,4,4,3,0,0,0,1,2,1,2,1,2,4,3,1
880,0,1,0,0,0,4,0,0,0,1,4,4,1,0,4,0,0,1
881,0,1,0,0,0,0,0,0,0,1,4,3,0,0,0,0,1,0
882,4,2,1,1,0,1,0,0,2,4,0,3,1,0,3,2,0,2
883,1,3,1,1,0,3,0,0,1,4,0,2,3,1,1,2,0,1
884,1,2,2,2,2,1,0,0,4,3,2,4,3,4,4,1,0,0
885,0,2,3,0,4,1,0,0,3,2,4,4,4,0,4,2,4,4
886,1,2,1,1,1,2,0,1,0,1,1,1,2,1,1,1,2,1
887,1,1,2,1,0,1,0,4,4,2,4,3,3,2,1,0,2,4
888,0,4,1,1,0,4,0,1,2,2,2,2,0,3,3,0,2,1
889,4,2,2,1,4,0,0,4,0,2,4,2,1,3,2,0,4,0
890,1,3,0,1,0,0,0,0,4,3,1,1,3,0,2,3,0,1
891,0,1,0,0,0,0,0,1,0,3,2,3,4,4,1,0,3,4
892,0,1,0,0,0,0,0,1,4,3,4,4,0,4,0,0,2,0
893,0,2,1,0,0,0,0,0,0,2,3,2,3,0,4,2,0,3
894,1,2,3,4,0,2,0,4,1,4,2,3,2,4,1,4,3,0
895,4,4,4,0,0,1,0,0,2,2,1,3,4,0,4,4,2,1
896,0,0,0,0,1,0,0,0,0,1,2,2,0,4,4,0,3,0
897,1,3,3,4,0,2,0,0,4,4,0,4,2,0,2,1,0,4
898,4,3,1,0,0,4,0,0,0,2,4,2,4,4,4,3,3,0
899,2,4,4,2,0,3,0,0,0,1,0,2,2,0,1,3,0,3
900,0,1,0,0,2,0,0,0,0,2,3,3,1,1,1,0,2,0
901,0,3,0,0,1,0,0,0,4,1,1,3,0,0,1,0,4,0
902,0,2,0,0,4,0,0,0,0,4,4,3,0,0,0,0,0,0
903,0,4,3,4,1,3,1,0,3,4,2,2,4,4,2,2,2,1
904,0,3,3,1,0,2,0,0,0,2,1,2,3,0,2,0,0,4
906,0,1,4,1,4,4,0,1,1,3,3,2,0,2,2,4,3,2
907,3,3,1,3,0,1,0,0,0,4,0,3,4,0,4,1,0,4
908,0,0,0,0,4,0,0,2,4,3,4,3,0,4,0,0,1,1
909,0,4,0,0,1,1,0,1,0,2,3,3,0,2,4,0,2,2
910,0,0,1,0,0,0,0,0,0,3,1,2,0,1,4,0,3,0
911,4,2,4,4,4,2,0,4,4,1,4,4,3,4,1,4,4,3
912,0,4,2,3,0,3,0,4,0,3,2,1,3,4,4,4,4,3
913,1,2,3,4,0,4,0,0,0,3,1,1,2,0,1,4,0,0
914,4,4,1,1,0,4,0,0,1,2,4,1,4,4,4,1,4,1
915,4,4,4,0,1,4,0,0,0,1,2,2,2,1,2,3,1,0
916,0,4,4,1,0,2,0,0,1,1,0,2,3,0,4,1,0,2
917,0,1,0,0,4,0,0,0,0,3,4,3,0,2,0,0,4,0
918,1,2,4,0,2,3,0,1,0,3,2,2,4,3,2,4,4,0
919,3,2,2,1,0,1,0,0,0,1,3,2,1,0,3,1,1,4
920,0,2,1,1,0,1,0,0,0,1,2,2,4,0,2,1,1,4
921,0,2,4,0,3,1,0,4,0,2,2,2,0,3,1,0,1,0
922,0,2,0,0,1,0,0,4,0,4,4,2,0,4,1,0,1,0
923,1,3,1,1,0,2,0,0,0,2,0,2,0,0,3,0,0,4
924,1,1,1,0,0,3,0,0,2,4,0,4,1,0,4,3,0,1
925,1,2,4,1,4,2,0,0,0,2,4,2,4,4,1,1,0,4
926,0,4,0,0,0,0,0,4,4,3,4,3,0,1,0,0,2,0
927,3,3,1,0,1,4,0,0,4,3,1,3,4,4,1,3,4,0
928,1,1,3,4,3,1,0,0,1,3,3,3,3,3,3,4,4,2
929,1,4,4,3,0,3,0,0,0,4,1,4,1,0,2,2,1,2
930,0,1,0,0,1,4,1,1,1,2,3,2,0,2,4,0,2,0
931,4,1,1,0,0,1,0,0,1,3,1,4,2,0,3,4,1,1
932,0,4,0,0,4,4,0,0,0,1,4,2,0,4,4,0,2,0
933,0,1,2,0,0,0,0,0,0,3,2,3,1,4,2,0,2,0
934,4,1,1,1,3,1,4,1,1,1,2,3,2,3,3,2,2,1
935,0,3,3,0,0,3,0,0,4,4,4,2,4,4,4,3,0,4
936,1,3,1,0,0,1,0,0,4,1,0,3,1,0,3,1,0,1
937,4,3,4,1,0,4,0,1,3,4,1,3,0,4,2,1,3,3
938,0,1,0,0,4,0,0,0,0,4,2,4,0,1,1,0,2,0
939,0,2,1,1,0,4,0,4,1,2,1,3,3,4,3,1,4,4
940,0,4,4,0,4,1,0,4,3,4,4,4,0,4,4,0,4,4
941,1,3,0,1,0,4,0,0,4,3,2,3,1,1,3,1,3,4
942,0,3,0,0,1,0,0,0,0,3,3,4,0,4,1,0,1,0
943,1,3,3,0,3,3,1,2,3,2,2,1,3,2,4,2,1,2
944,0,3,4,3,0,1,0,0,0,2,2,2,2,0,3,1,3,2
945,0,4,0,0,1,0,0,2,0,2,1,2,1,4,4,0,3,3
946,3,2,2,0,0,1,0,0,0,4,1,4,2,1,2,4,4,0
947,4,3,4,1,1,4,0,0,0,4,3,1,3,4,1,2,0,4
948,0,1,0,0,0,1,0,0,0,1,0,2,2,0,1,2,0,1
949,1,1,2,0,0,1,0,0,3,1,0,4,1,0,1,1,0,3
950,0,4,0,0,0,0,0,2,0,4,2,3,4,4,1,0,1,4
951,0,2,2,0,4,1,0,0,4,2,4,4,0,4,2,0,1,1
952,2,1,3,1,0,2,0,0,0,2,1,3,3,1,4,4,1,2
953,2,1,1,0,0,4,0,4,1,4,1,4,1,4,2,3,1,4
954,0,4,3,0,0,3,0,0,1,1,4,2,4,0,2,1,0,1
955,3,3,1,2,1,4,0,0,0,4,4,3,2,2,2,2,2,3
956,0,4,0,0,4,1,0,0,0,4,4,3,0,1,1,0,2,0
957,4,2,3,4,0,1,0,0,4,4,4,4,4,4,2,4,0,4
958,3,2,0,1,0,1,0,0,3,3,1,2,1,0,2,4,1,4
959,4,1,2,1,0,2,0,0,3,2,1,3,4,0,1,4,0,2
960,0,1,1,0,0,1,0,0,0,2,1,2,1,4,4,2,1,1
961,0,4,0,0,1,2,0,1,0,4,2,2,1,3,1,0,2,1
962,1,4,3,2,0,4,0,0,1,2,0,3,3,0,1,3,0,4
963,4,2,1,1,4,4,0,1,4,4,3,2,1,4,3,2,4,3
964,0,1,0,0,2,1,3,1,1,1,2,1,0,3,2,0,2,0
965,2,4,2,1,1,4,0,0,1,3,2,3,2,1,4,2,4,3
966,1,1,3,0,0,4,0,0,0,2,4,3,2,0,3,3,4,1
967,0,0,0,0,0,0,0,0,0,2,1,2,0,3,0,0,1,0
968,4,1,3,0,0,0,0,3,2,2,3,2,1,3,2,2,2,0
969,1,2,1,1,4,2,0,4,4,1,3,2,0,1,1,0,1,0
970,0,3,0,0,0,0,0,0,0,2,3,3,0,0,0,0,0,0
971,4,3,3,1,0,1,0,0,0,1,2,2,2,1,4,0,1,0
972,4,3,2,4,0,2,0,4,0,3,4,3,2,1,1,1,4,4
973,4,4,1,0,0,3,0,0,1,2,1,1,3,0,4,2,4,1
974,0,2,3,1,0,2,0,0,2,3,1,4,2,0,1,0,0,0
975,0,1,4,2,4,0,0,0,4,1,4,3,3,1,4,0,1,0
976,0,0,0,0,1,0,0,0,0,1,3,2,0,0,1,0,4,0
977,0,3,2,2,4,1,0,0,0,4,4,4,2,0,2,3,3,0
978,4,3,4,3,2,3,1,0,1,1,4,4,3,4,3,3,4,3
979,0,0,0,0,2,0,0,0,4,3,3,3,0,1,4,0,3,0
980,0,1,1,1,0,1,0,0,0,3,2,4,2,4,4,0,1,0
981,0,4,0,0,1,1,4,4,3,3,3,2,0,1,1,0,4,2
982,4,2,2,1,0,0,0,0,0,4,4,4,1,0,4,1,0,1
983,0,3,1,0,1,0,0,0,4,1,3,3,2,3,4,1,4,0
984,1,2,4,2,0,1,0,0,0,2,0,4,2,0,2,3,0,2
986,4,1,2,2,4,3,0,1,1,3,2,2,3,1,3,1,4,4
987,0,3,0,0,4,0,0,0,0,4,3,4,0,4,0,0,1,0
988,0,4,1,0,2,1,0,4,0,4,4,2,0,1,4,0,2,0
989,0,1,1,0,0,0,0,0,0,1,4,2,1,2,1,0,0,0
990,4,4,4,2,0,1,0,0,4,1,0,4,4,0,4,4,0,1
991,4,1,1,4,4,1,0,0,2,1,1,2,3,0,3,0,4,4
992,2,3,4,2,4,3,0,0,0,1,3,3,1,3,2,3,2,3
993,2,4,3,4,0,3,0,0,4,0,0,3,1,0,2,4,0,2
994,3,2,4,1,0,2,1,4,2,1,1,3,3,2,4,4,4,1
995,0,4,2,0,3,1,0,2,0,2,3,2,3,1,1,0,2,1
996,1,2,2,1,0,0,0,0,0,2,4,3,4,0,2,4,4,1
997,4,3,1,2,0,4,0,0,4,3,1,1,2,4,4,3,2,4
998,4,2,3,4,0,2,0,0,1,1,1,3,1,1,4,4,4,1
999,1,3,3,2,0,4,0,3,2,1,1,3,3,1,3,3,3,0
1000,0,1,1,0,3,0,0,0,0,2,2,1,0,3,1,0,3,0
1001,0,3,4,0,0,3,0,4,2,3,1,3,3,0,4,3,1,1
1002,2,4,4,4,0,2,0,1,1,1,2,2,1,3,3,4,1,4
1003,0,1,0,0,0,0,0,0,0,3,3,2,0,1,4,0,1,0
1004,1,2,4,0,0,4,0,3,0,4,3,3,2,1,2,3,4,3
1005,0,4,0,3,4,1,0,0,0,2,2,4,3,1,2,3,0,1
1006,0,4,0,0,4,4,0,1,0,2,1,1,4,1,4,0,4,0
1007,0,0,0,0,4,1,0,0,0,4,4,4,0,0,4,0,4,0
1008,0,4,1,3,0,3,0,0,0,4,0,1,3,0,3,0,0,0
1009,0,0,0,0,1,0,0,3,1,4,1,1,0,1,0,0,1,0
1010,0,3,0,0,2,4,0,1,0,2,3,2,0,2,0,1,2,0
1011,1,2,3,4,0,0,0,0,0,3,4,4,3,0,4,0,4,3
1012,0,1,0,0,4,0,0,0,0,1,1,4,0,2,4,0,4,0
1013,1,4,1,4,0,3,0,0,1,3,1,3,2,0,2,2,1,3
1014,1,4,1,2,0,4,0,0,4,1,4,4,2,0,3,1,4,0
1015,0,1,2,3,1,2,0,0,0,2,1,2,3,0,1,2,0,4
1016,4,2,4,0,2,4,0,0,0,1,3,2,4,1,2,0,1,0
1017,4,2,1,0,0,3,0,0,0,3,1,3,1,0,2,3,0,2
1018,2,1,0,4,0,1,0,0,4,1,4,4,2,4,4,2,0,1
1019,0,3,3,0,4,2,0,0,4,3,4,3,1,0,3,3,0,2
1020,4,4,0,4,0,3,0,0,4,4,1,4,0,0,4,1,0,0
1021,0,1,0,0,0,0,0,3,0,1,2,1,0,4,3,0,4,0
1022,1,1,1,0,0,1,1,0,4,2,4,3,2,0,2,3,0,4
1023,4,3,0,0,0,0,0,0,4,3,3,4,0,1,4,0,2,0
1024,0,3,0,0,1,2,4,2,4,4,3,4,2,3,1,4,4,0
1025,3,4,3,1,1,4,0,0,0,2,1,1,2,1,2,3,0,1
1026,1,1,3,3,0,2,0,0,3,3,1,3,1,4,1,1,1,0
1027,1,2,4,2,4,2,0,0,4,4,4,4,1,4,3,4,4,2
1028,1,4,4,0,0,4,0,0,0,4,4,4,1,1,3,4,1,0
1029,4,1,2,2,1,3,0,0,0,3,2,3,1,2,3,0,3,3
1030,0,3,3,0,0,3,0,0,0,3,4,2,4,4,1,0,4,0
1031,0,1,0,0,1,0,0,0,0,1,1,2,1,4,4,0,2,1
1032,4,4,3,3,0,2,0,0,0,2,4,4,4,0,3,1,0,1
1033,1,1,3,3,0,3,0,0,2,2,1,2,4,1,2,3,1,4
1034,0,3,0,0,4,0,0,0,0,3,3,3,0,4,0,0,1,0
1035,0,3,1,0,1,0,0,3,0,3,2,3,0,1,1,0,2,3
1036,0,1,3,1,0,2,0,0,4,2,3,2,2,0,4,0,1,3
1037,0,4,0,0,1,4,0,0,0,2,2,1,3,0,1,0,4,0
1038,4,4,3,3,0,0,0,3,3,2,4,1,4,4,4,1,0,4
1039,4,4,3,0,3,4,1,1,3,1,1,3,4,1,1,4,4,2
1040,4,4,3,4,3,4,0,4,4,4,4,4,3,4,4,3,4,4
1041,0,0,0,0,4,0,0,0,0,4,1,3,0,3,0,0,4,0
1042,4,4,4,0,1,2,0,1,0,4,4,3,2,3,3,4,3,0
1043,0,2,4,0,0,0,0,0,4,2,1,3,2,0,4,0,0,4
1044,0,1,2,3,0,3,0,0,0,3,1,4,4,1,2,1,0,2
1045,0,4,1,2,0,1,0,0,4,4,4,3,1,0,3,1,0,1
1046,4,2,1,1,0,3,0,0,0,3,4,3,3,1,1,1,4,4
1047,1,2,1,1,0,1,0,0,4,1,1,1,1,1,1,2,3,1
1048,0,4,0,0,0,1,0,2,0,3,3,3,0,4,1,0,2,0
1049,0,3,2,0,0,1,0,0,4,1,1,1,2,0,4,3,1,2
1050,0,4,0,0,0,0,0,0,4,2,3,3,0,0,1,0,2,0
1051,0,2,0,0,3,3,4,1,0,4,3,3,0,4,0,0,1,4
1052,0,1,2,0,0,1,0,1,0,3,3,2,1,4,1,0,2,0
1053,3,3,0,0,0,3,0,0,2,3,0,1,3,1,1,3,0,3
1054,0,2,0,0,1,0,0,0,0,2,4,3,0,4,3,0,2,0
1055,0,1,4,0,3,4,0,4,0,1,4,4,0,4,1,0,3,0
1056,1,1,0,1,2,1,0,2,0,4,1,3,1,1,4,3,1,1
1057,2,4,4,0,0,3,0,0,0,2,1,3,4,0,3,3,0,4
1058,4,1,1,0,0,2,0,0,0,2,1,2,3,0,3,3,4,2
1059,1,1,3,3,0,1,0,0,1,2,4,2,2,1,4,0,4,0
1060,0,4,4,1,0,4,0,0,0,1,3,3,2,1,4,0,3,1
1061,4,1,1,0,0,3,0,0,1,4,1,3,1,0,4,0,0,4
1062,0,3,4,0,0,2,0,0,0,4,2,2,3,0,2,4,1,3
1063,0,3,0,0,1,0,0,0,0,2,3,3,0,0,0,0,2,0
1064,0,2,4,0,3,1,0,0,1,4,2,2,0,4,0,0,4,0
1065,0,2,1,3,1,1,0,1,0,2,3,3,4,4,2,1,3,3
1066,0,2,4,3,0,2,0,0,0,3,0,3,1,0,2,1,0,1
1068,0,1,2,0,0,2,0,0,0,1,3,3,1,0,3,1,2,0
1069,3,4,2,3,0,1,0,0,4,1,1,1,4,4,2,4,0,2
1070,0,0,0,0,0,0,0,1,3,2,3,3,0,1,0,0,3,0
1071,0,4,1,0,0,1,0,0,0,3,4,3,4,0,3,3,0,1
1072,4,2,1,2,0,2,0,0,0,2,0,2,3,0,1,0,0,0
1073,4,1,3,3,1,2,0,0,4,3,3,2,4,4,1,1,0,1
1074,0,0,0,0,0,0,0,0,0,0,1,4,0,0,0,0,0,0
1075,0,3,1,0,0,0,0,0,0,3,0,1,1,4,4,0,0,4
1076,4,2,4,4,4,4,0,1,0,3,2,3,2,1,4,3,3,0
1077,0,2,2,0,0,2,0,4,4,2,1,4,2,1,1,4,1,4
1078,0,4,4,0,3,0,0,0,0,4,2,3,1,4,1,0,4,0
1079,0,0,1,1,1,2,0,0,0,4,2,2,1,1,2,2,2,2
1080,0,2,0,0,0,0,0,0,0,2,3,3,0,3,0,0,2,0
1081,0,2,0,0,1,1,0,0,0,3,2,2,1,2,0,0,1,0
1082,0,0,4,0,2,0,0,0,0,3,3,3,0,4,0,0,4,0
1083,0,1,0,0,0,0,0,0,0,4,4,3,0,1,4,0,1,4
1084,2,3,4,3,0,4,0,0,0,3,0,4,3,0,2,4,0,2
1085,2,2,3,4,0,3,0,1,2,3,4,3,4,1,2,3,0,3
1086,0,1,2,0,1,1,0,4,3,3,4,2,0,3,2,1,4,3
1087,4,2,4,1,0,4,0,0,0,3,0,4,4,0,3,1,0,3
1088,3,3,1,2,0,4,0,0,4,2,1,2,4,0,3,2,0,4
1089,0,2,0,0,0,0,0,0,1,2,1,3,0,0,1,0,4,0
1090,1,3,2,0,0,1,0,0,4,3,2,4,3,4,1,3,4,1
1091,0,4,3,2,4,4,0,0,0,2,4,3,2,4,4,2,0,1
1092,4,2,2,3,0,0,0,3,3,2,1,4,3,1,4,2,1,3
1094,3,2,4,0,0,3,0,0,0,3,0,2,1,0,2,4,0,0
1095,0,3,4,0,0,1,0,0,2,3,3,2,2,3,1,3,2,2
1096,0,3,4,0,0,4,0,0,4,1,4,4,0,4,3,0,4,0
1097,1,4,1,0,1,0,0,2,0,1,3,2,0,1,1,1,3,4
1098,1,1,3,2,3,1,0,1,0,2,1,2,4,4,2,4,3,4
1099,0,2,1,1,0,1,0,0,2,1,0,1,4,0,3,0,0,4
1100,4,3,2,0,0,0,0,0,0,3,4,3,2,0,3,0,4,1
1101,4,3,0,0,0,4,0,0,0,4,4,3,1,4,0,4,4,4
1102,0,4,0,0,0,0,0,0,0,3,1,3,0,0,0,0,4,0
1103,0,2,1,1,0,4,0,0,0,3,0,2,2,0,1,2,0,4
1104,1,2,1,1,0,1,0,0,4,1,1,1,2,0,4,3,4,3
1105,0,4,3,4,0,2,4,0,1,3,2,2,1,0,2,4,0,4
1106,0,3,0,0,1,0,1,1,1,3,2,3,0,2,0,0,2,0
1107,3,2,2,4,0,4,0,0,4,1,1,4,4,0,2,0,0,0
1108,4,3,3,2,0,0,0,0,0,1,4,4,1,0,3,4,4,1
1109,0,3,0,0,2,0,0,0,0,2,2,1,0,4,0,0,3,0
1110,1,1,0,4,0,0,0,0,0,2,0,1,1,0,1,1,0,1
1111,1,1,4,0,0,0,0,0,4,4,4,3,1,4,2,3,4,1
1112,0,4,0,0,2,0,0,0,0,3,3,2,0,2,0,0,4,0
1113,0,4,0,1,0,4,0,0,0,1,4,3,4,0,4,0,0,0
1114,0,3,0,0,1,1,0,0,1,2,2,2,4,3,4,0,2,3
1115,4,4,4,4,0,2,0,0,0,2,0,4,2,0,3,1,0,4
1116,0,4,0,0,0,1,0,0,0,4,3,4,0,2,0,0,4,0
1117,3,1,3,1,0,4,0,0,0,1,4,1,3,0,3,1,0,3
1118,4,4,4,4,3,4,0,1,4,2,2,3,4,3,4,4,2,0
1119,1,3,3,0,0,3,0,0,0,2,1,2,4,0,4,0,1,0
1120,0,2,4,0,3,0,1,1,0,3,3,3,0,2,0,0,1,0
1122,0,2,1,0,0,4,0,4,0,3,1,2,1,3,1,4,4,3
1123,1,1,1,1,3,4,0,4,0,2,3,3,2,1,1,1,1,2
1124,1,3,1,4,0,2,0,0,0,1,3,2,4,1,2,3,3,2
1125,0,1,1,0,0,4,0,4,0,1,1,1,4,4,2,2,3,0
1126,1,1,4,2,1,2,0,0,3,2,4,1,2,0,2,1,0,2
1127,2,3,4,1,0,1,0,1,1,4,1,2,4,1,1,1,4,0
1128,0,3,0,1,0,4,0,4,0,4,4,4,4,3,4,3,4,3
1129,1,1,3,0,0,3,0,0,1,2,0,4,4,0,1,2,0,3
1130,1,3,2,3,0,1,0,0,0,3,0,3,3,0,3,1,0,2
1131,4,3,2,0,0,0,0,3,3,2,4,3,4,1,1,2,3,2
1132,0,1,0,0,1,0,0,0,0,2,3,3,0,0,4,0,1,0
1133,1,2,1,1,0,0,0,0,0,4,4,4,2,0,2,1,0,0
1134,0,4,0,0,3,4,0,1,0,3,4,2,0,2,1,0,3,0
1135,0,2,4,0,0,4,0,0,0,4,1,1,3,0,3,2,0,1
1136,0,4,4,3,4,0,0,4,4,3,3,2,4,3,4,0,3,0
1137,1,3,4,0,4,3,4,0,4,2,4,4,2,3,4,3,3,2
1138,1,1,1,4,2,1,0,0,4,4,3,1,3,0,3,3,4,2
1139,0,3,4,0,1,4,0,0,4,2,0,2,1,0,1,3,4,3
1140,0,1,1,0,2,0,0,0,0,2,2,2,0,1,1,0,2,2
1141,0,4,4,1,4,4,0,4,0,2,1,2,4,1,3,4,2,0
1142,4,4,4,3,0,3,0,0,4,4,0,4,2,2,2,4,0,2
1143,0,1,4,0,1,0,0,0,0,3,1,1,0,2,0,0,4,1
1144,4,1,3,4,0,4,0,0,0,4,1,2,1,1,2,4,4,0
1145,0,0,0,0,0,0,0,0,0,2,1,3,0,4,0,0,1,0
1146,4,4,1,0,0,3,0,0,0,2,0,3,1,4,2,0,0,0
1147,3,1,4,2,0,1,0,0,0,4,0,3,3,0,2,2,0,1
1148,0,3,0,0,0,1,0,0,0,1,0,4,4,4,1,0,0,4
1149,0,1,4,0,4,3,0,0,0,1,2,4,0,4,4,0,4,0
1150,4,4,3,4,0,2,0,0,3,3,1,2,2,1,4,1,0,0
1151,3,4,4,1,0,0,0,0,0,4,1,1,1,0,3,4,0,1
1152,0,2,2,2,0,4,0,0,0,3,3,2,2,4,1,4,4,1
1153,2,2,2,4,0,1,0,0,0,1,3,2,4,0,4,2,0,4
1154,4,1,2,0,0,0,0,0,0,4,1,2,4,1,4,3,3,1
1155,1,0,1,0,0,3,0,1,3,2,1,1,4,0,3,2,0,1
1156,0,4,4,0,1,0,0,0,0,2,2,2,1,3,4,0,1,0
1157,2,1,1,2,0,2,0,0,3,3,4,4,3,0,2,3,0,2
1158,0,1,4,0,2,0,0,0,0,2,3,3,1,3,1,0,2,0
1159,0,1,1,4,3,0,0,0,0,3,2,3,0,3,0,0,4,0
1160,0,3,0,0,1,0,0,0,0,1,1,2,0,3,4,0,1,0
1161,4,3,4,1,1,0,0,0,0,4,1,2,4,4,1,3,1,1
1162,3,4,1,0,4,1,0,0,4,1,1,1,2,4,1,3,0,3
1163,0,1,1,4,0,1,0,0,4,2,1,2,2,0,1,2,4,1
1164,1,3,1,0,0,4,0,4,0,1,2,2,4,3,1,1,2,3
1165,0,2,1,1,1,1,0,0,0,2,3,2,1,1,4,0,3,0
1166,4,4,4,0,0,4,0,1,4,3,1,3,4,4,2,4,1,4
1167,0,3,1,1,0,1,0,0,0,2,0,4,1,0,3,0,0,0
1168,0,2,0,0,3,0,0,4,0,4,3,3,4,3,4,0,2,0
1169,4,1,1,0,3,0,0,3,4,3,2,2,0,1,0,0,1,3
1170,0,3,2,0,2,0,0,1,0,3,3,4,0,2,4,0,3,2
1172,0,4,2,4,0,2,0,0,4,2,4,4,4,2,4,3,4,2
1173,2,1,4,4,0,1,0,0,4,1,0,3,1,0,1,3,4,1
1174,0,4,0,0,1,0,0,2,0,4,4,3,0,4,4,0,4,0
1175,0,4,0,0,4,0,0,4,0,1,4,4,4,2,1,0,3,2
1176,4,2,4,1,0,1,0,0,4,2,4,4,2,4,4,4,4,3
1177,0,2,2,1,0,1,0,0,0,1,1,3,4,0,4,0,0,0
1178,2,2,2,1,0,2,0,0,3,1,4,2,3,1,2,2,4,1
1179,2,4,4,1,0,4,0,3,0,3,3,3,3,4,2,3,2,4
1180,0,4,0,0,1,1,0,2,3,4,4,4,0,3,2,0,1,0
1181,0,3,0,4,0,3,0,0,0,1,0,2,4,0,1,0,0,0
1182,0,3,4,0,4,0,0,1,0,1,1,3,0,2,0,0,2,3
1183,0,4,0,0,4,0,0,0,0,3,2,4,1,1,4,0,4,0
1184,0,4,0,0,4,1,1,4,4,4,3,4,4,4,1,4,2,0
1185,0,4,3,0,4,0,0,1,0,3,2,3,0,3,4,0,2,3
1186,0,4,1,0,2,3,0,0,0,1,1,2,1,2,1,1,3,1
1187,4,2,2,4,4,4,0,4,4,4,0,4,1,4,1,3,0,4
1188,0,4,0,0,0,0,0,0,0,1,4,4,0,4,4,0,1,0
1189,0,0,1,0,0,0,0,0,0,1,0,1,0,0,1,0,0,0
1190,0,1,1,0,1,0,0,0,0,1,2,1,0,1,0,0,2,3
1191,1,1,0,0,0,0,0,0,0,1,1,1,2,1,4,0,1,0
1192,0,2,4,0,4,2,0,1,4,3,1,2,4,4,4,0,4,4
1193,0,1,4,0,1,1,0,0,0,4,2,3,1,2,1,0,1,0
1194,0,1,1,4,4,2,0,0,0,1,1,1,3,1,3,3,2,1
1195,0,1,1,0,0,0,0,0,0,1,4,4,0,1,0,0,3,4
1196,4,2,1,0,4,0,0,0,0,1,4,2,0,1,4,0,4,1
1197,1,4,4,1,4,4,0,0,0,4,1,1,4,1,1,3,3,1
1198,0,4,0,0,3,0,0,0,0,4,1,2,0,2,0,0,1,0
1199,4,3,2,0,4,4,0,4,4,1,3,3,4,2,3,4,3,4
1200,1,2,3,4,2,3,0,2,1,1,4,1,2,1,1,0,4,0
1201,4,4,1,0,0,3,0,4,2,2,3,4,1,1,4,1,0,0
1202,0,4,1,0,1,0,0,0,0,2,3,2,0,3,1,0,2,0
1203,2,4,1,4,0,4,0,0,0,4,1,4,4,0,4,0,0,0
1204,0,2,4,0,1,0,0,3,1,2,1,2,0,3,4,0,1,0
1205,0,3,0,0,1,0,0,0,0,2,4,2,0,3,0,0,4,0
1206,0,3,0,0,3,2,0,2,1,3,4,4,0,4,0,0,3,2
1207,4,1,4,0,0,1,0,0,1,4,4,4,4,4,2,4,0,0
1209,4,1,4,0,3,2,0,4,3,2,4,1,2,3,2,3,4,1
1210,1,1,1,0,1,1,0,2,4,1,1,2,1,2,1,1,2,1
1211,0,4,1,3,0,3,0,4,1,1,1,1,1,1,3,2,3,3
1212,0,2,1,4,0,2,0,0,0,1,4,2,3,0,2,2,4,1
1213,0,2,0,0,0,0,0,0,0,2,3,2,0,2,3,0,4,0
1214,4,1,2,0,0,4,0,0,4,3,1,1,3,1,3,1,1,4
1215,0,4,3,0,4,0,0,0,1,3,2,2,2,4,3,2,0,4
1216,4,3,0,0,0,4,0,0,0,3,4,2,4,0,4,0,0,0
1217,0,3,0,0,4,1,0,0,1,1,3,2,4,3,4,0,4,0
1218,3,2,3,0,0,0,0,0,0,1,4,1,0,0,3,3,0,0
1219,4,1,4,3,0,4,0,0,4,3,1,3,2,0,3,3,0,3
1220,0,2,0,0,1,0,0,0,0,2,4,2,0,0,0,0,2,0
1221,3,4,2,0,0,3,0,0,0,2,1,4,4,4,4,0,0,3
1222,4,1,2,2,1,2,1,0,2,2,1,3,4,4,3,1,1,1
1223,0,4,0,0,4,0,0,2,0,4,1,1,0,1,4,4,1,4
1224,2,1,2,1,0,3,0,0,0,2,1,3,3,1,3,1,4,1
1225,0,4,1,0,0,2,1,0,0,2,1,2,0,3,1,1,3,4
1226,4,1,4,3,4,4,0,0,1,3,4,3,4,4,3,1,3,4
1227,0,3,4,0,0,4,0,4,4,3,3,4,3,4,4,0,2,4
1228,0,1,0,0,1,1,0,2,4,1,1,1,1,1,1,0,1,0
1229,1,2,3,0,0,2,0,1,2,4,1,2,1,2,1,0,3,2
1230,0,2,2,1,0,1,0,0,0,4,4,2,1,0,1,1,0,1
1231,0,1,0,0,1,3,0,2,1,2,2,2,0,4,2,0,1,0
1232,4,3,4,0,0,3,0,0,0,2,0,3,3,0,3,1,0,1
1233,1,1,2,0,0,1,0,0,3,4,0,4,4,0,3,0,0,1
1234,0,0,1,4,0,4,0,1,0,3,2,3,4,4,1,0,1,0
1235,0,2,4,4,0,3,0,0,1,2,4,3,1,1,1,3,0,1
1236,0,1,0,0,3,0,0,4,4,2,3,1,4,4,1,1,3,1
1237,1,4,2,0,4,4,0,2,4,3,3,3,0,4,1,0,1,0
1238,1,1,1,1,0,1,0,0,0,4,0,4,2,1,1,1,1,1
1239,0,4,0,0,0,4,0,2,0,3,1,2,0,2,0,0,1,0
1240,1,2,1,1,0,2,0,0,0,2,4,2,3,4,2,3,4,4
1241,1,4,0,0,2,3,0,4,0,2,1,3,2,3,4,0,1,3
1242,4,4,2,4,0,3,0,0,0,3,1,2,2,4,3,2,1,3
1243,1,2,2,0,0,1,0,0,0,4,4,1,1,0,4,1,4,4
1244,0,2,2,0,0,1,0,0,2,2,4,2,3,2,1,1,4,2
1245,4,1,3,2,0,1,0,0,1,1,0,3,2,0,2,0,0,4
1246,3,1,4,2,0,2,0,0,4,4,0,1,4,0,1,3,0,4
1247,2,1,0,1,0,0,0,0,0,3,4,4,0,3,1,0,4,0
1248,0,1,0,0,0,2,0,0,0,2,3,2,0,2,1,0,2,4
1249,0,0,0,0,1,0,0,0,0,4,2,2,0,1,1,0,2,0
1250,0,1,0,0,2,0,0,1,0,3,2,3,0,4,1,0,3,0
1251,0,3,0,0,1,0,1,0,1,3,1,1,0,3,4,0,3,4
1252,0,1,1,0,4,0,0,4,1,1,2,3,1,1,0,2,2,1
1253,0,2,0,0,0,1,0,0,0,1,2,2,0,0,0,0,3,0
1254,1,3,2,1,0,2,0,0,0,4,4,2,3,4,1,1,1,0
1255,4,4,4,4,0,2,0,0,0,2,1,2,1,1,2,3,1,4
1256,0,0,0,0,0,0,0,0,0,4,4,4,0,2,0,0,3,0
1257,4,2,1,0,0,3,0,0,4,3,4,3,4,4,2,0,4,0
1258,0,4,0,0,3,2,4,3,0,3,3,3,0,1,4,0,4,4
1259,3,2,3,4,0,4,0,0,0,4,0,2,3,0,4,3,0,0
1260,0,1,0,0,4,0,4,2,4,3,4,3,0,2,0,0,3,0
1261,0,2,0,0,4,0,0,1,1,2,1,3,1,1,4,0,1,0
1263,2,3,4,3,0,1,0,0,1,4,0,2,2,0,2,1,0,0
1264,4,2,2,4,1,4,0,0,0,1,2,2,1,4,2,1,2,4
1265,0,3,1,0,4,1,0,0,0,4,4,4,0,3,3,0,3,0
1266,2,2,2,3,0,4,0,4,0,3,4,3,1,4,4,1,4,1
1267,3,2,4,0,0,2,0,0,4,3,4,4,2,0,4,3,0,4
1268,0,2,2,0,0,1,0,0,0,2,1,1,2,1,1,0,0,0
1269,4,4,2,0,1,4,0,0,4,3,1,4,4,1,4,4,1,4
1270,0,3,1,0,1,4,0,0,0,3,3,3,0,1,1,0,0,0
1271,0,3,1,4,0,3,0,0,0,3,0,3,2,0,2,2,0,1
1272,2,3,0,0,1,3,0,0,4,1,4,1,2,4,2,4,0,3
1273,4,4,4,0,0,2,0,0,4,3,1,2,2,0,4,4,0,4
1274,1,2,1,4,0,1,0,0,0,2,1,3,1,1,2,1,0,0
1275,0,2,4,0,4,4,0,0,1,1,3,3,2,4,1,0,1,0
1276,0,3,0,0,1,0,0,0,0,1,2,3,0,3,4,0,2,0
1277,3,3,2,2,0,1,0,0,2,4,2,1,2,4,2,4,4,4
1278,0,0,0,0,0,0,0,0,0,3,3,3,0,4,1,0,3,0
1279,0,4,0,4,4,0,0,0,0,4,4,4,4,0,4,0,4,4
1280,0,1,4,0,4,0,0,4,0,3,2,2,1,3,4,0,2,3
1281,0,0,0,0,4,0,0,0,0,2,2,2,0,4,4,0,3,0
1282,3,3,4,1,0,1,0,3,0,4,2,4,3,1,2,1,2,0
1283,0,2,1,0,1,2,0,0,3,3,0,2,4,4,3,4,0,4
1284,0,1,3,1,0,2,0,0,1,3,1,1,2,4,1,4,4,1
1285,3,3,2,2,0,3,0,0,4,1,0,1,2,0,2,0,0,4
1286,0,0,0,0,3,0,0,0,0,3,3,4,0,4,0,0,3,0
1287,1,3,3,0,0,1,0,0,4,1,4,2,2,4,3,2,0,4
1288,0,2,4,0,0,0,0,0,4,4,0,4,4,0,4,2,1,0
1289,1,4,1,3,0,1,0,0,4,1,0,3,3,0,2,2,0,3
1290,1,4,4,0,4,3,0,0,0,3,1,3,2,0,4,1,0,4
1291,2,0,1,1,0,3,0,0,4,1,0,1,4,0,2,2,0,4
1292,4,3,2,2,0,4,0,0,0,1,3,4,4,2,4,2,2,2
1293,0,4,0,0,4,0,0,0,0,3,2,4,0,4,0,0,3,0
1294,0,1,3,0,0,0,0,0,0,3,4,2,3,0,1,4,0,0
1295,1,2,2,0,0,4,0,0,4,3,0,2,1,0,3,1,0,1
1296,1,3,1,0,0,0,0,4,3,2,4,1,3,0,1,2,0,3
1297,2,1,1,0,0,1,0,0,0,2,0,3,1,0,2,1,0,1
1298,0,4,3,0,0,4,0,4,3,2,4,2,4,0,1,1,1,4
1299,0,1,1,0,0,0,0,0,0,4,3,2,0,3,1,0,1,2
1300,0,3,4,0,1,1,0,4,0,4,3,2,0,3,4,4,1,0
1301,0,3,2,2,3,3,2,3,3,4,3,4,4,4,3,4,1,1
1302,1,2,2,1,0,1,0,0,0,3,4,1,1,4,2,2,0,3
1303,1,4,0,0,4,0,0,0,0,4,2,2,0,3,3,0,2,0
1304,0,2,3,0,0,4,0,1,0,1,3,2,0,2,3,1,2,4
1305,0,2,0,4,1,4,0,0,2,4,3,3,4,1,2,0,4,1
1306,0,4,1,0,3,1,0,2,1,2,1,2,0,2,4,0,2,0
1307,1,2,3,2,0,1,0,0,0,2,4,3,2,0,4,2,4,3
1308,4,2,4,1,0,1,0,0,4,1,4,4,1,4,1,2,4,2
1309,0,0,0,0,1,0,0,0,0,2,3,3,0,4,1,0,0,0
1310,0,2,2,1,1,3,0,0,3,1,4,2,3,1,1,1,3,2
1311,0,1,1,2,2,2,0,4,0,4,3,2,3,3,1,3,3,1
1312,0,2,1,2,4,4,0,3,0,3,4,4,1,1,1,1,1,0
1313,1,4,3,3,0,2,1,0,1,1,0,1,2,0,1,0,0,0
1314,0,2,4,0,3,4,0,4,0,3,2,3,0,4,4,0,3,0
1315,4,1,2,4,1,3,0,0,0,3,2,3,3,1,3,3,3,3
1316,4,2,3,0,0,3,0,0,0,1,0,2,2,0,4,2,0,2
1317,0,3,1,3,0,2,1,0,1,1,0,1,1,0,4,1,0,0
1318,0,0,0,0,0,4,0,1,0,1,4,3,0,3,4,0,3,0
1319,0,1,0,0,0,0,0,0,0,2,1,1,0,2,3,0,4,1
1320,0,0,0,0,2,1,0,0,0,3,2,3,0,3,3,0,4,0
1321,0,1,1,0,0,1,0,1,0,1,4,2,0,4,2,0,2,4
1322,0,1,0,0,2,0,0,0,0,3,3,4,0,2,4,0,4,3
1323,0,2,1,0,1,1,0,0,0,3,4,2,0,0,1,1,4,3
1324,0,4,0,0,4,1,0,4,0,2,3,2,4,1,2,0,1,0
1325,0,4,0,0,3,0,0,0,0,1,3,3,0,2,4,0,3,0
1326,0,3,0,0,1,1,0,2,0,4,3,2,0,3,0,0,2,0
1327,4,1,3,4,0,3,1,1,2,3,0,4,3,0,2,0,4,0
1328,0,2,4,0,0,0,0,4,0,3,4,2,0,4,4,1,1,0
1329,1,4,1,1,0,2,0,0,0,2,1,3,3,1,3,3,0,1
1331,1,1,4,0,2,0,0,0,0,2,2,2,0,1,0,0,1,0
1332,1,1,4,1,0,1,0,0,0,2,1,2,4,0,4,0,0,0
1333,0,4,0,0,3,0,0,1,0,4,3,4,0,4,0,0,4,0
1334,4,3,4,4,0,4,0,0,0,1,1,4,2,3,2,3,0,0
1335,0,4,2,4,4,2,0,0,0,2,0,3,1,4,3,0,0,0
1336,4,1,4,4,0,1,0,1,3,4,1,1,4,4,3,4,1,3
1337,0,2,4,0,1,4,0,0,1,2,2,2,0,3,4,4,2,0
1338,0,4,0,0,0,4,0,1,0,1,2,2,0,4,0,0,2,0
1339,0,1,0,0,0,0,0,1,0,0,4,1,0,4,1,0,4,0
1340,1,1,2,0,0,1,0,0,4,2,2,1,3,1,2,1,1,1
1341,4,2,4,4,0,4,0,0,4,2,4,3,2,4,4,3,0,0
1342,4,1,0,4,0,0,0,0,0,3,4,3,1,0,4,4,0,2
1343,0,2,3,1,1,3,0,4,4,3,1,2,4,1,3,3,0,4
1344,3,1,2,0,1,1,0,1,0,2,4,3,2,3,2,0,3,4
1345,0,3,4,0,0,4,0,0,4,2,4,1,4,0,4,4,4,2
1346,2,4,2,4,0,3,0,0,4,2,4,3,4,4,2,4,4,4
1347,3,2,2,0,0,3,0,0,1,2,0,2,1,0,2,4,0,1
1348,4,1,2,4,1,2,1,0,2,2,4,4,3,1,1,1,4,1
1349,1,3,1,4,0,3,0,0,0,4,4,2,1,4,3,1,4,1
1350,0,4,1,0,3,0,0,4,0,4,2,3,0,3,2,0,2,2
1351,0,3,1,0,0,0,0,2,0,2,3,3,0,2,4,1,2,0
1352,0,1,0,0,4,0,1,2,1,1,2,2,0,3,1,0,2,0
1353,0,3,4,0,0,3,0,0,0,3,4,4,1,0,3,1,3,1
1354,0,4,1,4,4,0,0,4,4,2,4,3,1,4,4,0,4,0
1355,4,1,2,0,0,2,0,0,2,4,4,2,1,0,3,1,4,2
1356,1,4,4,1,0,4,0,4,0,4,4,4,4,4,4,2,4,4
1357,0,1,0,0,0,3,4,2,0,1,3,3,1,2,1,0,4,0
1358,4,2,3,0,0,4,0,0,0,3,4,2,2,2,1,1,2,0
1359,0,3,2,0,0,2,0,0,0,3,4,1,4,0,4,0,2,0
1360,3,1,0,0,0,4,0,0,0,3,3,4,3,1,1,1,1,1
1361,1,4,1,0,0,0,0,0,2,1,0,1,1,0,4,0,0,0
1362,0,1,4,0,3,2,0,3,0,3,2,3,0,2,2,0,4,0
1363,0,1,0,0,0,0,0,0,0,3,4,4,1,3,2,3,2,4
1364,2,2,4,4,1,1,0,2,4,2,1,2,2,4,4,2,4,3
1365,2,2,2,3,0,2,0,0,1,3,4,3,2,0,2,4,4,1
1366,0,1,2,1,0,1,0,0,0,1,1,3,1,1,2,2,1,2
1367,3,1,1,0,0,4,0,0,0,1,0,1,3,0,1,4,0,1
1368,0,4,1,0,4,1,0,3,0,3,4,4,4,3,1,1,4,1
1369,0,4,4,0,0,0,0,0,0,4,4,2,4,3,1,0,4,0
1370,2,3,0,0,1,4,0,0,0,2,1,2,1,1,3,2,0,1
1371,0,0,0,0,4,0,0,0,0,1,4,4,0,1,0,0,4,0
1372,2,0,4,0,0,2,0,0,0,2,0,2,3,0,2,2,0,2
1373,0,4,0,0,3,0,0,4,4,4,2,3,4,2,4,0,3,0
1374,0,1,0,0,1,0,0,4,0,3,3,2,4,1,0,0,1,4
1375,4,1,4,1,0,4,0,0,1,4,1,4,1,4,1,2,4,2
1376,0,2,4,0,4,0,3,3,1,2,4,4,0,3,0,0,3,4
1377,4,3,2,0,1,3,0,0,1,2,2,3,3,4,4,4,4,4
1378,0,1,3,2,1,4,0,1,0,3,1,1,2,1,3,4,1,4
1380,0,4,0,0,0,4,0,0,0,3,1,4,3,0,1,3,1,0
1381,4,3,4,2,0,3,0,0,4,4,1,4,3,1,2,0,1,4
1382,4,1,1,2,0,1,0,0,1,3,3,2,4,3,1,1,2,2
1383,0,3,0,0,2,0,0,0,0,3,4,3,0,2,0,0,4,0
1384,0,1,4,0,4,4,0,1,0,2,2,2,4,3,4,0,3,1
1385,2,2,3,1,0,3,0,0,3,4,1,2,4,0,3,2,0,2
1386,0,4,0,0,0,0,0,4,0,4,4,4,0,4,4,0,0,0
1387,0,1,0,0,2,0,0,0,0,3,4,2,0,4,0,0,2,0
1388,1,4,4,0,4,1,0,0,4,1,2,4,4,4,3,1,3,2
1389,0,2,4,0,0,2,0,0,1,2,0,4,0,1,2,0,0,0
1390,0,4,0,0,0,0,0,1,0,1,4,3,0,2,1,0,3,0
1391,1,2,4,1,0,1,0,0,0,2,1,1,3,1,3,1,1,4
1392,0,4,0,0,2,0,0,0,0,4,1,1,0,2,0,0,2,0
1393,0,0,0,0,0,1,0,0,0,1,0,0,4,4,0,0,0,1
1394,2,4,4,4,0,4,0,0,0,4,1,4,4,0,1,3,0,0
1395,0,3,1,3,4,2,0,0,1,1,4,1,1,2,2,0,4,4
1396,1,3,0,1,1,4,0,0,0,3,4,4,4,4,4,1,1,4
1397,0,4,0,0,0,1,0,0,0,4,2,3,0,1,0,0,2,0
1398,0,2,1,0,2,3,0,3,4,2,2,2,0,2,1,0,2,4
1399,0,3,4,0,0,0,0,0,0,3,0,3,2,0,3,4,0,1
1400,0,3,0,0,0,4,0,0,0,3,1,4,0,1,0,0,2,0
1401,0,4,0,0,0,4,0,1,0,3,3,3,3,1,4,0,3,0
1402,1,3,0,0,0,0,0,0,0,3,2,2,1,4,4,4,4,0
1403,2,1,1,1,0,1,0,0,1,1,1,1,3,1,1,1,1,1
1404,0,4,0,0,4,1,0,0,4,3,3,2,1,2,0,0,3,2
1405,4,1,0,0,2,4,0,0,0,2,3,2,0,4,0,0,4,0
1406,2,4,3,4,0,1,0,0,3,1,0,4,1,0,3,3,0,2
1407,3,1,1,4,0,3,0,0,2,1,1,1,2,0,3,2,0,3
1408,1,1,4,2,0,1,0,0,3,3,1,1,2,1,2,1,0,4
1409,1,3,4,4,0,1,0,1,0,1,1,1,3,2,3,2,1,2
1410,0,0,0,0,2,0,0,0,4,4,4,4,0,3,0,0,4,1
1411,2,4,2,3,0,1,0,0,1,3,3,3,4,0,2,4,4,4
1412,0,4,2,0,1,3,0,1,1,4,4,3,0,4,4,0,1,4
1413,3,2,4,0,0,3,0,0,0,2,4,2,3,2,2,1,3,4
1414,0,4,1,0,0,0,0,0,0,2,2,3,0,3,1,1,4,1
1415,1,1,4,0,4,2,0,0,0,2,2,2,1,4,1,1,4,0
1416,0,4,0,0,4,4,0,4,0,1,2,3,0,0,0,0,4,0
1417,4,2,0,2,1,3,0,1,3,3,1,1,3,4,2,1,1,4
1418,0,1,2,0,0,1,3,2,2,2,3,2,4,1,2,3,2,0
1419,4,2,1,2,0,1,0,0,1,2,0,3,2,0,3,3,0,3
1420,4,4,2,4,0,3,0,0,0,2,3,4,4,4,3,2,2,1
1421,3,4,3,4,0,3,0,2,1,1,4,2,1,2,2,0,1,4
1422,4,1,2,0,1,1,0,0,1,3,4,3,3,1,3,1,4,4
1423,1,1,0,0,4,0,0,4,4,3,3,3,1,4,1,1,1,1
1424,0,3,4,0,0,1,0,0,0,1,4,4,3,1,1,2,4,1
1425,4,1,3,1,0,1,0,0,1,1,0,1,1,0,4,0,0,0
1426,3,3,1,2,0,2,0,0,3,1,4,1,4,4,1,2,4,1
1427,0,1,0,0,0,0,0,3,0,1,1,1,0,4,3,0,2,3
1428,0,4,1,0,1,2,0,2,0,3,2,3,0,4,4,0,3,1
1429,0,4,0,0,0,0,0,1,0,4,3,1,1,2,1,4,0,0
1430,0,2,4,3,0,4,0,1,4,3,1,2,4,0,1,4,0,0
1431,0,2,1,4,0,1,0,0,4,2,4,2,4,0,1,1,0,1
1432,0,4,1,0,1,0,0,4,4,3,3,3,0,3,1,0,4,0
1433,1,1,0,2,1,4,0,0,0,3,3,2,3,0,4,1,4,1
1434,1,1,2,1,0,3,0,0,0,3,1,3,4,3,1,2,1,3
1435,0,2,1,0,1,1,0,1,0,3,1,1,0,3,1,0,1,1
1436,1,2,4,0,0,1,0,0,0,2,2,2,4,4,1,0,3,4
1437,0,3,1,0,0,3,0,0,2,3,1,1,1,4,4,1,4,2
1438,3,3,2,4,0,3,0,0,1,3,3,4,1,2,1,2,3,1
1439,1,3,0,0,0,1,0,0,4,3,3,2,0,4,1,4,4,2
1440,1,2,1,4,1,1,0,4,0,2,3,3,3,2,1,4,3,4
1441,4,1,1,1,1,1,0,0,0,3,3,2,2,1,3,1,2,1
1442,1,2,3,0,0,0,1,1,0,3,0,2,1,0,3,1,0,4
1443,4,2,1,3,0,3,0,0,1,1,0,1,4,0,4,0,0,0
1444,0,1,1,0,3,4,0,2,0,4,2,2,0,3,0,0,2,0
1445,4,4,4,4,0,2,0,0,0,1,4,1,2,0,3,2,4,0
1446,1,1,4,0,0,1,0,0,1,3,0,4,4,0,4,2,0,1
1447,4,4,4,0,1,0,0,0,0,3,4,4,1,1,1,2,1,3
1448,0,4,4,0,2,0,4,1,1,3,1,2,0,2,3,0,3,0
1449,0,3,1,1,0,3,0,0,0,1,1,1,2,0,4,1,0,0
1450,1,4,3,3,0,3,0,0,2,2,0,4,4,0,3,2,0,3
1451,4,3,4,0,0,2,4,0,4,3,4,3,4,0,1,0,0,3
1452,0,2,3,4,3,4,0,4,4,2,3,3,2,2,3,4,3,4
1453,0,2,4,4,0,4,0,0,1,1,4,2,1,1,4,4,0,4
1454,0,2,1,1,0,2,0,0,4,2,3,2,2,4,2,2,4,2
1455,1,1,2,4,0,2,0,0,2,1,0,3,2,0,4,1,0,1
1456,0,3,1,0,0,0,0,0,0,1,3,3,4,2,3,2,2,1
1457,0,1,4,4,0,3,0,0,0,3,2,3,3,0,2,4,0,0
1458,4,4,4,3,0,1,0,0,0,4,1,2,1,0,4,3,0,3
1459,0,4,3,2,0,2,0,0,3,1,0,2,2,0,2,4,0,4
1460,0,4,4,4,4,3,0,4,3,3,3,3,2,2,2,0,1,0
1461,4,2,1,2,0,4,0,3,1,3,4,4,3,1,1,1,4,1
1462,1,3,3,0,0,4,0,0,4,2,1,3,2,0,2,3,0,3
1463,0,1,0,0,4,0,0,0,0,2,2,3,0,1,0,0,1,0
1464,0,4,4,0,0,1,0,0,1,3,4,4,4,4,1,0,4,0
1465,4,4,2,1,0,4,0,0,0,1,1,3,2,0,1,4,0,3
1466,0,3,1,0,1,0,0,0,0,3,2,2,0,1,1,0,2,1
1467,1,2,2,0,0,2,0,0,2,4,0,2,2,0,2,3,0,4
1468,0,4,0,0,0,0,0,0,0,2,2,2,0,2,0,0,2,0
1469,0,3,0,0,4,0,0,0,0,1,2,3,4,4,4,0,1,0
1470,4,1,1,3,4,1,0,0,0,1,4,3,3,4,3,1,1,1
1471,4,4,2,4,0,1,0,0,0,3,0,2,3,0,1,4,0,4
1472,3,3,3,0,4,3,0,0,0,3,1,2,2,0,4,0,4,0
1473,0,3,0,0,0,0,0,0,0,3,0,3,0,0,1,4,0,0
1474,0,4,0,0,0,0,0,0,0,2,2,2,0,2,0,0,2,0
1475,0,4,4,0,2,2,0,4,4,1,4,4,0,3,1,0,4,3
1476,0,2,1,2,0,2,0,0,0,4,0,4,3,4,3,3,4,4
1477,0,2,1,0,4,4,0,0,0,4,4,4,0,4,4,0,4,0
1478,0,1,0,1,0,0,0,4,0,2,1,2,1,4,4,1,4,4
1479,4,4,1,0,0,3,0,0,2,3,4,2,4,0,1,4,0,2
1480,1,4,4,1,2,3,0,4,4,3,3,3,1,1,2,2,3,0
1481,0,2,0,0,4,0,0,0,0,2,3,3,4,1,4,4,4,1
1482,0,1,1,4,1,1,0,1,0,3,4,3,0,1,2,0,4,3
1483,0,0,0,0,4,0,0,0,0,4,3,2,0,0,0,0,4,0
1484,1,4,0,1,0,0,0,4,4,2,1,1,4,1,1,2,1,1
1485,0,3,1,0,4,4,0,4,1,2,2,3,0,1,3,0,3,0
1486,0,1,4,3,0,4,0,0,4,3,0,4,1,4,4,0,0,0
1487,0,0,0,0,0,0,0,0,0,3,3,2,0,3,4,0,1,0
1488,0,1,1,0,0,0,0,0,0,0,4,1,0,3,1,0,0,0
1489,0,4,3,0,0,3,0,0,0,3,4,4,2,4,2,1,4,0
1490,1,4,4,0,0,0,0,0,0,4,2,4,3,4,2,3,4,4
1491,0,3,3,2,0,3,0,0,0,4,4,3,4,0,4,0,0,0
1492,4,3,1,1,0,2,0,0,1,1,0,3,2,0,1,3,0,3
1493,0,3,0,0,1,4,0,0,0,3,1,2,0,2,4,0,4,0
1494,3,4,2,4,0,1,0,0,0,2,0,1,3,0,4,2,0,4
1495,0,4,1,0,1,0,0,0,0,1,4,4,4,3,4,0,1,0
1496,0,4,0,0,1,4,0,1,0,1,2,2,0,4,1,0,1,0
1497,1,2,1,0,0,0,0,3,0,1,3,1,1,4,3,4,1,0
1498,2,3,4,4,4,2,0,0,0,2,1,1,4,4,3,1,1,1
1499,0,2,0,0,0,2,0,0,0,4,2,2,4,4,1,1,3,1
1500,0,3,0,0,4,0,0,0,0,2,3,2,0,3,0,0,4,0
1501,0,3,4,2,0,4,0,0,4,2,1,2,2,1,4,1,0,2
1502,2,3,2,3,0,1,0,0,0,4,0,3,2,1,2,2,0,3
1503,0,2,4,0,1,1,0,1,0,3,1,1,0,2,1,1,2,1
1504,0,0,0,0,0,0,0,0,0,2,1,4,0,4,4,0,4,0
1505,1,1,4,2,0,1,0,0,4,3,4,3,4,0,1,4,0,0
1506,0,1,0,0,4,1,0,0,0,2,3,3,0,1,1,0,2,0
1507,0,0,3,0,3,4,0,1,0,1,1,2,4,3,1,0,3,0
1508,0,1,4,0,0,1,0,0,0,4,4,4,4,4,4,0,0,1
1509,0,1,3,2,0,1,0,3,4,1,3,2,3,1,1,1,4,1
1510,0,2,4,0,4,3,0,0,0,3,2,4,3,1,0,1,1,0
1511,1,4,4,1,4,0,0,4,0,1,3,3,0,1,0,0,1,0
1512,0,4,2,1,0,1,0,0,4,1,0,4,4,0,4,1,0,0
1513,4,2,1,3,1,3,0,4,4,3,3,3,2,3,1,2,3,0
1514,0,2,1,0,4,0,0,4,0,4,4,3,2,1,1,3,3,2
1515,1,2,1,0,4,4,0,0,0,2,4,3,2,4,2,1,4,3
1516,2,4,1,1,0,4,0,0,0,2,4,4,4,0,1,4,4,0
1517,1,4,1,3,0,1,0,0,1,1,1,1,2,1,3,1,1,1
1518,4,3,2,1,0,3,0,0,0,2,0,4,2,0,1,2,0,4
1519,1,1,1,4,0,2,0,0,1,1,0,1,1,4,2,4,0,4
1520,0,4,4,0,1,0,0,0,0,1,1,2,0,3,1,0,4,0
1521,0,1,2,4,0,4,0,0,4,4,1,3,1,0,2,2,0,3
1522,4,0,0,0,0,0,0,0,0,1,2,4,0,1,0,0,1,0
1523,1,3,3,1,0,4,0,4,4,1,1,3,1,2,3,2,1,1
1524,1,4,2,0,1,1,0,0,1,1,1,1,1,0,1,1,1,0
1525,0,1,0,0,0,1,0,4,0,1,4,3,0,4,4,0,1,0
1526,4,3,1,0,4,1,0,0,0,4,4,3,3,0,1,4,4,0
1527,0,4,0,0,3,1,0,0,4,3,4,4,1,3,1,0,4,0
1528,0,1,1,0,2,4,0,0,4,2,3,2,0,3,1,0,1,0
1529,0,2,0,0,1,0,3,4,2,1,3,3,0,4,0,0,1,0
1530,3,3,3,1,4,3,0,0,4,2,4,4,3,4,3,0,4,4
1531,0,4,0,0,1,0,0,0,0,2,1,2,0,4,4,0,4,0
1532,1,1,1,0,0,1,0,0,0,2,4,3,0,4,1,1,4,4
1533,1,1,2,1,1,4,0,0,3,2,1,2,1,1,3,4,2,2
1534,0,2,3,0,0,3,0,0,0,1,0,1,3,4,2,1,0,3
1535,0,3,0,1,0,4,0,4,2,3,4,2,0,1,3,0,1,0
1536,4,3,4,1,0,1,0,0,0,3,1,3,1,0,4,2,0,3
1537,1,3,0,0,0,1,0,0,1,3,4,4,4,4,2,2,4,4
1538,2,4,3,3,0,0,0,0,0,3,4,4,4,3,3,4,4,1
1539,0,2,0,0,4,1,0,0,0,3,4,4,0,2,4,4,4,3
1540,0,3,0,0,3,0,0,0,0,2,3,4,4,3,4,0,4,0
1541,0,1,0,0,0,1,0,0,0,3,4,3,0,3,4,0,3,0
1542,3,4,3,0,0,4,0,1,0,4,3,2,2,4,1,4,3,0
1543,0,0,1,0,0,0,0,1,0,0,3,2,0,2,0,0,2,0
1544,0,3,0,0,4,0,4,1,3,4,2,1,1,4,1,0,3,1
1545,0,4,3,1,0,3,0,0,0,4,4,4,2,1,2,4,0,4
1546,0,1,2,0,0,4,0,0,0,3,1,2,0,4,1,1,0,1
1547,0,3,4,0,4,3,0,0,1,2,2,3,4,1,2,0,1,1
1548,3,1,0,2,0,0,0,4,0,2,4,2,0,0,1,1,0,4
1549,0,1,0,0,0,0,0,0,1,2,3,3,0,4,4,0,2,0
1550,4,4,4,3,0,3,0,0,4,3,4,1,1,1,1,4,0,3
1551,0,4,1,0,0,3,0,0,0,3,2,3,0,3,4,0,3,1
1552,0,4,0,0,4,0,0,0,0,2,4,2,0,0,0,0,2,0
1553,0,4,0,0,2,0,0,0,0,2,1,2,1,1,3,0,4,0
1554,0,2,1,0,0,4,0,0,0,1,1,2,3,1,2,2,4,3
1555,0,1,4,0,0,1,0,0,0,2,2,3,0,2,0,1,3,0
1556,0,4,4,0,0,3,0,4,4,3,4,2,3,2,4,4,1,0
1557,0,1,1,0,1,3,0,0,0,3,3,2,4,2,2,0,1,4
1558,1,2,1,0,0,1,0,0,1,2,4,2,2,0,4,0,1,3
1559,0,4,0,0,2,4,1,0,1,4,3,3,0,3,4,0,4,0
1560,0,2,4,0,0,0,0,0,0,2,1,1,0,4,0,0,1,0
1561,3,1,4,0,0,1,0,0,0,1,0,4,3,0,4,1,0,1
1562,0,3,2,0,3,0,1,1,4,3,2,3,0,2,4,0,3,4
1563,3,3,3,3,4,2,0,0,4,3,4,3,1,0,4,0,0,1
1564,0,4,0,0,1,0,0,0,0,3,3,2,0,4,0,0,2,4
1565,0,1,0,0,3,0,0,2,0,1,2,2,0,1,0,0,2,4
1566,0,4,2,0,0,4,0,4,4,2,4,2,2,2,2,3,0,4
1567,0,3,3,0,1,0,0,0,0,2,4,3,4,1,2,1,3,4
1568,0,2,1,0,1,0,1,3,4,3,2,4,0,2,1,0,2,1
1569,0,2,4,4,0,1,0,0,4,2,0,3,1,0,3,4,0,4
1570,0,2,0,0,0,1,0,0,0,2,3,2,3,1,1,4,3,1
1571,0,1,3,0,0,2,0,0,0,3,3,3,1,1,3,0,3,4
1572,0,1,0,0,1,1,0,4,3,2,3,4,0,4,4,0,2,0
1573,0,2,4,0,1,0,0,4,0,1,1,2,4,2,4,0,2,0
1574,0,3,1,0,4,0,0,0,0,3,4,1,4,3,3,2,2,3
1575,2,4,0,1,0,1,0,0,0,4,0,1,1,0,2,4,0,1
1576,0,4,4,0,0,4,0,0,0,4,1,4,4,0,1,1,4,0
1577,1,1,4,2,4,3,0,0,0,4,4,3,1,4,3,3,3,2
1578,4,2,3,0,0,4,0,0,0,2,0,1,3,1,2,4,0,4
1579,0,4,3,1,0,4,0,0,0,4,0,4,3,0,2,4,0,3
1580,0,2,0,0,4,0,0,0,0,2,2,3,0,3,1,0,1,0
1581,4,2,1,4,0,2,0,0,0,1,4,3,4,4,1,0,0,0
1582,0,3,2,0,3,4,0,3,4,2,4,3,0,3,4,0,3,0
1583,1,1,2,0,4,4,0,1,4,4,2,4,4,3,4,0,4,0
1584,1,2,3,0,4,1,0,0,2,3,3,2,2,1,4,1,2,1
1585,3,3,1,4,0,4,0,4,1,3,3,1,3,0,1,2,2,3
1586,0,1,0,0,1,1,0,0,0,2,1,3,0,3,0,4,1,0
1587,1,3,1,3,1,1,0,0,0,3,2,2,1,4,3,2,0,1
1588,0,1,1,1,0,3,3,1,2,1,0,4,1,0,4,1,0,0
1589,3,1,4,1,0,4,0,0,0,2,4,1,1,3,4,3,0,3
1590,0,3,4,0,0,0,0,0,1,1,2,1,1,1,1,3,2,1
1591,0,1,1,0,2,0,0,4,0,3,4,4,1,4,1,2,4,2
1592,0,3,1,1,0,3,0,0,0,1,4,2,2,0,1,1,0,1
1593,0,2,1,0,1,2,0,2,0,1,3,2,1,3,1,1,2,0
1594,1,3,2,0,0,1,0,0,1,2,4,4,3,3,2,2,3,2
1595,0,2,0,0,4,0,0,0,0,2,3,2,0,2,0,0,0,0
1596,4,4,2,0,0,3,0,0,4,4,4,4,3,0,4,4,0,3
1597,1,2,3,0,0,2,0,4,0,3,4,3,4,4,4,3,4,2
1598,0,2,1,0,4,4,0,0,0,3,2,2,0,1,1,0,1,0
1599,4,1,4,2,0,2,0,4,3,4,3,4,2,2,1,4,1,4
1600,0,4,0,0,0,0,0,0,0,2,1,1,0,1,0,0,4,0
1601,1,4,4,1,0,2,0,0,1,1,1,1,2,0,3,2,1,3
1602,0,4,3,0,0,2,0,0,0,2,0,3,1,0,1,4,0,2
1603,4,1,4,1,0,2,0,0,1,3,0,2,3,0,3,3,0,4
1604,0,4,0,0,0,3,0,0,0,2,2,3,4,0,1,2,0,4
1605,4,4,2,0,0,2,0,0,1,4,3,4,2,0,1,2,0,3
1606,1,4,3,4,0,2,0,0,2,4,4,4,2,4,3,0,1,0
1607,1,2,4,1,0,2,0,0,0,1,1,1,2,4,2,1,4,2
1608,0,1,0,0,4,0,0,0,0,4,2,2,0,1,0,0,1,0
1609,1,1,2,4,0,1,0,0,4,1,0,1,1,0,1,1,0,1
1610,0,1,0,0,0,0,0,4,1,1,0,4,3,4,0,0,0,0
1611,0,3,1,0,0,3,0,1,2,3,1,2,0,2,4,2,2,2
1612,0,3,0,0,0,1,0,4,0,3,1,3,1,2,4,0,4,2
1613,0,3,2,1,4,4,0,0,0,4,2,3,4,3,2,0,4,2
1614,0,3,3,0,0,0,0,0,0,4,4,3,1,0,1,0,0,0
1615,1,1,3,3,2,3,0,0,4,1,2,3,3,1,2,1,3,4
1616,2,3,2,1,0,1,0,1,0,4,0,3,2,1,4,1,1,1
1617,0,4,4,1,0,1,0,0,0,4,0,4,3,0,2,1,0,2
1618,2,2,4,3,0,4,0,0,0,3,1,3,2,0,1,3,0,1
1619,0,2,1,0,0,0,0,4,0,2,3,2,4,3,1,0,4,3
1620,0,4,2,0,0,2,0,0,2,3,4,2,4,0,4,4,0,0
1621,1,3,2,1,0,2,0,0,0,2,0,2,1,0,3,3,0,1
1622,0,3,0,0,3,4,0,0,0,3,2,3,0,2,1,0,1,0
1623,0,1,0,0,2,0,0,0,0,1,1,2,0,3,0,0,3,4
1624,1,2,1,1,0,1,0,0,1,3,1,2,4,4,2,3,1,0
1625,0,3,4,0,3,2,0,1,1,1,2,3,0,2,1,0,2,4
1626,4,2,1,2,0,0,0,0,4,2,4,3,1,0,3,0,4,3
1627,0,3,0,0,2,0,0,0,0,4,1,1,0,4,0,0,2,0
1628,3,4,1,0,0,1,0,0,3,2,4,4,1,4,4,3,1,3
1629,0,2,0,0,4,4,0,0,0,3,3,4,4,0,4,0,4,0
1630,1,2,3,4,0,2,0,4,3,1,4,4,1,2,3,4,4,3
1631,4,1,2,3,1,4,0,0,0,3,3,2,4,1,3,0,1,0
1632,0,4,1,0,0,3,0,0,0,3,3,4,1,3,4,4,3,4
1633,4,2,3,0,2,3,0,0,0,3,3,3,4,1,2,2,3,2
1635,1,3,2,4,0,2,0,0,0,1,0,2,1,0,2,2,0,1
1636,0,4,0,0,0,3,0,0,0,1,4,3,1,1,1,4,3,0
1637,1,3,2,1,0,4,0,0,1,1,4,1,1,1,3,2,0,1
1638,4,4,4,4,0,3,4,1,4,4,4,4,4,3,4,1,3,1
1639,0,3,4,1,0,4,0,0,0,3,0,4,1,0,1,0,4,4
1640,2,1,1,1,0,3,0,0,0,1,4,1,4,4,1,1,4,4
1641,1,1,2,1,0,0,0,0,0,4,4,4,2,0,3,0,4,0
1642,3,4,1,4,4,1,0,0,0,2,2,3,1,4,3,2,1,0
1644,0,3,1,3,0,4,0,1,2,3,3,2,3,4,1,1,4,0
1645,0,1,0,0,1,0,0,0,0,2,3,3,0,4,0,0,1,0
1646,4,2,3,3,2,3,0,4,1,4,2,2,3,4,4,3,2,4
1647,1,4,1,1,0,4,0,3,0,1,3,2,4,4,3,4,4,1
1648,0,3,4,0,1,4,0,0,0,1,1,1,4,2,3,0,3,0
1649,0,3,1,0,2,0,0,4,4,3,3,3,0,3,1,0,2,0
1650,0,4,4,0,0,0,0,0,0,4,4,4,4,4,3,0,3,0
1651,0,0,0,0,2,3,0,0,0,3,3,1,0,4,3,0,1,1
1652,1,3,3,3,4,2,0,0,0,4,4,3,2,4,2,4,4,4
1653,1,2,3,4,4,4,0,0,1,4,1,2,4,4,3,4,3,0
1654,4,2,2,0,1,1,0,4,2,3,4,3,2,4,3,0,4,3
1655,0,4,0,0,3,0,0,4,0,4,3,2,0,4,0,0,3,0
1656,0,2,0,0,2,4,0,0,2,1,1,2,0,4,3,0,3,0
1657,0,2,4,0,0,0,0,0,4,3,0,3,1,0,4,1,0,0
1658,2,3,1,0,0,0,0,0,0,2,1,1,1,0,1,0,0,4
1659,3,3,3,0,0,1,0,0,0,2,3,2,3,3,3,3,1,4
1660,0,0,1,0,1,0,0,4,0,1,1,2,0,4,0,0,4,0
1661,0,3,0,0,1,4,0,3,0,3,3,2,0,3,0,0,3,0
1662,4,2,3,2,0,1,0,0,0,2,1,2,2,1,2,2,0,2
1663,0,2,4,0,4,4,0,0,0,3,3,2,4,3,4,0,2,3
1664,2,1,1,0,0,1,0,0,0,1,1,2,2,1,3,3,1,3
1665,0,1,0,0,2,4,0,3,0,1,1,1,2,3,1,1,2,0
1666,1,1,4,0,4,1,0,0,0,4,1,3,4,0,3,2,4,1
1667,0,4,4,0,0,1,0,0,0,2,2,1,4,1,4,4,3,0
1668,1,1,1,2,0,2,0,0,3,3,1,4,1,1,2,1,4,3
1669,0,1,1,0,0,1,0,1,1,4,3,3,0,1,0,0,1,0
1670,1,2,0,0,2,1,0,4,4,1,1,3,4,3,3,0,4,3
1671,1,0,2,1,0,4,0,1,0,3,4,3,4,4,4,3,1,2
1672,0,1,0,0,0,0,0,0,0,2,2,3,0,4,0,0,4,0
1673,4,3,3,4,0,4,0,0,0,1,4,4,3,4,4,3,0,4
1674,1,1,0,0,3,1,0,4,4,3,2,3,4,2,2,0,4,0
1675,4,4,4,1,0,2,0,4,4,1,4,4,3,4,4,2,4,3
1676,0,1,1,4,1,0,4,1,4,1,3,3,4,3,4,0,3,0
1677,0,3,1,4,3,0,0,0,0,4,4,1,0,3,2,1,2,0
1678,1,1,1,0,0,3,0,0,4,4,1,2,1,4,1,2,4,2
1679,3,2,2,2,0,3,0,0,4,3,0,3,3,0,2,3,0,1
1680,0,2,0,0,0,0,0,0,0,1,4,3,4,4,1,2,4,1
1681,1,3,4,4,0,3,0,0,0,4,0,4,2,0,4,1,0,1
1682,1,3,1,0,0,2,0,0,0,2,0,1,3,0,4,2,1,3
1683,0,4,2,0,4,4,0,1,0,1,3,3,2,4,2,3,1,0
1684,1,1,3,4,1,4,0,0,0,2,1,2,1,4,1,3,1,0
1685,3,1,1,4,0,3,0,0,2,2,1,2,4,2,3,3,1,4
1687,0,4,0,0,4,0,0,0,4,2,4,3,0,2,4,0,1,4
1688,0,1,1,3,0,4,0,1,1,1,4,3,1,4,2,3,1,1
1689,0,1,1,0,1,4,0,0,0,1,2,1,0,2,2,0,4,0
1690,0,3,0,0,4,0,0,1,0,2,2,1,0,2,1,0,2,0
1691,4,3,3,4,0,3,0,0,0,2,0,2,3,0,4,3,0,4
1692,0,1,1,0,0,0,0,2,1,3,1,3,2,3,2,0,2,0
1693,0,3,1,0,0,2,0,0,3,2,1,4,1,0,3,3,0,3
1694,0,4,3,1,4,1,0,4,0,3,1,3,0,4,3,3,2,4
1695,0,2,1,0,0,1,0,0,1,1,1,2,1,0,2,2,0,4
1696,4,4,3,0,0,4,0,0,0,2,4,3,1,0,2,1,1,0
1697,0,4,4,0,1,0,0,1,0,3,2,3,0,3,1,0,2,0
1698,0,0,0,0,1,0,0,1,4,1,3,1,0,2,4,0,4,3
1699,1,2,2,3,3,4,0,0,0,1,3,2,2,1,3,0,2,4
1700,0,2,4,0,1,0,0,1,0,3,1,3,0,2,3,0,4,4
1701,0,4,4,0,1,0,0,4,4,1,4,3,0,4,1,0,4,0
1702,3,1,4,3,4,0,0,1,1,3,4,4,1,2,4,4,3,4
1703,0,1,1,0,1,4,0,3,0,4,4,1,0,1,2,0,3,0
1704,0,4,0,0,1,0,0,0,0,3,2,3,0,4,0,0,3,0
1705,0,1,1,0,0,1,0,0,0,3,0,3,0,1,1,1,0,1
1706,0,3,0,0,4,4,0,0,0,2,3,3,1,4,3,0,1,1
1707,4,1,4,0,2,1,0,0,1,4,3,3,1,1,1,1,1,1
1708,0,4,4,3,4,1,0,4,1,3,4,3,0,4,1,0,3,0
1709,4,2,4,4,0,3,0,0,0,1,1,1,1,0,1,2,0,4
1710,0,3,4,0,2,0,0,0,1,2,3,1,0,3,0,0,3,1
1711,0,2,0,0,1,1,0,0,0,1,2,3,0,2,1,0,4,0
1712,0,3,0,0,4,0,0,0,0,4,4,3,0,1,0,0,0,0
1713,0,3,2,4,0,4,0,0,0,4,2,4,1,4,1,4,3,4
1714,0,2,4,0,1,1,0,0,0,3,2,2,2,1,4,0,1,4
1715,0,2,1,0,1,0,0,4,1,3,3,2,0,1,4,0,3,1
1716,0,1,2,0,0,3,0,0,1,1,3,2,4,3,1,0,4,1
1717,0,4,1,0,2,0,0,0,1,1,1,1,0,0,0,0,2,1
1718,0,2,4,0,0,3,0,0,4,3,0,3,2,0,4,0,0,1
1719,0,1,2,0,2,1,0,4,0,3,1,1,1,1,4,0,2,0
1720,0,4,0,0,1,2,0,4,4,1,2,1,0,4,1,0,2,0
1721,0,4,1,0,0,0,0,4,1,3,2,4,1,2,2,0,4,0
1722,4,4,1,4,0,4,0,0,0,4,2,3,4,4,1,3,3,4
1723,4,2,2,1,2,1,0,0,1,1,1,4,2,2,2,0,1,0
1724,0,2,0,0,0,1,0,0,0,1,4,1,3,0,1,1,0,1
1725,1,2,2,2,1,1,0,0,0,1,1,3,2,1,2,3,0,0
1726,1,3,1,0,0,1,0,0,0,1,1,3,1,0,2,1,1,0
1727,0,0,0,0,4,0,0,0,0,2,3,3,0,2,1,0,4,0
1728,1,2,3,3,0,4,0,0,0,4,1,3,3,0,3,1,0,1
1729,4,3,0,0,0,4,0,0,0,3,4,2,0,0,4,1,0,1
1730,0,0,0,0,1,0,4,4,4,4,2,4,0,3,3,0,2,1
1731,0,1,2,0,1,4,0,0,0,4,4,4,2,1,2,1,0,1
1732,0,1,4,4,4,2,4,3,2,2,1,2,3,4,4,1,2,3
1733,2,2,3,3,4,1,0,4,4,2,4,3,1,4,2,1,4,4
1734,0,3,0,0,0,0,0,1,0,2,3,2,0,2,4,0,3,1
1735,1,1,4,0,1,0,1,1,3,1,1,2,0,2,1,0,2,3
1736,2,3,4,0,0,2,0,1,0,3,1,2,2,3,3,0,2,4
1737,0,4,0,0,1,0,0,0,0,2,1,4,4,0,0,0,1,0
1738,0,1,1,1,0,1,0,0,0,3,4,4,3,4,2,0,4,3
1739,2,2,1,0,0,2,0,0,0,4,4,4,4,4,2,1,0,3
1740,0,4,4,0,3,0,1,1,1,3,3,2,4,3,4,4,1,3
1741,1,1,0,1,0,1,0,0,0,2,2,2,4,0,1,0,0,0
1742,0,2,0,0,3,0,0,0,0,3,3,3,0,4,0,0,4,0
1743,0,4,4,0,0,4,0,0,0,3,1,3,0,1,1,0,3,0
1744,0,2,0,0,4,3,0,0,0,2,3,4,1,0,4,4,2,4
1745,2,4,2,4,0,4,0,0,4,3,1,2,1,3,3,3,2,0
1746,1,3,1,0,2,1,0,4,0,4,2,2,0,3,1,0,3,2
1747,1,3,2,3,4,2,0,0,0,4,4,2,3,2,3,1,0,1
1748,1,1,2,0,0,3,0,0,0,2,1,2,3,3,1,1,3,2
1749,0,4,0,0,0,4,0,0,0,3,4,4,3,0,4,3,0,1
1750,0,4,4,0,1,1,0,0,0,1,4,3,4,3,1,0,3,0
1751,0,4,0,0,0,0,0,0,0,4,3,2,0,1,1,0,4,0
1752,0,3,0,0,4,0,0,2,0,4,1,3,4,2,0,0,1,0
1753,4,4,4,2,0,4,0,0,0,3,0,3,2,0,4,1,0,2
1754,4,2,2,2,0,4,0,0,0,1,0,4,3,0,1,1,0,1
1755,0,2,1,0,0,4,0,0,1,4,2,4,0,2,1,0,4,2
1756,0,3,2,1,0,1,0,0,4,1,2,4,2,0,3,3,0,0
1757,0,1,0,0,0,1,0,1,4,4,3,3,0,1,1,0,2,0
1758,0,1,0,0,3,4,0,0,4,2,2,1,0,4,0,0,4,0
1759,0,1,4,1,0,2,0,0,4,4,4,2,1,4,1,1,4,4
1760,1,2,1,2,0,4,0,0,0,3,1,3,4,3,2,1,4,3
1762,0,4,4,4,0,4,0,0,4,1,0,1,0,0,2,4,0,0
1763,0,2,3,4,0,3,0,0,0,1,2,1,4,2,3,0,1,0
1764,3,4,1,0,4,1,0,0,0,3,4,3,4,0,3,1,1,2
1765,0,3,1,0,4,0,0,0,0,3,3,2,0,2,4,0,2,0
1766,0,1,1,2,0,1,0,0,1,1,4,2,4,4,3,0,0,0
1767,0,4,1,0,0,4,0,3,0,3,3,2,0,1,1,0,3,4
1768,4,4,3,0,1,0,0,0,0,1,2,2,0,4,4,0,4,0
1769,0,0,0,0,0,0,0,0,0,0,1,3,4,0,0,0,0,0
1770,2,1,0,0,0,0,0,0,2,3,3,3,1,0,0,1,1,2
1771,4,4,3,0,3,3,0,0,0,3,2,3,4,4,4,3,1,1
1772,0,4,4,0,0,0,0,4,0,4,3,3,0,3,4,0,1,0
1773,0,1,1,0,0,0,0,0,0,4,4,2,0,0,1,1,4,0
1774,0,4,0,0,2,0,0,3,0,3,3,2,0,4,0,0,3,0
1775,4,3,0,1,4,4,0,0,0,3,2,2,0,4,4,0,3,0
1776,0,2,1,0,1,1,0,2,4,2,3,3,1,1,1,0,3,1
1777,4,4,2,2,0,1,0,0,4,3,4,2,3,3,4,1,4,2
1778,0,1,0,0,4,0,0,0,0,3,2,2,0,0,0,0,1,0
1779,0,4,0,0,0,1,0,4,0,3,1,2,4,3,4,0,3,0
1780,0,4,2,1,1,4,0,0,4,2,1,1,3,0,1,0,0,4
1781,2,3,4,2,0,2,0,0,0,1,1,1,2,0,4,4,0,3
1782,3,1,1,2,0,4,0,0,4,3,0,4,1,0,1,2,0,2
1783,4,4,3,2,0,4,0,0,0,2,1,3,2,0,2,1,0,0
1784,1,4,3,1,0,3,0,0,0,3,4,3,2,0,4,3,0,1
1785,0,1,1,3,0,3,0,0,0,1,4,1,1,1,3,0,1,0
1786,0,4,4,1,0,3,0,0,0,2,1,2,1,0,3,1,0,0
1787,0,3,2,0,1,1,0,0,0,2,2,2,0,3,1,4,1,0
1788,1,1,3,3,0,1,0,0,2,4,1,1,2,1,2,1,0,3
1789,1,4,0,3,0,0,0,0,0,4,3,2,4,4,1,1,3,3
1790,0,4,1,0,4,0,0,1,3,3,2,3,0,1,4,0,3,0
1791,4,3,1,2,4,2,0,0,0,4,3,4,1,0,2,4,2,4
1792,1,3,2,4,0,2,0,0,0,3,3,3,2,0,3,0,0,1
1793,0,3,0,4,0,4,0,0,0,2,4,2,1,0,4,0,0,4
1794,0,1,0,0,0,4,0,0,0,2,3,2,4,3,3,4,4,0
1795,1,0,2,0,0,0,0,0,4,4,4,1,0,0,3,0,0,0
1796,1,4,3,1,0,3,0,0,0,2,0,4,1,0,2,4,0,0
1797,0,1,0,0,2,1,2,0,3,1,1,3,0,1,2,0,4,4
1798,1,4,2,2,0,2,0,0,3,4,1,2,4,0,2,0,4,1
1799,0,4,0,0,3,0,1,0,4,2,2,3,0,2,0,0,3,0
1800,0,3,0,0,4,4,0,0,0,3,2,3,1,1,1,0,3,0
1801,1,1,1,1,2,2,0,4,0,4,1,4,1,4,1,3,4,2
1802,4,1,0,0,1,0,0,1,4,4,4,3,4,3,4,4,2,0
1803,2,1,2,3,0,4,0,0,0,4,4,2,3,0,3,2,1,2
1804,4,2,0,0,0,0,0,0,0,3,2,4,4,4,4,4,4,0
1805,0,0,0,0,1,0,0,0,0,3,2,2,0,1,1,0,1,0
1806,0,0,4,0,0,4,0,0,0,1,3,2,0,3,4,0,2,3
1807,0,2,2,0,0,0,0,0,0,3,3,2,1,3,1,0,2,2
1808,0,3,4,1,3,2,0,0,0,1,1,2,2,2,4,0,2,0
1809,1,3,3,4,0,3,0,0,4,2,0,3,3,1,2,3,0,4
1810,0,2,2,0,1,2,0,0,0,3,3,2,4,0,3,3,2,3
1811,0,1,0,0,0,0,0,0,0,4,3,2,0,1,0,0,4,0
1812,1,1,4,1,1,1,0,0,0,2,3,2,2,1,2,1,2,4
1813,0,3,1,3,0,3,0,4,0,3,3,2,4,2,1,2,1,2
1814,0,0,0,0,1,0,0,0,1,2,2,3,0,0,1,0,4,0
1815,1,2,1,2,0,3,0,0,4,2,4,2,1,0,2,2,0,2
1816,0,4,4,2,4,0,0,0,0,4,2,4,3,0,3,3,1,0
1817,0,2,4,0,0,0,0,1,0,2,2,1,0,3,1,3,1,4
1818,0,4,0,0,1,1,0,0,0,2,2,2,2,2,2,3,2,4
1819,0,4,0,0,0,0,0,3,0,2,2,3,0,4,0,0,3,1
1820,0,1,4,0,1,1,0,0,0,1,2,1,0,1,0,0,4,0
1821,0,1,1,0,0,1,0,0,4,3,0,2,2,4,4,2,0,4
1822,0,3,3,0,3,0,0,0,0,3,3,3,0,3,4,0,4,0
1823,0,3,3,1,0,2,0,0,0,1,4,3,3,0,1,1,4,1
1824,0,1,3,0,3,0,0,4,0,3,1,1,4,1,3,0,4,4
1825,4,4,3,1,0,1,0,0,0,3,1,1,2,4,1,3,4,2
1826,4,4,2,0,4,3,0,1,0,2,3,1,3,4,4,4,4,3
1827,0,0,0,0,0,0,0,0,0,1,1,1,1,1,1,0,0,0
1828,3,4,2,0,0,2,0,4,2,3,3,4,2,1,3,1,2,1
1829,0,3,2,1,4,1,0,1,1,2,4,3,4,3,3,2,2,3
1830,0,1,0,0,0,0,0,0,0,1,2,1,4,1,0,4,1,0
1831,0,0,0,0,4,4,0,0,0,1,1,2,0,1,1,0,1,3
1832,0,3,0,0,3,0,0,0,0,1,2,3,1,1,2,0,4,0
1833,0,3,0,0,4,0,0,3,1,2,2,4,1,2,1,0,2,0
1834,1,3,1,0,4,1,0,0,0,4,4,3,2,0,2,3,4,2
1835,2,2,2,0,3,3,0,0,4,3,1,1,4,1,2,4,1,3
1836,0,3,0,0,2,0,0,1,0,2,3,2,4,2,1,0,3,4
1837,4,2,0,4,4,2,0,0,0,2,3,2,4,2,4,0,2,0
1838,1,1,0,2,4,3,0,4,0,2,4,3,3,4,2,3,4,3
1839,0,4,0,0,0,1,0,1,0,2,2,4,0,2,0,0,4,0
1840,0,2,0,0,4,1,0,0,0,4,2,3,0,4,1,0,2,0
1841,0,1,0,0,1,0,0,3,0,2,3,1,0,2,1,0,0,0
1842,4,4,3,0,4,3,0,1,4,1,4,4,2,2,3,2,4,3
1843,1,4,3,1,0,0,0,0,4,4,0,3,4,0,3,2,0,1
1844,0,1,3,2,0,2,0,0,0,3,0,2,1,0,3,4,0,4
1845,0,4,4,4,0,4,0,2,0,2,4,3,1,4,4,0,3,0
1846,0,4,0,0,2,0,0,0,0,4,3,2,0,4,4,0,4,0
1847,2,1,1,0,0,1,0,0,0,4,3,2,3,1,4,0,0,0
1848,0,4,0,0,1,1,0,1,0,2,2,3,4,1,1,0,4,0
1849,0,2,0,0,4,0,0,0,4,4,2,3,4,0,4,0,4,0
1850,0,4,0,0,1,0,0,0,0,0,4,2,0,2,0,0,2,4
1851,0,4,2,0,3,0,0,2,4,1,1,1,0,2,0,0,2,0
1852,2,1,1,0,0,1,0,0,0,2,4,2,0,1,1,2,0,4
1853,0,4,0,0,3,0,0,0,0,1,1,3,0,0,1,0,4,0
1854,0,3,0,0,0,1,0,0,4,3,3,2,4,4,4,0,3,4
1855,0,4,0,0,1,4,0,0,0,3,2,3,4,0,1,4,4,2
1856,0,0,0,0,0,0,0,0,0,1,1,1,0,1,3,0,1,0
1857,0,2,1,0,4,2,0,0,0,2,3,1,2,0,4,1,4,0
1858,0,4,0,1,1,0,1,3,3,3,4,2,4,4,2,0,1,0
1859,0,1,1,0,0,4,0,0,3,3,1,3,1,1,3,3,3,2
1860,0,2,1,0,1,0,0,3,4,3,3,3,0,0,1,0,3,4
1861,0,3,1,0,1,4,0,0,3,4,3,3,4,0,3,4,1,3
1862,3,2,1,1,1,0,0,0,0,2,2,1,4,4,3,0,0,0
1863,0,4,3,0,4,1,0,0,0,3,0,1,3,0,1,0,4,0
1864,1,1,4,2,4,4,0,2,0,3,4,4,1,4,2,4,4,4
1865,0,1,3,0,0,0,0,0,0,3,3,3,2,1,1,1,2,0
1866,4,0,0,0,0,1,0,0,0,3,1,2,2,1,1,0,1,4
1867,0,2,1,0,0,4,0,0,0,3,1,2,0,0,2,1,0,3
1868,0,4,0,0,4,0,0,0,0,2,1,4,4,1,4,0,2,0
1869,0,3,4,0,1,3,2,3,3,3,2,3,0,1,4,0,3,0
1870,4,1,3,4,0,4,0,0,1,2,1,1,1,0,2,3,0,1
1871,1,4,0,0,0,0,0,0,0,4,4,4,3,2,3,0,4,0
1872,3,1,4,2,0,4,0,0,1,3,3,4,2,4,4,4,4,1
1873,4,2,4,0,2,4,0,0,0,4,1,2,4,2,4,0,4,0
1874,3,1,4,0,4,1,4,4,2,3,4,1,3,4,4,1,0,3
1876,0,4,1,0,4,1,0,0,0,1,2,3,1,3,4,0,3,0
1877,0,3,3,0,0,1,1,1,4,2,3,3,0,2,1,0,2,0
1878,0,2,1,0,0,1,0,0,0,3,0,3,4,0,4,4,0,4
1879,1,4,3,4,0,2,0,0,1,3,1,4,4,4,4,2,0,2
1880,1,1,1,0,0,1,0,0,3,1,0,1,1,0,3,3,0,1
1882,0,4,3,1,4,1,0,4,0,1,2,2,0,2,3,1,3,1
1883,0,0,0,0,1,0,0,0,0,2,3,4,0,4,0,0,4,0
1884,0,1,0,0,4,0,0,1,4,3,4,1,0,2,0,0,3,0
1885,1,2,2,0,0,2,0,0,4,2,3,2,2,0,3,4,0,3
1886,0,1,1,1,4,1,0,4,0,1,3,2,1,1,1,1,1,2
1887,0,1,0,0,2,0,0,1,0,3,1,1,0,3,4,0,3,0
1888,0,3,1,1,0,2,0,0,0,3,4,3,1,0,4,2,0,2
1889,0,3,1,0,0,0,0,1,4,4,3,1,3,1,1,1,4,4
1890,0,4,0,0,2,0,0,0,0,4,4,4,0,1,0,0,4,1
1891,0,4,0,0,0,0,0,0,0,2,2,4,0,4,4,0,1,0
1892,0,1,0,0,4,0,0,0,0,1,2,1,0,1,0,0,3,0
1893,0,4,0,0,0,0,0,1,4,3,3,2,0,3,4,0,2,0
1894,0,4,4,4,0,2,0,0,0,2,0,3,1,0,1,3,0,1
1895,1,2,4,2,0,4,0,4,0,3,4,3,2,4,1,2,0,2
1896,4,3,3,0,4,1,0,0,0,3,1,1,2,0,3,4,0,4
1897,1,3,0,0,3,3,0,0,0,4,3,3,1,2,1,0,3,0
1898,4,4,0,4,4,1,0,4,0,3,4,4,2,4,2,2,0,1
1899,0,2,3,0,0,1,0,4,0,3,2,2,2,1,3,4,2,2
1900,3,3,3,0,0,3,0,0,0,3,1,4,4,0,2,1,0,1
1901,4,4,2,4,0,2,0,0,1,3,1,3,2,1,2,0,0,0
1902,0,2,3,0,2,3,0,0,0,2,3,2,1,1,1,3,3,1
1903,0,4,0,0,4,1,0,0,0,3,3,2,0,3,3,3,1,4
1904,0,4,0,0,4,4,2,4,4,4,4,4,1,4,0,0,3,4
1905,0,3,1,0,0,0,0,0,0,2,4,2,0,2,1,0,2,0
1906,0,3,4,4,0,1,1,4,0,1,2,4,0,2,0,0,4,1
1907,3,1,3,2,0,0,0,0,3,4,0,3,2,0,3,1,0,0
1908,1,2,3,1,4,4,0,3,0,3,3,2,4,3,2,2,2,2
1909,1,3,2,1,0,2,0,0,0,2,4,3,4,4,1,3,3,3
1910,0,4,0,0,1,0,0,0,4,1,3,3,1,4,1,0,3,0
1911,1,2,2,2,0,1,0,0,0,1,4,3,4,0,3,2,1,3
1912,0,4,0,0,3,0,1,2,4,2,2,2,0,2,4,0,2,0
1913,4,3,1,4,0,4,0,0,4,2,4,3,1,0,4,4,4,3
1914,0,3,1,4,0,3,0,4,0,3,3,2,4,2,3,1,3,0
1915,0,1,0,0,1,0,0,1,0,3,4,4,0,3,4,0,3,0
1916,0,3,2,4,0,1,0,0,0,2,0,2,1,1,2,3,0,4
1917,0,1,0,0,1,0,0,4,0,2,4,3,0,2,2,0,3,0
1918,1,2,4,0,0,4,0,0,0,3,3,3,2,0,2,1,1,1
1919,0,1,0,0,1,0,0,0,0,1,2,3,4,1,4,0,3,0
1920,1,4,3,1,0,2,0,1,0,4,3,3,2,1,4,3,1,4
1921,0,1,0,0,4,0,0,0,0,1,1,1,1,1,4,0,4,0
1922,3,1,1,4,1,4,0,0,4,4,2,4,3,1,3,3,4,3
1923,0,3,0,1,0,0,0,0,3,3,1,1,3,1,4,1,1,4
1924,1,3,2,1,0,4,0,0,1,2,3,4,3,2,4,3,2,0
1925,3,1,4,2,0,1,0,0,0,1,2,3,3,4,2,2,4,1
1926,4,3,1,0,0,4,0,0,4,3,4,3,1,0,2,1,4,1
1928,0,1,0,2,0,1,0,0,0,2,0,1,1,0,1,1,0,1
1929,0,0,4,4,4,4,0,0,0,1,4,4,4,0,0,4,4,4
1930,3,0,4,2,0,2,0,1,1,1,2,1,4,1,1,2,1,4
1931,0,1,0,0,4,0,0,0,0,3,2,2,0,4,0,0,4,0
1932,4,3,4,2,0,2,0,0,0,1,4,3,2,1,2,2,0,3
1933,0,4,0,0,4,0,0,0,0,2,2,2,0,3,0,0,4,0
1934,1,4,2,2,0,4,0,0,4,3,0,4,2,0,2,0,0,4
1935,0,4,1,0,2,0,0,4,4,3,4,2,0,4,2,0,4,0
1936,0,2,1,0,1,1,0,0,4,3,2,3,0,1,4,0,1,0
1937,2,2,2,2,0,2,0,0,4,3,0,2,2,0,3,1,0,2
1938,1,4,2,0,0,3,2,1,3,4,0,4,2,0,2,1,4,4
1939,3,3,2,0,0,4,0,0,0,2,4,4,4,4,3,2,1,2
1940,0,1,1,0,0,1,0,0,0,1,4,2,3,2,1,2,3,1
1941,1,3,4,3,0,4,0,0,0,3,1,2,1,4,4,1,2,0
1942,0,1,1,0,1,3,0,1,0,2,3,3,1,1,1,0,3,0
1943,0,2,2,4,1,2,0,0,0,2,1,2,4,4,3,4,3,0
1944,1,1,2,1,2,2,0,1,3,4,4,3,2,2,3,2,4,3
1945,4,4,1,1,0,3,0,4,0,3,4,3,2,4,2,3,4,1
1946,0,3,1,0,4,4,0,1,1,3,3,3,1,4,1,4,1,1
1947,0,1,0,0,2,0,0,0,0,3,2,2,0,2,1,0,4,3
1948,0,3,0,4,0,1,0,0,0,4,1,2,2,1,4,0,1,0
1949,0,1,3,0,0,0,0,0,0,1,0,3,3,0,4,4,0,1
1950,0,1,0,0,0,4,0,0,0,3,3,3,4,4,1,0,2,0
1951,0,2,0,0,4,0,0,4,0,4,4,4,0,2,4,0,4,0
1952,0,3,0,3,0,3,0,0,2,3,0,1,4,0,3,1,0,3
1953,3,4,0,4,0,3,0,0,0,4,0,3,1,0,4,1,0,4
1954,2,3,1,2,0,4,0,0,1,2,0,1,3,0,2,4,0,3
1955,0,2,0,0,0,1,0,0,0,4,2,1,0,4,0,0,0,0
1956,0,4,2,0,0,1,0,0,0,4,4,4,1,0,1,3,0,1
1957,4,1,2,4,4,2,0,0,1,2,2,4,3,1,3,2,3,3
1958,0,1,0,0,2,0,0,1,0,2,1,1,0,2,1,0,1,0
1959,0,4,0,0,4,4,0,1,0,2,3,3,4,4,4,0,3,0
1960,0,3,4,0,1,0,0,4,4,3,3,2,0,2,3,0,4,0
1961,0,1,4,0,4,0,0,2,1,2,1,1,0,1,3,4,2,0
1962,0,1,0,0,4,4,0,0,0,3,2,3,0,4,0,0,3,0
1963,0,2,2,4,0,4,0,0,0,1,4,2,2,4,2,3,4,1
1964,4,1,2,0,0,1,0,4,0,2,3,2,1,1,3,4,1,0
1965,4,3,4,1,0,4,0,0,4,1,2,4,3,0,4,0,0,0
1966,0,0,0,0,2,0,0,4,0,3,2,1,1,1,0,0,3,4
1967,0,1,0,0,0,0,0,0,0,1,2,2,4,2,3,0,4,0
1968,1,3,3,0,0,1,0,0,4,4,1,3,3,4,4,0,4,1
1969,0,3,2,0,0,4,0,0,0,2,1,2,3,4,4,0,2,0
1970,0,2,0,0,4,0,0,0,0,1,3,3,0,4,1,0,0,0
1971,1,2,1,4,0,2,0,0,3,2,0,3,4,0,4,3,0,4
1972,0,4,1,0,2,2,0,0,0,3,3,3,0,4,1,0,2,4
1973,4,2,1,0,0,1,0,4,0,3,4,4,4,3,2,2,2,1
1974,4,4,3,2,0,3,0,4,0,1,4,4,3,4,3,1,0,3
1975,0,0,0,0,4,0,0,0,0,1,1,2,0,4,0,0,4,0
1976,3,4,1,1,0,0,0,0,4,3,4,4,2,4,2,1,4,3
1977,0,1,0,0,2,0,0,4,1,1,2,2,0,4,1,0,1,1
1978,0,1,1,0,4,2,0,2,1,2,4,2,1,2,3,3,1,4
1979,0,1,2,4,0,3,0,0,0,4,0,1,4,4,3,0,0,0
1980,0,1,4,1,0,3,0,0,1,1,0,2,1,0,3,3,0,1
1981,1,1,1,3,0,4,0,0,0,3,4,2,3,4,1,4,0,4
1982,0,4,2,0,2,1,0,1,0,3,3,2,4,2,1,4,4,0
1983,0,4,0,0,1,0,0,0,0,3,2,2,0,0,0,4,2,4
1984,2,3,2,1,0,4,0,0,0,1,1,3,1,0,4,2,0,1
1985,0,4,2,2,0,3,0,0,1,2,4,4,3,4,3,3,4,2
1986,0,1,1,0,0,4,0,4,0,1,1,1,0,4,4,0,3,0
1987,4,2,4,4,0,0,0,0,0,2,1,1,1,1,3,1,2,1
1988,4,2,1,1,0,4,0,4,0,4,3,4,3,1,2,2,3,4
1989,3,2,3,3,0,4,0,4,0,2,4,3,3,1,2,2,3,2
1990,0,3,2,0,0,1,0,0,0,2,1,1,1,0,1,1,0,1
1991,0,4,1,0,1,3,0,4,0,2,1,3,1,4,2,0,1,0
1992,4,2,4,4,0,1,0,0,0,1,4,4,1,1,1,4,0,0
1993,4,4,3,0,0,1,0,0,1,2,1,3,3,0,4,1,0,1
1994,0,1,4,0,1,0,0,4,4,3,2,3,1,2,1,0,4,0
1995,0,1,2,0,4,1,0,0,0,1,4,2,1,1,1,0,4,2
1996,1,3,4,1,3,1,0,3,0,2,1,2,1,4,3,1,1,4
1997,0,1,4,0,1,0,0,4,0,3,3,2,0,1,4,0,2,1
1998,1,2,1,0,4,3,0,0,0,1,3,2,1,1,4,1,4,3
1999,0,1,4,0,0,3,0,0,0,1,1,1,1,1,2,0,1,1
2000,0,0,0,0,1,0,0,0,0,1,1,1,0,3,0,0,1,0
2001,0,4,0,0,1,0,0,0,0,3,3,3,0,3,0,0,0,0
2002,4,1,3,4,0,3,4,3,4,2,4,4,3,4,2,4,4,4
2003,0,0,0,0,0,0,0,0,0,1,4,3,0,4,0,0,2,0
2004,0,2,3,0,0,1,0,0,0,2,4,3,4,4,4,1,4,1
2005,0,2,0,0,3,0,0,0,4,1,3,3,0,4,0,0,3,0
2006,1,4,3,4,0,4,0,0,4,3,4,4,2,4,3,3,0,4
2007,1,4,3,2,0,3,0,0,0,2,4,2,3,4,2,1,1,4
2008,1,2,3,3,0,3,0,0,1,3,4,3,4,4,3,3,0,4
2009,3,3,1,4,0,1,0,1,0,3,2,3,2,3,2,2,3,1
2010,3,2,2,4,0,4,0,0,1,2,4,3,4,4,3,1,0,3
2011,0,4,1,0,0,0,0,2,0,3,1,3,1,2,1,0,2,0
2012,0,2,0,0,0,1,0,0,4,2,1,1,1,0,4,4,1,4
2013,0,3,3,4,0,1,0,0,1,4,0,4,4,0,1,4,0,2
2014,0,2,4,0,3,0,0,4,4,2,1,2,0,2,3,0,3,0
2015,0,4,0,0,4,4,4,4,1,2,2,3,0,3,4,0,3,0
2016,4,2,3,2,0,2,0,0,3,1,0,1,3,0,4,4,0,2
2017,3,4,3,0,4,2,0,0,0,2,1,1,2,1,4,1,2,1
2018,1,4,1,0,0,1,0,1,0,3,3,2,0,4,2,3,3,2
2020,0,1,0,0,3,1,0,0,0,2,2,3,1,1,1,0,1,0
2021,1,3,3,0,4,4,0,1,0,4,2,2,4,2,4,1,3,1
2022,0,1,0,0,4,1,0,0,0,3,2,1,4,1,3,0,1,1
2023,3,3,1,2,0,3,0,0,0,4,0,3,3,0,1,1,0,1
2024,0,4,0,0,0,4,0,0,1,3,3,4,4,2,1,4,3,4
2025,1,1,4,0,0,0,0,0,3,4,1,4,1,0,3,0,3,1
2026,0,4,3,0,4,1,0,1,0,2,4,3,2,3,1,2,2,2
2027,1,4,2,3,4,1,0,0,4,2,3,2,1,1,2,2,4,4
2028,0,4,0,0,0,3,0,0,0,3,4,3,4,2,2,0,2,4
2029,0,1,1,0,1,1,0,1,1,3,3,1,1,3,2,3,1,1
2030,0,1,0,0,1,1,0,1,0,4,4,2,3,2,4,0,2,0
2031,0,4,4,0,2,0,0,0,0,2,4,4,0,4,0,0,3,0
2032,0,0,1,0,4,1,0,1,0,4,3,3,1,4,1,0,2,0
2033,1,3,2,0,4,4,0,0,0,3,4,3,3,4,2,0,1,4
2034,0,4,0,0,0,1,0,4,4,2,3,3,1,3,3,1,4,4
2035,1,4,4,0,0,4,0,0,4,4,0,1,2,0,3,1,0,4
2036,0,1,1,2,0,1,0,0,0,4,1,3,2,0,2,0,0,0
2037,0,1,2,1,0,1,0,0,3,4,4,2,2,0,2,4,2,4
2038,1,4,4,0,0,0,0,0,0,3,0,1,3,0,3,0,0,0
2039,0,4,0,0,2,1,2,3,1,4,3,3,0,2,4,0,4,0
2040,4,4,4,0,0,3,0,0,1,2,1,2,3,1,2,1,1,4
2041,0,4,0,0,3,4,0,0,0,3,4,4,0,4,4,0,3,0
2042,4,1,1,0,0,3,0,0,1,2,3,2,3,2,3,1,3,2
2043,1,3,1,0,1,3,0,2,1,3,3,1,3,2,3,1,1,0
2044,0,4,0,0,0,0,0,0,0,2,3,3,0,0,0,0,3,0
2045,4,4,3,3,4,4,0,0,4,2,4,4,2,3,4,0,4,3
2046,1,3,3,3,0,4,0,0,2,4,1,4,2,0,4,0,0,0
2047,0,2,0,0,0,3,0,1,0,4,3,1,0,3,1,0,1,0
2048,0,1,1,0,4,0,0,0,0,2,3,3,0,2,0,0,2,0
2049,2,3,1,3,0,2,0,0,0,4,1,1,2,1,3,4,0,0
2050,1,2,1,1,1,3,3,0,3,2,1,1,4,0,1,2,1,0
2051,2,2,1,1,0,4,0,0,0,4,0,2,2,0,3,4,0,4
2052,0,1,3,1,1,2,0,0,0,4,3,2,4,4,2,1,2,2
2053,0,3,1,0,4,0,0,0,0,3,3,3,1,1,1,0,2,0
2054,1,2,2,1,0,1,0,0,0,2,4,4,4,0,1,4,3,4
2055,0,2,1,0,1,0,0,1,0,2,4,4,0,1,0,0,3,0
2056,0,3,1,0,0,3,0,0,0,4,4,3,4,1,1,1,4,4
2057,2,3,1,3,0,3,0,4,3,2,3,3,2,4,4,1,0,0
2058,2,2,2,4,4,2,0,0,4,3,0,2,4,1,4,2,0,3
2059,0,3,0,0,0,1,0,0,0,2,3,2,3,3,4,4,0,4
2060,4,3,4,0,0,2,0,0,0,2,0,1,3,0,1,2,0,1
2061,0,3,4,0,4,0,0,0,0,3,1,2,0,1,0,0,4,0
2062,1,3,1,1,1,2,0,0,0,3,4,4,2,1,2,1,1,3
2063,0,4,1,0,4,2,0,0,0,4,1,3,0,4,1,1,1,1
2064,1,4,3,1,0,3,0,0,4,4,4,4,3,0,4,3,0,4
2065,0,1,0,0,4,0,0,0,0,3,3,2,0,0,0,0,3,0
2066,0,3,0,0,1,1,0,1,0,3,1,3,0,1,0,0,4,0
2067,0,0,0,0,0,4,0,0,0,1,0,4,4,0,3,4,0,0
2068,4,2,2,0,0,2,0,0,1,4,4,3,4,1,3,0,1,0
2069,0,3,0,0,3,3,4,0,1,1,1,2,0,2,1,0,1,0
2070,4,2,2,3,0,2,0,0,1,3,1,2,3,1,3,1,1,4
2071,3,3,2,4,0,1,0,0,0,1,1,3,3,0,3,3,0,3
2072,0,2,1,0,1,4,0,1,0,1,1,1,0,4,3,0,1,1
2073,1,2,4,0,1,4,0,0,4,3,3,2,1,2,1,1,3,1
2074,2,3,4,4,0,3,0,0,1,2,3,3,4,4,1,2,1,0
2075,0,1,0,0,1,4,0,1,0,1,3,3,0,3,0,0,3,0
2076,0,4,2,0,1,1,0,1,4,1,1,1,1,1,2,0,1,2
2077,0,1,0,0,0,4,0,4,0,3,2,3,0,3,1,0,3,4
2078,1,2,3,0,3,1,0,1,4,4,3,3,3,1,1,0,4,1
2079,0,1,0,0,1,3,0,0,0,3,3,2,0,4,1,0,4,0
2080,1,4,3,0,0,3,0,0,1,3,3,3,3,1,1,1,4,1
2081,0,1,4,3,0,1,0,1,0,2,3,3,1,3,1,0,1,0
2082,0,3,1,0,0,0,0,0,0,2,3,2,0,2,1,0,1,0
2083,0,4,2,0,1,1,0,0,0,1,3,2,0,3,4,0,3,1
2084,0,1,0,0,4,0,0,0,0,4,2,1,0,3,0,0,2,0
2085,4,2,1,1,0,1,0,1,0,3,1,3,3,2,1,4,4,4
2086,0,0,0,0,4,4,0,0,0,3,3,3,0,3,0,0,2,0
2087,0,3,3,0,0,1,0,0,4,2,4,3,1,4,4,2,0,3
2088,0,1,0,0,0,1,0,2,0,2,2,1,0,2,1,0,2,0
2089,4,1,3,4,0,4,0,0,0,4,4,4,1,4,2,4,4,4
2090,0,1,1,3,0,1,0,0,0,3,0,1,2,0,2,2,0,4
2091,1,2,3,1,0,0,0,3,0,3,1,1,3,2,4,0,2,0
2092,4,2,3,1,1,2,0,0,0,2,1,2,2,1,2,4,2,3
2093,1,4,3,3,0,1,0,0,4,1,1,4,4,0,4,4,0,1
2094,0,4,0,0,2,0,0,0,0,3,3,3,0,2,0,0,4,0
2095,3,2,1,2,0,3,0,0,1,1,1,1,3,1,1,2,0,2
2096,0,0,0,0,1,0,3,4,4,4,3,2,0,4,0,0,2,0
2097,4,4,2,0,4,4,0,0,3,3,3,4,2,0,2,1,0,4
2098,0,3,2,2,1,4,0,0,4,3,4,3,3,2,4,1,1,4
2099,0,3,3,0,0,2,0,1,0,3,2,2,3,1,3,3,4,2
2100,0,3,4,0,1,1,0,0,0,3,2,2,4,0,4,4,2,4
2101,0,4,0,0,3,4,1,0,2,2,1,1,2,1,0,4,1,0
2102,4,2,4,0,0,4,0,4,4,1,1,1,4,2,4,4,1,3
2103,0,3,0,0,0,0,0,1,0,2,2,3,1,2,2,0,4,0
2104,0,1,1,0,0,0,0,0,0,2,3,2,1,2,1,0,4,0
2105,1,2,4,2,0,0,0,0,0,3,4,3,4,4,4,3,4,4
2106,0,2,0,0,0,0,0,0,0,2,2,1,0,2,0,0,1,0
2107,4,3,3,0,4,1,0,0,0,3,4,1,2,4,1,3,0,4
2108,1,2,4,2,0,4,0,0,0,1,1,1,1,1,3,2,1,2
2109,4,3,4,4,0,1,0,4,3,2,1,2,0,0,4,0,0,0
2110,0,3,1,4,0,3,0,0,0,2,1,3,1,1,3,3,1,3
2111,0,4,4,0,0,4,0,3,3,1,3,3,4,2,3,0,3,0
2112,1,1,1,3,4,3,2,2,2,1,2,2,3,2,1,1,2,2
2113,0,4,1,0,0,0,0,0,0,2,2,3,0,0,1,0,0,0
2114,2,1,4,3,0,0,0,0,3,1,1,3,4,1,4,3,0,2
2115,0,1,2,0,4,3,0,0,0,4,2,3,0,4,2,0,4,1
2116,4,1,0,1,0,0,0,0,4,3,4,3,3,1,4,0,0,0
2117,4,4,3,0,3,0,0,0,0,4,4,3,3,3,3,0,3,2
2118,0,1,0,0,0,1,0,0,0,2,1,3,0,4,1,0,4,0
2119,1,1,0,1,0,1,0,0,0,1,2,1,0,0,1,1,0,2
2120,4,4,3,0,4,3,0,0,0,3,3,3,0,3,4,3,4,2
2121,1,3,1,4,0,3,0,0,0,3,1,1,4,1,3,3,4,1
2122,4,4,4,1,0,0,0,0,0,1,4,4,3,4,2,3,0,0
2123,1,1,4,0,4,3,0,0,0,3,4,1,1,0,4,1,4,4
2124,4,1,2,4,0,2,0,0,0,4,4,4,4,0,3,4,4,2
2125,4,2,3,2,0,2,0,0,4,2,4,2,3,4,3,2,4,2
2126,0,1,0,3,0,1,0,0,4,1,4,1,4,4,1,3,0,4
2127,0,3,1,1,4,4,0,0,0,1,4,1,1,4,1,0,4,0
2128,3,2,0,1,0,2,0,0,0,1,1,1,3,1,1,4,0,1
2129,0,4,1,0,1,4,0,0,0,3,3,2,4,4,1,0,1,4
2130,0,3,0,0,0,4,0,0,0,3,4,3,4,0,2,1,0,0
2131,0,2,1,0,0,0,0,0,0,1,4,3,1,0,0,0,4,3
2132,0,3,1,0,1,0,0,0,0,3,4,4,0,4,1,0,4,1
2133,0,4,3,0,0,3,0,0,0,3,4,3,4,0,3,0,4,0
2134,0,2,4,0,1,3,0,4,1,2,4,3,1,3,2,0,3,0
2135,0,4,4,0,1,1,0,1,3,2,4,3,0,2,1,0,3,4
2136,4,4,4,0,0,3,0,0,0,2,1,2,4,1,4,4,0,3
2137,0,2,1,1,0,1,0,0,0,2,4,3,2,0,2,4,4,2
2138,1,2,2,1,0,1,0,0,2,1,4,3,4,4,2,2,4,1
2139,4,4,4,0,0,1,0,0,0,3,1,3,1,0,2,3,1,4
2140,0,3,4,0,0,4,0,0,0,3,2,2,0,0,1,0,4,0
2141,0,4,1,0,1,4,0,0,0,3,1,1,0,4,1,4,4,4
2142,0,0,1,0,2,1,0,0,0,3,3,3,0,4,1,0,4,4
2143,3,3,3,4,0,1,0,0,4,3,1,3,3,0,3,3,0,2
2144,1,2,3,3,0,1,0,0,0,1,4,4,1,1,3,3,4,2
2145,1,2,1,1,0,1,0,0,0,2,0,2,4,0,1,1,0,4
2146,0,4,0,0,1,0,0,0,0,3,2,2,0,1,0,0,1,0
2147,0,3,3,0,0,1,0,0,4,3,1,2,3,0,2,4,0,1
2148,0,4,3,4,4,1,0,2,4,3,4,4,4,4,3,3,2,2
2149,1,2,0,1,4,3,0,0,4,2,2,4,3,0,3,4,2,4
2150,0,2,1,0,0,2,0,0,0,1,1,3,1,0,2,2,0,1
2151,0,3,1,0,4,0,0,0,0,3,2,2,0,4,4,0,4,0
2152,0,1,2,0,2,3,0,0,4,3,4,2,1,2,2,1,4,1
2153,0,1,0,0,4,0,0,0,0,3,3,4,0,2,4,0,1,0
2154,0,2,1,1,0,0,0,0,0,2,4,1,2,1,1,1,4,2
2155,0,1,0,4,0,4,0,0,0,2,3,3,1,1,4,0,0,0
2156,4,4,2,2,4,1,0,0,0,2,3,2,2,0,3,4,0,0
2157,0,4,1,0,0,4,0,0,4,1,4,2,4,2,2,0,3,1
2158,2,2,3,3,0,3,0,0,0,4,0,1,3,0,3,4,0,3
2159,1,3,3,1,0,0,0,0,0,3,3,3,3,4,4,0,1,0
2160,0,3,2,0,4,0,0,1,0,1,1,3,2,1,3,0,3,0
2161,0,3,3,0,0,1,0,0,3,1,1,1,3,0,4,1,1,0
2162,4,3,3,1,0,4,0,0,0,1,1,3,1,1,3,2,1,2
2163,0,2,1,0,2,0,0,1,0,3,1,2,1,1,1,0,3,0
2164,0,4,0,0,1,4,0,1,1,2,3,3,0,3,4,4,3,4
2165,4,0,4,0,3,0,0,4,0,3,3,3,4,2,4,4,1,0
2166,0,1,0,0,4,0,0,3,0,3,2,3,0,2,0,0,3,0
2167,0,2,0,0,4,4,0,3,0,1,2,3,0,2,4,0,4,4
2168,0,3,3,4,0,1,4,3,1,2,1,1,1,3,1,0,2,2
2169,4,4,2,1,1,2,0,4,0,1,1,2,4,4,2,1,2,3
2170,0,4,0,1,4,0,0,0,0,4,4,4,2,4,4,4,1,4
2171,4,3,3,0,0,3,4,4,3,2,1,3,4,0,4,4,0,1
2172,2,4,2,4,0,3,0,4,1,3,4,4,4,4,4,1,0,4
2173,0,2,1,0,0,1,0,4,1,3,2,2,0,1,4,1,3,4
2174,0,4,4,0,3,1,4,2,4,4,1,3,4,2,4,1,2,1
2175,1,4,0,0,4,4,0,4,0,2,2,3,1,2,1,1,4,1
2176,0,4,0,0,0,0,0,3,0,1,2,2,1,1,2,1,3,1
2177,4,4,3,3,4,3,0,0,1,3,3,3,4,4,2,1,4,0
2178,0,4,4,0,0,4,0,0,0,4,1,1,4,0,4,0,0,4
2179,2,3,2,0,0,0,0,4,4,4,3,4,3,4,2,0,3,4
2180,0,2,0,0,1,0,0,3,1,3,3,3,0,1,4,0,2,1
2181,0,1,4,1,0,1,0,0,4,2,1,2,3,4,4,0,1,0
2182,0,1,0,0,4,1,0,1,0,4,1,3,0,4,0,0,3,4
2183,0,4,0,0,4,1,0,0,0,2,2,4,0,4,1,0,2,0
2184,1,1,1,1,0,1,0,0,0,1,4,2,3,0,2,4,4,3
2185,1,4,3,4,0,1,0,0,0,2,3,4,2,4,2,1,4,3
2186,1,4,1,4,4,2,0,0,0,2,3,2,2,3,2,1,1,1
2187,3,4,1,0,4,4,0,0,0,1,4,3,3,4,4,0,0,1
2188,0,0,0,0,1,0,0,0,0,2,2,3,0,0,0,0,3,0
2189,0,2,1,0,0,1,0,0,4,2,4,1,1,4,1,2,0,0
2190,4,4,1,4,4,4,0,1,4,3,2,3,1,2,1,4,4,0
2191,0,1,0,4,2,0,0,3,4,2,3,3,4,1,4,0,2,0
2192,4,3,3,2,0,4,0,0,0,3,1,4,4,0,1,4,0,4
2193,0,4,0,0,2,0,0,0,0,3,1,3,0,4,0,0,4,0
2195,1,3,1,0,0,1,0,0,4,4,2,2,3,4,1,0,1,1
2196,0,1,3,0,3,2,0,4,1,3,3,2,1,4,1,0,2,1
2197,1,2,2,1,0,1,0,1,2,3,2,2,1,1,2,1,2,0
2198,0,1,1,2,1,1,0,0,1,4,1,1,2,1,1,2,1,0
2199,0,2,0,4,0,0,0,0,0,1,1,3,2,0,3,4,0,0
2200,0,1,4,0,0,3,0,0,0,3,1,4,0,0,4,4,0,2
2201,0,4,0,0,2,0,0,4,0,3,1,2,1,2,4,0,2,0
2202,2,3,3,0,0,4,0,4,0,3,4,3,3,4,2,2,2,1
2203,0,3,0,0,1,0,0,0,0,2,3,3,0,2,4,0,2,0
2204,0,4,0,0,4,1,0,1,0,4,4,4,0,2,4,0,1,1
2205,2,4,4,3,0,3,0,0,0,2,4,3,3,4,1,4,4,1
2206,1,0,1,0,0,0,0,0,4,4,3,1,2,0,3,1,4,1
2207,1,1,4,2,0,3,0,1,0,3,1,2,1,2,2,1,1,1
2208,0,4,4,0,0,4,0,4,4,1,4,2,0,2,1,0,2,0
2209,0,4,3,3,0,3,0,0,0,2,1,1,4,1,3,3,4,2
2210,0,1,4,0,4,4,0,3,4,2,4,3,0,2,2,0,3,0
2211,0,2,0,0,2,1,0,0,1,1,1,2,0,4,1,0,3,3
2212,0,4,4,0,0,4,0,0,0,3,3,2,0,2,4,0,4,0
2213,0,3,0,0,0,1,0,0,0,1,4,4,0,3,2,0,1,1
2214,0,3,3,0,0,4,0,0,4,2,3,2,0,1,1,0,4,0
2215,0,1,0,0,4,0,0,0,0,2,1,2,0,2,0,0,1,0
2216,0,3,0,0,0,2,0,0,4,1,0,1,3,1,1,3,0,1
2217,2,4,3,0,0,3,0,0,0,3,0,3,3,0,4,3,0,1
2218,1,1,4,3,0,3,0,0,0,2,1,2,4,3,2,2,3,0
2219,4,4,4,4,0,3,0,0,2,3,0,4,3,0,4,2,0,4
2220,0,3,0,3,4,0,0,0,0,2,2,2,1,0,1,0,1,0
2221,4,1,2,0,0,1,0,0,0,2,1,2,2,1,3,2,1,2
2222,0,3,4,0,3,4,0,1,0,3,1,4,0,3,1,0,4,4
2223,4,1,2,2,1,4,0,0,1,1,1,2,3,0,4,2,1,1
2224,0,1,4,0,0,4,0,0,4,2,1,2,3,0,2,4,4,1
2225,1,1,1,4,0,0,0,3,3,2,4,1,1,1,3,0,0,1
2226,1,3,2,2,0,3,0,0,0,3,2,1,1,4,3,2,2,4
2227,0,0,1,0,1,1,0,0,0,1,1,2,1,4,1,1,1,0
2228,0,4,3,0,0,2,0,0,4,4,4,3,2,0,3,4,2,3
2229,1,3,1,4,1,0,0,0,0,1,1,1,2,1,2,3,1,0
2230,0,1,4,4,0,2,0,0,0,1,4,2,4,4,1,4,3,4
2231,2,3,1,0,0,0,0,0,0,1,1,2,1,1,1,1,1,0
2232,4,2,4,0,0,4,0,0,1,2,1,1,4,4,4,4,4,3
2233,0,2,3,0,0,4,0,0,0,3,0,1,1,0,3,1,0,0
2234,2,2,3,0,0,1,0,4,1,3,1,4,2,4,4,3,2,3
2235,4,1,2,0,0,1,0,0,0,4,4,4,2,1,4,3,0,1
2236,4,4,0,0,0,0,0,0,0,2,2,1,0,1,4,0,1,0
2237,4,2,3,2,0,1,0,0,0,2,2,2,3,4,3,2,0,0
2238,1,3,1,1,0,4,0,0,0,2,3,2,3,1,4,4,2,4
2239,4,1,3,4,0,1,0,0,4,3,0,4,3,0,2,3,0,4
2240,0,3,0,0,4,0,0,4,0,3,3,3,0,2,4,0,3,4
2241,0,3,3,0,4,0,0,0,0,2,2,3,2,3,4,4,2,0
2242,0,0,1,3,1,4,0,4,1,3,3,3,1,4,3,3,4,0
2243,1,3,1,0,0,3,0,0,4,1,4,1,1,4,4,2,0,3
2244,0,4,1,4,0,1,0,0,0,3,4,1,1,1,1,1,0,1
2245,0,0,1,0,0,0,0,0,0,4,4,1,0,2,0,0,2,0
2246,0,2,0,0,0,0,0,0,0,2,3,2,0,4,0,0,3,0
2247,0,4,0,0,1,0,0,0,0,1,2,2,0,3,0,0,2,0
2248,4,1,2,2,0,2,0,0,4,1,0,4,4,0,2,0,0,0
2249,0,2,4,4,1,3,0,4,0,2,2,3,4,3,4,3,3,4
2250,0,4,0,0,4,0,0,0,4,1,3,2,0,4,0,0,2,0
2251,0,3,1,0,0,4,0,0,0,2,1,2,0,2,4,1,2,1
2252,0,1,1,0,4,2,0,0,0,3,3,4,0,3,0,0,4,0
2253,0,1,1,0,2,4,0,0,0,3,2,2,1,3,4,0,1,3
2254,3,3,3,0,4,1,0,0,0,1,4,3,1,4,4,2,0,1
2255,0,2,4,0,0,3,0,1,0,3,3,1,4,2,1,4,3,1
2256,3,4,3,4,0,4,0,0,4,4,4,4,2,4,3,0,4,4
2257,0,4,0,0,4,0,0,0,0,2,1,2,0,3,4,0,2,4
2258,1,1,3,0,1,3,0,4,4,3,4,3,3,0,1,1,0,4
2259,1,3,2,2,0,1,0,0,1,1,1,2,2,0,1,3,1,1
2260,0,2,1,0,0,4,0,0,0,3,1,2,3,0,1,4,0,3
2261,1,1,1,1,0,4,0,0,4,2,4,3,3,0,1,0,0,0
2262,1,2,1,3,0,4,0,4,4,1,4,2,2,4,3,2,4,1
2263,0,3,0,0,2,1,0,0,0,2,3,3,0,4,0,0,3,0
2264,0,4,4,0,0,0,0,4,0,1,4,4,0,3,4,0,1,0
2265,0,3,3,0,0,4,0,0,0,4,4,4,3,0,1,0,0,4
2266,1,3,1,4,0,4,0,1,1,2,3,1,4,4,1,2,3,3
2267,0,2,0,0,0,0,0,0,0,2,2,3,0,1,1,0,4,0
2268,0,0,3,1,1,3,0,0,0,2,2,1,1,2,2,0,2,0
2269,1,2,4,0,0,1,0,3,0,2,2,2,4,2,4,1,1,2
2270,0,4,0,1,3,4,0,0,0,0,4,4,0,0,3,0,2,0
2271,0,2,0,0,1,1,0,1,0,2,2,2,0,2,4,0,2,1
2272,4,4,2,1,0,1,0,0,0,3,4,3,4,4,2,2,3,4
2273,0,0,0,0,0,0,0,0,0,2,4,4,0,4,0,0,4,0
2274,1,3,4,2,1,3,0,2,4,3,3,2,4,4,4,2,2,2
2275,0,2,3,1,0,3,0,0,1,3,0,3,3,4,2,0,0,4
2276,2,2,4,1,0,4,0,0,0,3,4,4,2,4,3,3,1,4
2277,1,3,1,2,1,1,0,0,0,4,2,1,4,1,3,3,4,1
2278,4,1,4,2,0,2,0,0,0,1,4,2,4,4,4,1,4,2
2279,0,0,0,0,0,0,0,0,0,4,4,4,0,1,0,0,4,0
2280,1,2,3,4,0,4,0,0,1,4,4,2,1,0,3,3,0,2
2281,0,1,0,0,0,0,0,1,0,2,2,4,0,2,1,0,3,0
2282,0,2,4,0,4,0,0,0,0,4,4,2,0,4,1,0,3,0
2283,0,4,1,0,4,4,0,4,0,1,4,2,0,4,3,0,2,0
2284,1,3,4,0,0,1,0,0,1,3,4,3,2,0,1,4,0,3
2285,0,2,0,0,4,0,0,1,0,1,3,1,4,1,1,0,3,1
2286,2,3,3,0,0,2,0,0,0,2,4,4,4,4,2,1,1,3
2287,2,3,3,0,0,1,0,0,0,4,0,3,3,0,3,2,0,4
2288,0,4,4,4,4,1,0,4,0,3,4,3,2,4,4,3,2,3
2289,0,2,0,0,0,1,0,0,4,2,0,2,1,0,3,3,0,1
2290,2,4,1,0,0,1,0,0,0,4,1,1,4,0,4,2,0,0
2291,0,0,1,0,1,0,0,0,0,3,4,3,0,3,0,0,3,1
2292,0,0,1,0,3,4,0,4,4,4,3,4,2,4,2,0,2,1
2293,3,4,1,3,0,4,0,0,0,3,1,3,4,0,3,4,0,4
2294,0,1,0,0,2,1,1,0,0,2,4,1,4,2,4,0,1,0
2295,0,4,4,1,0,2,0,0,2,2,4,3,2,4,4,2,4,2
2296,0,2,4,4,0,4,0,0,0,4,0,3,3,0,3,3,0,1
2297,0,4,1,0,0,0,0,0,0,3,4,2,4,2,4,0,4,1
2298,0,2,2,0,2,1,0,1,0,3,4,3,0,3,4,0,3,3
2299,0,1,0,0,4,1,0,4,0,4,4,3,0,2,1,0,3,4
2300,3,2,3,1,0,4,0,0,2,1,0,4,2,0,4,4,0,4
2301,2,1,1,3,4,3,0,0,1,4,3,2,2,4,1,3,2,2
2302,0,2,3,1,0,1,0,0,3,2,4,3,3,0,2,1,0,1
2303,0,1,3,0,0,0,4,1,2,3,4,4,0,1,4,0,2,1
2304,0,2,0,0,2,0,0,4,0,2,2,3,0,3,2,0,4,3
2305,0,3,4,0,0,1,0,0,2,2,1,1,1,0,1,1,0,3
2306,0,4,3,0,1,2,0,3,0,3,2,4,0,3,1,0,1,0
2307,0,4,0,0,4,0,0,0,0,2,2,2,0,3,0,0,4,0
2308,0,3,0,0,1,0,0,2,0,3,4,2,0,2,1,0,2,0
2309,4,4,1,4,0,2,0,0,0,3,2,3,3,1,1,1,1,2
2310,1,4,3,1,0,3,0,0,0,3,2,4,2,1,2,2,3,1
2311,1,2,4,3,0,2,0,0,0,1,3,2,3,0,3,1,0,0
2312,0,4,1,4,0,1,0,0,0,3,0,3,4,0,4,2,0,4
2313,0,1,2,0,0,1,0,4,4,1,1,2,3,4,2,3,4,4
2314,0,3,0,2,0,1,0,0,4,4,1,3,4,1,4,0,0,0
2315,1,4,1,3,0,3,0,3,0,2,2,1,3,3,2,4,3,3
2316,0,3,1,0,2,4,1,0,1,2,1,3,3,3,4,0,1,0
2317,0,0,1,0,0,0,0,0,0,2,2,2,0,1,0,0,3,0
2318,0,2,0,0,4,0,0,0,0,3,1,3,0,4,4,0,4,0
2319,1,1,3,2,0,3,0,0,0,4,3,3,3,1,2,1,1,1
2320,1,4,2,1,4,2,0,0,4,1,4,3,4,1,4,1,1,2
2321,0,3,0,0,0,3,0,0,4,1,3,1,1,3,2,0,1,0
2322,0,2,1,0,0,0,0,0,1,4,2,2,0,2,0,0,3,2
2323,3,3,0,4,0,1,0,0,0,4,4,4,0,0,3,0,4,0
2324,0,4,1,0,2,3,0,0,0,1,2,3,1,2,2,0,1,0
2325,0,2,4,0,1,0,0,0,1,0,2,4,0,2,3,0,3,4
2326,0,1,0,0,4,0,0,4,0,2,2,2,0,1,0,0,3,0
2327,4,3,4,4,0,1,0,0,0,4,3,4,4,0,4,0,1,4
2328,0,1,0,0,4,2,0,1,0,4,2,3,0,4,4,0,1,0
2329,1,2,2,0,0,2,0,0,1,1,3,3,2,1,2,3,0,3
2330,0,1,1,1,0,1,0,4,0,3,3,2,0,4,1,0,1,0
2331,0,1,0,0,4,0,0,0,0,2,2,2,0,4,0,0,3,0
2332,0,2,1,0,0,3,0,0,0,3,0,3,4,0,0,0,0,4
2333,0,3,4,0,1,1,0,0,0,1,1,1,3,4,1,0,1,2
2334,4,4,3,1,0,1,0,0,1,2,4,3,3,0,4,3,4,3
2335,1,3,2,0,0,2,0,0,0,2,3,3,3,0,1,1,0,3
2336,4,4,4,2,0,1,0,0,4,2,1,3,3,0,4,2,0,0
2337,1,2,3,4,0,1,0,0,1,4,0,4,1,0,3,0,0,0
2338,0,2,4,0,0,1,0,0,2,4,1,2,4,3,2,2,1,3
2339,4,2,0,4,0,1,0,0,0,4,1,2,3,0,3,0,0,0
2340,1,2,1,4,0,0,0,0,0,2,4,3,4,4,2,0,4,0
2341,0,2,1,0,4,0,0,0,1,3,2,2,1,1,1,1,3,0
2342,0,1,0,0,4,0,0,0,0,2,2,2,0,4,0,0,0,0
2343,1,1,3,0,4,4,0,4,4,2,1,1,2,3,1,2,2,1
2344,4,1,2,0,1,1,0,4,0,3,2,3,1,4,3,0,2,4
2345,4,4,1,1,0,2,0,0,0,4,4,4,4,0,4,4,4,4
2346,1,1,2,0,1,4,0,3,4,1,3,2,1,2,3,0,1,0
2347,0,0,0,0,0,0,0,2,1,3,3,2,0,1,4,0,1,1
2348,0,1,0,0,0,0,0,1,0,4,1,1,0,4,0,0,1,0
2349,0,1,0,0,4,1,0,0,0,3,1,1,0,1,0,0,4,0
2350,0,3,1,0,1,0,0,0,0,4,2,2,0,2,1,0,2,1
2351,0,1,1,0,0,1,0,0,0,2,2,3,1,3,1,4,3,1
2352,0,4,0,0,2,0,0,0,0,4,1,2,4,4,4,0,3,0
2353,0,1,1,1,0,4,0,1,4,2,1,2,4,3,3,1,2,3
2354,4,2,4,0,0,2,0,0,1,4,0,4,4,0,4,3,0,3
2355,0,4,0,0,4,0,0,0,0,4,4,4,0,1,0,0,2,0
2356,0,1,1,0,1,4,0,0,0,1,3,2,0,1,0,0,1,4
2357,0,0,0,0,4,0,0,0,0,2,2,3,0,4,0,0,3,0
2358,0,4,0,0,0,0,0,0,0,2,1,4,4,1,0,0,0,0
2359,0,1,0,0,0,0,0,1,0,4,1,1,0,1,3,0,1,0
2360,0,0,0,0,4,0,0,0,0,0,1,1,0,2,0,0,0,0
2361,0,1,4,0,0,3,0,0,0,2,4,2,3,0,1,0,0,0
2362,0,2,2,1,0,2,1,0,1,4,2,3,4,3,3,4,4,1
2363,4,3,0,0,1,0,0,0,0,3,3,3,0,1,4,0,0,0
2364,4,4,1,3,1,3,0,2,0,1,3,2,4,1,2,2,2,1
2365,0,2,2,3,0,2,0,0,2,2,1,1,1,0,1,2,0,2
2367,0,0,0,0,2,1,0,4,0,2,1,1,1,1,0,0,2,0
2368,4,4,3,0,0,4,0,1,4,1,1,3,4,2,4,1,2,4
2369,0,3,1,0,4,4,0,1,0,3,3,1,1,4,1,0,4,0
2370,2,2,3,4,0,4,0,0,4,2,0,3,3,0,1,4,0,3
2371,0,2,0,0,4,0,0,4,0,3,3,3,0,2,1,0,2,1
2372,4,2,3,0,0,1,0,0,0,2,1,3,4,0,1,0,0,0
2373,3,3,1,1,0,1,0,1,0,3,2,3,1,4,2,1,1,1
2374,1,1,1,0,0,1,0,4,0,1,2,2,2,1,2,0,1,0
2375,4,0,1,1,0,3,0,0,4,3,4,2,3,0,2,0,0,0
2376,1,3,3,0,0,3,0,0,0,1,0,1,3,0,3,3,4,3
2377,0,3,4,0,1,0,0,1,0,4,2,2,0,2,1,0,2,1
2378,0,2,4,0,0,4,0,4,0,3,1,3,4,3,4,4,1,3
2379,0,0,0,0,3,0,0,0,0,3,4,2,0,4,0,0,0,0
2380,4,3,0,0,0,4,0,1,4,3,2,3,2,1,4,4,2,2
2381,0,3,0,0,4,0,4,3,1,4,3,2,0,3,0,0,4,0
2382,0,1,1,0,1,0,0,4,1,3,2,2,3,3,1,0,4,0
2383,4,4,1,0,4,1,0,0,4,1,4,3,4,0,3,2,1,3
2384,4,1,4,1,0,3,0,0,1,1,0,3,2,0,4,2,0,4
2385,1,1,1,3,1,3,0,0,0,3,2,3,2,3,1,4,1,4
2386,0,3,2,0,0,0,0,0,0,2,1,2,1,4,1,0,0,1
2387,0,4,4,0,0,0,0,0,0,1,1,3,4,0,2,0,0,0
2388,0,3,0,0,1,0,0,0,0,2,4,2,0,0,4,0,1,0
2389,1,2,3,4,0,2,0,0,0,3,1,2,0,0,3,2,0,2
2390,3,3,2,0,0,1,0,0,1,1,1,1,3,0,4,4,4,0
2391,1,3,2,0,0,4,0,0,0,3,0,2,1,0,4,3,0,1
2392,0,4,4,1,0,1,0,1,0,1,2,2,4,2,4,2,1,0
2393,1,3,2,2,4,2,0,1,0,4,3,3,3,3,3,2,2,1
2394,4,2,3,1,1,4,0,4,3,1,1,3,3,1,3,1,1,4
2395,0,2,4,0,0,0,0,0,4,3,2,3,0,4,4,0,4,0
2396,2,3,1,4,0,4,0,0,0,3,4,3,4,0,3,0,0,4
2397,0,4,0,0,2,0,0,1,0,0,1,3,0,3,4,0,3,3
2398,0,3,0,0,4,0,0,3,0,4,1,1,0,3,1,0,3,0
2399,0,3,0,0,0,0,0,0,0,2,4,3,0,0,0,1,0,4
2400,0,3,4,0,0,1,0,0,3,4,1,4,4,0,1,1,1,0
2401,0,4,0,0,2,0,0,0,0,2,2,2,0,3,0,0,4,0
2402,2,1,2,0,0,0,0,0,3,4,3,4,3,4,1,4,4,4
2403,0,2,0,0,1,0,4,3,0,4,2,2,0,2,3,0,3,0
2404,4,3,3,4,0,1,0,0,0,4,0,4,0,0,1,4,0,0
2405,0,2,0,0,4,0,0,0,0,3,3,3,0,4,0,0,2,0
2406,0,1,0,0,1,0,0,0,1,2,3,3,1,1,4,0,1,0
2407,0,3,0,0,2,1,0,4,4,2,4,3,0,3,1,0,3,0
2408,0,2,0,0,4,0,0,0,0,3,4,3,0,2,4,0,4,0
2409,1,3,3,1,0,4,0,0,0,2,0,1,2,0,4,1,0,4
2410,0,0,4,0,0,4,0,0,0,2,2,3,0,1,0,0,4,0
2411,3,2,4,4,0,3,0,0,0,3,4,2,1,1,4,2,4,4
2412,4,2,1,1,4,3,0,0,2,1,4,2,4,4,2,2,0,1
2413,0,2,1,0,0,2,0,4,0,4,4,2,2,0,3,0,0,4
2414,4,2,1,3,1,2,0,4,0,4,2,3,1,2,2,4,4,2
2415,0,4,0,0,1,1,1,1,4,1,1,1,0,4,4,0,4,0
2416,1,4,0,0,0,2,0,0,3,2,4,3,2,0,1,1,4,1
2417,0,3,0,0,0,0,0,4,0,3,2,4,0,4,0,0,4,0
2418,0,3,1,0,1,0,0,0,0,3,2,2,4,3,3,0,2,0
2419,0,1,0,1,0,0,0,0,0,2,4,3,0,1,1,0,2,0
2420,1,2,3,3,1,1,0,4,3,3,3,3,1,1,2,3,3,4
2421,0,2,1,0,4,0,0,0,0,4,2,3,3,1,0,0,4,0
2422,2,1,4,1,3,3,0,4,1,2,4,4,0,4,1,4,0,1
2423,4,1,2,4,0,4,0,0,0,4,0,4,3,0,4,1,0,4
2424,0,1,0,0,4,0,0,3,0,3,2,4,0,2,1,0,1,0
2425,0,2,4,4,0,3,0,0,0,2,0,3,2,0,1,0,0,4
2426,0,1,0,0,0,1,0,0,1,2,1,1,0,0,2,0,0,1
2427,0,3,4,0,0,3,0,0,0,4,4,4,4,0,4,4,3,4
2428,1,3,1,0,0,0,0,0,4,2,3,3,3,4,3,3,2,1
2429,4,3,2,4,0,2,0,0,4,4,4,1,4,4,2,2,0,4
2430,3,2,3,1,0,1,0,0,0,4,3,1,2,3,3,2,3,4
2431,1,2,0,0,0,3,0,0,0,1,1,1,4,1,4,2,2,0
2432,0,1,4,0,3,4,0,0,0,2,3,3,2,4,3,1,2,4
2433,1,3,2,0,0,3,0,0,0,3,1,2,2,4,4,4,2,4
2434,0,1,4,0,0,3,0,4,0,3,0,3,3,0,1,0,0,3
2435,1,1,3,2,0,1,0,0,0,3,2,3,3,1,2,1,2,2
2436,0,3,4,0,4,1,0,0,0,3,2,4,0,4,3,0,4,0
2437,4,1,4,2,1,1,0,0,0,3,1,3,2,3,1,0,0,0
2438,0,1,2,1,0,2,0,0,0,4,4,2,1,4,2,1,1,1
2439,1,1,3,3,1,1,0,0,1,1,3,2,1,1,1,1,4,0
2440,4,1,1,2,2,4,0,0,0,1,3,3,0,4,1,1,4,0
2441,0,4,0,0,1,0,0,1,0,1,3,1,0,1,1,0,1,4
2442,0,1,4,0,1,0,0,0,0,1,4,2,0,4,0,0,2,0
2443,3,3,4,3,0,1,0,0,1,4,4,4,2,0,2,4,4,0
2444,0,3,1,0,3,4,0,0,0,3,4,2,0,4,1,0,2,0
2445,0,2,0,0,4,1,0,4,0,1,3,3,0,4,1,0,1,0
2446,4,3,2,2,0,3,0,0,0,3,0,4,4,0,4,4,0,2
2447,0,4,0,0,1,0,0,0,0,3,4,3,0,2,1,0,1,4
2448,0,1,4,0,1,0,0,0,0,2,2,3,0,3,4,0,3,0
2449,1,3,1,0,0,2,0,1,0,2,1,4,2,0,3,0,0,0
2450,0,0,2,0,0,4,0,0,0,2,1,4,0,0,1,4,4,0
2451,4,1,3,0,0,1,0,0,1,1,0,3,2,0,4,3,0,3
2452,0,4,0,0,4,4,0,4,0,4,3,3,0,4,1,0,1,0
2453,4,2,4,0,0,1,0,0,0,1,1,1,1,4,3,1,0,4
2454,0,4,0,0,0,0,0,4,0,2,2,2,0,3,0,0,4,0
2455,0,2,0,0,1,0,0,1,3,2,2,3,0,2,0,0,2,0
2456,1,2,1,1,4,1,0,0,4,2,4,4,3,4,4,4,4,4
2457,2,0,2,1,0,4,0,0,0,3,0,3,4,0,1,1,0,3
2458,1,2,1,1,0,1,1,0,2,3,4,1,1,1,1,1,4,1
2459,0,4,4,0,3,4,0,1,0,4,3,3,1,2,4,0,1,1
2460,2,2,1,3,1,3,0,1,4,3,4,3,2,1,4,2,4,3
2461,1,3,1,4,0,2,0,2,0,4,4,3,2,4,3,2,3,3
2462,0,1,2,2,0,3,0,0,0,4,4,4,4,4,3,2,4,0
2463,1,2,3,0,4,3,0,2,0,2,1,3,1,0,1,1,4,1
2464,0,3,0,1,0,2,0,0,3,1,3,3,3,0,3,1,1,1
2465,0,2,2,2,0,4,0,0,2,2,4,1,3,0,3,3,0,2
2466,0,2,0,0,1,0,0,0,1,1,3,3,0,3,0,0,2,0
2467,0,3,0,0,4,0,0,0,0,3,3,4,0,4,0,0,2,0
2468,0,3,4,0,0,2,0,0,0,1,4,3,3,0,2,3,0,1
2469,0,2,3,0,2,1,0,2,0,2,3,2,1,4,4,0,4,4
2470,0,3,0,0,2,0,0,4,0,3,1,3,4,3,1,0,3,1
2471,1,1,1,1,0,1,0,0,1,1,1,2,1,0,1,1,0,1
2472,2,0,4,4,0,4,0,0,0,2,4,3,2,0,4,4,0,2
2473,1,2,3,1,0,1,0,0,0,4,4,3,2,4,4,1,0,4
2474,1,1,2,0,0,2,0,0,0,1,4,2,1,0,4,4,0,0
2475,0,2,4,0,3,0,0,2,4,1,3,2,0,1,1,1,2,1
2476,0,3,4,0,3,2,0,0,0,1,3,3,4,1,4,0,4,0
2477,3,3,1,1,0,4,0,0,0,1,1,1,2,1,1,3,4,1
2478,4,4,2,4,4,3,0,0,0,4,4,3,3,1,4,4,1,4
2479,1,4,0,0,3,0,0,0,0,3,3,3,1,3,0,0,1,0
2480,0,2,1,0,2,1,0,3,2,2,2,2,0,3,1,1,4,1
2481,4,1,3,0,0,2,0,0,0,4,4,3,1,0,4,3,0,4
2482,0,2,0,0,0,0,0,0,0,1,4,1,1,0,4,0,0,0
2483,0,3,0,0,2,0,0,3,2,2,3,1,0,4,4,0,2,1
2484,0,1,4,3,0,4,0,0,1,3,3,3,1,0,2,1,4,2
2485,2,3,4,0,0,4,0,0,4,3,0,3,4,0,4,1,0,4
2486,3,4,1,1,0,4,0,0,3,4,1,2,1,2,1,2,4,1
2487,0,4,4,0,1,0,0,0,0,1,3,3,1,3,2,3,3,4
2488,1,1,3,0,0,4,0,0,1,1,1,1,2,3,4,1,0,0
2489,0,4,0,0,0,0,0,0,0,1,1,1,0,2,0,0,2,0
2490,0,3,4,1,0,2,0,0,3,3,1,2,3,4,1,1,1,1
2491,0,1,0,0,1,0,0,4,0,2,3,2,2,1,1,0,1,4
2492,0,4,2,0,4,0,0,4,4,4,1,3,1,1,1,0,3,0
2493,3,1,3,0,0,1,0,0,0,2,4,3,1,0,4,2,0,0
2494,4,2,2,3,1,3,0,0,4,3,1,1,1,1,2,1,1,3
2495,0,2,4,0,0,4,0,0,1,1,2,2,2,1,4,3,1,4
2496,1,1,1,1,0,1,0,1,2,3,0,1,1,0,1,1,0,1
2497,4,1,0,0,0,3,0,0,0,2,0,1,4,0,2,2,0,2
2498,1,2,2,4,0,1,0,0,0,2,0,4,1,0,1,4,0,2
2499,3,3,2,0,0,1,0,1,0,4,4,1,3,0,1,0,0,0
2500,0,4,0,0,0,0,0,0,0,3,1,3,0,4,0,0,0,0
2501,0,1,2,3,0,3,0,0,4,3,4,3,3,1,4,4,4,3
2502,4,4,1,2,4,1,0,0,0,3,4,4,3,4,3,1,4,1
2503,4,4,2,0,0,1,0,0,0,4,4,3,4,0,2,4,0,1
2504,0,1,4,1,0,2,0,0,0,2,3,3,2,0,1,1,4,1
2505,1,1,1,0,4,3,0,3,0,2,2,3,2,3,3,4,1,4
2506,3,4,3,0,0,2,0,0,0,3,0,1,4,1,2,3,0,2
2507,1,2,1,0,1,3,0,2,0,1,2,3,3,1,1,0,3,3
2508,0,4,0,0,4,1,0,0,0,4,3,3,0,3,1,0,1,0
2509,0,4,1,0,0,4,0,0,4,2,2,1,1,2,2,4,3,0
2510,4,3,0,2,0,2,0,0,4,3,4,3,2,0,3,4,0,3
2511,0,4,0,0,1,0,0,0,0,3,3,3,0,0,0,0,1,0
2512,0,4,1,0,1,0,0,0,0,4,1,3,0,4,3,0,0,0
2513,2,2,3,4,0,1,0,0,0,2,4,1,1,0,1,4,0,4
2514,0,2,4,4,2,3,0,0,4,2,2,3,1,3,4,1,2,4
2515,4,2,4,0,4,1,0,0,0,4,3,4,1,0,4,4,4,2
2516,0,1,1,0,0,0,0,4,0,1,4,2,1,1,1,0,4,0
2517,0,2,1,4,4,1,0,0,1,4,4,2,2,4,2,0,4,0
2518,0,3,4,0,2,1,0,2,0,1,3,2,4,3,1,0,2,0
2519,0,1,1,0,0,0,0,3,0,3,4,2,0,4,2,0,3,4
2520,0,2,1,0,0,3,0,4,1,2,2,2,1,4,2,0,2,0
2521,3,4,3,1,1,4,0,0,0,3,1,3,1,4,1,1,4,1
2522,3,3,3,1,0,2,0,0,0,2,0,1,2,0,4,3,0,2
2523,0,2,0,0,0,1,0,0,1,0,4,1,2,4,3,4,0,1
2524,0,4,4,0,2,4,0,3,1,3,3,2,0,2,4,4,2,0
2525,0,4,0,3,0,4,0,0,3,2,4,3,0,0,4,1,0,2
2526,0,4,4,1,0,4,0,0,0,1,4,4,3,0,2,1,4,4
2527,4,2,3,0,0,0,0,0,1,2,0,2,2,0,2,3,0,4
2528,0,2,2,0,0,0,0,2,0,2,3,4,1,3,4,0,4,4
2529,1,3,1,0,0,4,0,0,1,3,4,3,3,4,2,0,3,3
2530,0,1,4,0,0,0,0,0,0,3,1,3,0,1,1,0,4,0
2531,0,2,0,0,3,1,4,0,4,2,2,2,4,1,2,4,2,0
2532,0,3,4,0,0,0,0,0,0,3,2,3,0,1,4,0,0,0
2533,0,4,0,0,2,0,1,4,0,2,3,3,0,2,2,0,3,4
2534,2,3,1,2,0,2,0,0,1,2,0,1,1,4,2,1,0,1
2535,0,1,0,0,1,0,0,2,0,3,4,2,0,1,1,0,1,4
2536,0,3,1,0,2,0,0,0,0,3,1,2,4,2,3,0,4,4
2537,0,0,0,0,0,0,0,3,4,4,3,3,0,1,1,0,2,0
2538,3,1,3,1,1,1,0,1,0,2,2,1,3,3,2,1,1,1
2539,0,4,4,0,0,4,0,0,4,1,4,3,2,0,3,1,4,2
2540,4,3,4,3,1,2,0,1,0,2,1,4,1,1,4,2,1,2
2541,2,4,2,3,0,4,0,0,1,3,0,3,1,0,4,4,1,1
2542,0,4,4,0,2,1,0,1,4,3,3,4,4,2,1,4,3,4
2543,4,2,1,0,0,3,0,0,0,3,4,4,4,4,4,0,3,0
2544,4,3,1,4,0,2,4,0,3,2,4,2,2,4,1,2,1,1
2545,0,4,0,0,0,0,0,0,0,2,4,4,0,4,4,0,3,0
2546,0,2,2,0,0,1,0,0,4,1,4,3,4,0,4,3,0,2
2547,0,3,1,0,3,0,0,0,0,3,3,3,0,3,1,0,2,0
2548,0,4,4,1,0,4,0,0,0,1,4,3,2,4,3,3,0,3
2549,0,4,0,0,0,0,0,0,0,1,1,3,0,2,0,0,2,0
2550,1,3,0,0,1,0,0,4,0,2,3,2,3,3,3,0,2,1
2551,0,3,0,0,1,0,0,4,4,3,2,2,0,3,2,0,3,0
2552,0,4,3,4,4,3,0,1,1,1,1,1,1,3,2,4,4,4
2553,1,2,4,0,0,0,0,1,0,3,1,2,1,1,1,0,1,1
2554,0,2,0,0,1,1,0,1,4,2,4,4,4,3,2,0,4,3
2555,0,2,0,0,4,4,0,4,2,4,3,4,1,3,0,1,4,1
2556,0,1,1,0,0,1,0,0,0,1,1,1,1,0,3,1,1,0
2557,3,4,2,1,4,2,0,4,2,4,4,4,4,4,2,1,4,2
2558,0,2,4,2,0,3,0,0,0,2,0,1,1,0,3,1,0,2
2559,4,4,2,2,0,1,0,0,0,2,0,4,1,0,1,2,0,4
2560,1,0,0,0,4,3,0,0,0,2,2,2,0,3,3,0,4,0
2561,4,1,1,1,0,2,0,0,0,3,1,3,4,0,1,2,0,4
2562,4,1,0,0,0,0,0,3,0,1,3,1,0,1,3,0,4,0
2563,0,4,4,0,4,4,0,4,4,4,4,4,0,4,4,0,4,4
2564,0,1,1,0,1,2,0,0,0,3,4,3,0,4,3,0,3,0
2565,0,3,0,0,1,1,0,1,4,2,3,4,0,1,2,0,4,4
2566,4,3,3,4,4,1,0,0,0,4,4,1,1,4,2,2,0,2
2567,0,4,0,0,2,0,0,4,1,4,3,2,0,3,4,0,3,0
2568,0,1,4,0,0,0,0,4,0,4,1,2,0,4,1,0,1,0
2569,0,2,1,0,0,4,0,0,3,2,1,2,0,0,4,1,0,4
2570,2,4,2,4,4,2,0,0,0,2,1,2,1,3,2,4,1,2
2571,0,4,3,1,1,1,0,4,2,2,2,2,1,3,2,3,3,4
2572,0,2,3,3,0,1,0,0,0,2,4,2,4,4,2,4,4,3
2573,1,1,0,3,0,2,4,4,1,0,1,3,1,2,1,2,0,0
2574,1,2,4,4,0,3,0,0,0,2,1,2,3,0,2,0,4,4
2575,2,3,4,4,0,4,0,0,0,3,2,3,3,4,2,4,4,1
2576,0,4,3,0,4,4,0,2,1,4,3,2,0,1,4,0,2,1
2577,0,1,0,0,2,0,0,0,0,4,4,2,0,3,4,0,1,3
2578,4,3,2,0,4,4,0,0,4,3,4,2,4,1,1,4,0,3
2579,0,1,0,0,4,1,0,0,0,3,4,4,2,3,1,0,3,0
2580,4,1,4,2,0,3,0,0,1,0,0,4,3,0,3,2,0,2
2581,0,3,2,1,0,3,0,0,1,3,1,2,4,0,3,1,0,3
2582,0,0,0,0,1,0,0,1,1,3,4,3,0,1,1,0,2,2
2583,4,3,1,0,0,3,0,0,0,2,4,2,1,0,1,1,0,4
2584,0,1,1,0,1,3,1,1,1,3,1,1,4,2,4,0,1,0
2585,0,2,4,0,2,0,0,0,0,2,3,3,1,2,1,0,4,0
2586,0,4,1,1,0,3,0,0,0,2,3,2,1,2,2,0,2,3
2587,1,4,3,1,0,2,0,0,0,2,4,3,3,4,1,2,4,3
2588,0,0,0,0,4,0,0,3,2,1,1,1,0,2,1,0,2,0
2589,0,1,0,0,3,3,0,2,0,2,4,2,0,1,4,0,2,1
2590,0,3,1,1,0,2,0,0,4,1,1,1,1,3,4,2,2,2
2591,2,1,1,3,0,0,0,0,0,1,3,1,2,1,2,2,1,3
2592,0,4,3,1,1,2,0,0,1,1,4,1,1,2,2,3,0,4
2593,4,2,3,1,0,3,0,0,0,2,1,1,2,1,3,1,0,1
2594,0,4,1,0,1,0,0,0,0,1,2,2,0,1,0,0,4,0
2595,2,2,1,0,1,1,0,0,0,1,1,1,1,3,2,0,0,0
2596,0,3,0,0,1,0,0,0,0,3,4,2,4,4,1,0,2,3
2597,0,2,0,0,4,4,0,0,0,3,1,2,4,0,4,1,1,4
2598,2,0,1,3,0,1,0,0,0,3,4,2,3,0,1,1,0,1
2599,0,4,1,0,0,1,0,0,0,2,2,2,0,1,2,0,3,0
2600,0,4,0,0,4,4,0,3,0,3,2,3,0,3,0,0,3,0
2601,1,2,4,2,0,4,0,1,0,3,4,1,4,3,3,1,3,0
2602,4,3,3,0,0,0,0,4,0,2,1,2,3,4,3,1,1,4
2603,0,3,0,0,4,0,0,0,0,1,1,1,0,4,0,0,1,0
2604,1,1,2,3,0,3,0,0,0,4,3,3,3,4,2,1,4,0
2605,0,2,2,0,0,1,0,0,0,2,0,3,3,0,1,0,0,0
2606,0,2,4,0,4,0,0,4,4,2,1,1,0,2,0,0,2,4
2607,0,1,0,0,4,0,0,2,0,2,1,3,0,1,3,0,2,0
2608,0,1,2,2,4,0,0,0,0,2,4,3,3,4,1,3,0,4
2609,0,1,1,0,4,4,0,0,0,2,1,2,2,2,3,0,3,0
2610,0,1,0,0,4,0,0,4,4,4,3,2,2,1,0,0,1,0
2611,0,2,0,0,1,0,0,0,0,2,3,3,0,2,0,0,3,0
2612,4,3,4,1,0,4,0,0,4,3,4,4,3,0,2,1,0,0
2613,0,4,3,0,0,1,0,0,1,4,4,2,3,4,3,2,1,1
2614,0,2,0,0,0,0,0,0,0,1,2,2,2,1,1,0,1,0
2615,0,2,1,0,0,1,0,0,0,2,0,2,1,0,4,1,0,0
2616,0,3,0,2,0,2,0,0,3,4,4,2,2,4,2,4,4,0
2617,0,1,3,1,0,1,0,1,0,3,1,2,0,3,1,0,3,1
2618,0,1,4,0,1,0,0,2,4,2,1,2,0,2,4,0,4,4
2619,0,3,3,3,0,4,0,0,0,4,0,3,4,0,4,4,0,4
2620,0,2,0,0,4,0,1,4,3,2,3,2,0,2,1,0,4,0
2622,0,1,0,0,1,4,0,3,0,1,3,2,0,1,3,0,3,0
2623,3,2,1,0,0,3,0,0,4,1,0,3,1,0,3,3,0,4
2624,0,1,4,0,0,2,0,0,1,2,0,1,1,0,3,2,0,1
2625,0,3,4,2,0,2,0,0,0,1,4,4,3,2,2,2,4,3
2626,0,3,4,0,1,3,0,0,0,4,0,2,3,0,2,4,0,4
2627,0,3,4,0,0,1,0,0,0,1,0,1,2,1,3,0,0,0
2628,0,4,0,0,4,0,0,0,0,4,2,1,1,1,0,0,3,0
2629,1,1,3,0,4,3,0,4,0,3,3,2,2,4,4,4,3,0
2630,0,1,0,0,0,1,0,0,1,3,4,4,4,1,0,0,2,0
2631,0,2,1,1,0,1,0,0,0,1,2,3,1,0,1,1,4,0
2632,1,3,2,4,0,4,0,1,0,2,1,2,2,1,3,3,3,4
2633,0,2,0,0,0,2,0,0,4,2,1,3,1,1,1,4,0,4
2634,0,3,2,1,0,2,0,0,4,3,0,3,2,0,1,0,0,0
2635,0,1,4,0,4,0,0,0,0,2,4,2,4,3,4,4,1,4
2636,0,4,3,0,3,1,0,1,0,3,4,3,0,2,3,0,1,0
2637,0,1,4,0,1,0,0,0,4,1,2,1,0,4,1,0,2,0
2638,0,3,2,4,4,1,0,0,0,0,4,2,4,1,4,3,0,4
2639,1,1,1,1,0,2,0,0,0,1,0,4,3,0,1,4,0,0
2640,1,2,4,0,0,1,0,0,1,2,4,2,1,0,1,3,0,1
2641,1,2,1,1,0,3,0,0,2,2,0,4,1,0,3,1,0,0
2642,2,3,4,0,0,1,0,0,0,1,4,3,3,2,2,0,1,2
2643,4,2,3,3,0,3,0,0,4,4,3,3,1,2,3,3,3,1
2644,3,4,3,0,0,2,0,4,0,3,2,2,4,3,2,4,3,4
2645,3,1,3,1,0,3,0,0,0,3,4,3,2,1,2,3,0,1
2646,3,2,2,1,0,1,0,0,0,2,4,3,2,3,2,0,4,2
2647,0,1,0,0,4,0,0,0,0,3,2,3,0,0,4,0,2,0
2648,0,4,0,0,3,4,0,2,4,1,3,2,2,3,4,3,4,4
2649,0,2,4,0,1,0,0,1,4,4,2,3,2,2,4,4,1,4
2650,0,4,0,0,1,1,0,2,2,3,3,3,0,3,1,0,2,0
2651,0,4,0,0,0,0,0,0,0,3,2,2,0,0,1,0,4,0
2652,0,1,4,0,1,1,0,0,0,1,1,1,3,3,2,1,1,1
2653,0,4,1,2,0,4,0,0,0,3,4,3,4,0,2,0,4,0
2654,1,1,1,0,1,1,0,0,1,1,4,3,1,4,3,3,3,4
2655,4,4,0,4,0,3,0,0,0,4,0,3,2,0,3,4,0,4
2656,0,4,1,4,0,2,0,0,1,1,0,1,3,1,2,0,0,0
2657,3,1,2,4,0,3,0,0,4,4,4,3,1,0,2,2,0,1
2658,0,4,4,0,2,1,0,4,4,2,1,2,0,3,2,0,3,1
2659,0,4,1,0,3,4,0,4,0,1,2,2,1,2,2,0,3,0
2660,1,1,1,1,0,1,0,0,0,1,1,1,1,4,2,4,0,0
2661,2,3,1,1,4,2,0,0,0,1,1,1,2,4,1,1,0,1
2662,0,3,1,2,0,1,0,0,0,4,1,4,3,1,4,3,0,2
2663,0,2,4,1,0,1,0,0,0,3,4,2,4,0,2,1,4,4
2664,0,2,1,1,0,1,0,0,0,3,0,2,1,0,1,4,0,1
2665,3,3,3,3,4,2,0,4,0,4,4,4,4,4,3,4,4,0
2666,0,4,2,0,0,3,1,0,1,1,1,1,1,2,4,0,3,2
2667,0,3,1,0,0,1,0,0,0,2,1,2,1,0,3,0,4,0
2668,0,1,0,0,4,1,0,0,0,3,3,4,0,1,0,0,4,0
2669,0,3,0,0,0,3,0,0,0,2,0,3,4,0,1,1,0,0
2670,0,2,0,0,0,0,0,2,4,2,3,3,0,2,4,0,2,0
2671,1,3,2,3,4,4,0,4,1,4,2,4,2,4,2,2,1,3
2672,0,3,3,0,2,4,0,1,0,1,2,2,0,3,2,0,3,4
2673,0,1,0,0,4,2,0,0,0,2,2,2,4,1,0,0,2,0
2674,0,4,0,0,0,0,0,0,0,2,1,2,0,1,0,0,4,0
2675,1,1,4,1,0,1,0,0,0,3,1,2,3,4,3,1,1,4
2676,0,2,0,0,1,0,0,0,0,2,1,2,0,2,1,0,3,0
2677,4,4,3,4,0,4,0,0,0,4,4,4,1,0,3,4,0,4
2678,0,4,1,4,0,4,0,0,0,2,4,3,3,4,3,2,3,4
2679,2,1,3,3,0,3,0,0,1,3,1,2,2,1,3,4,3,1
2680,0,1,0,0,0,4,0,0,0,1,2,3,0,2,1,0,0,0
2681,0,1,0,0,1,1,0,0,0,4,3,3,1,3,1,0,0,0
2682,1,1,0,1,0,4,0,0,4,1,0,1,1,0,1,4,0,0
2683,4,4,2,4,4,1,0,4,4,1,3,3,4,4,2,1,3,1
2684,0,2,0,0,1,0,0,1,0,1,3,3,4,1,1,0,3,4
2685,3,3,4,0,0,4,0,4,4,3,2,3,4,4,4,2,1,4
2686,1,3,3,3,4,0,0,0,0,2,4,2,4,0,1,3,1,4
2687,0,1,0,0,2,1,0,3,0,1,2,2,0,1,4,0,4,4
2688,0,2,1,0,3,0,0,0,0,3,3,2,1,3,2,0,3,0
2689,0,2,4,0,4,4,0,0,4,3,4,4,0,2,0,0,1,0
2690,3,2,1,3,0,2,0,0,0,1,4,2,2,4,1,0,0,1
2691,0,1,0,0,0,0,0,0,0,1,0,1,1,0,3,1,0,1
2692,4,2,3,1,0,4,0,0,0,3,4,4,1,0,4,3,0,2
2693,1,4,1,4,0,0,0,1,0,3,4,2,0,2,0,1,2,0
2694,1,2,1,4,4,1,0,0,1,3,1,2,4,2,1,2,2,4
2695,4,4,2,0,4,1,0,0,0,4,4,4,2,2,2,4,4,0
2696,3,2,1,0,0,3,0,0,0,1,0,1,1,0,2,2,0,1
2697,0,2,1,1,0,4,0,0,4,1,4,1,3,0,3,3,4,3
2698,4,2,1,0,0,4,0,0,0,2,0,2,1,0,3,1,0,2
2699,0,1,1,0,1,0,0,0,1,2,1,2,0,2,1,0,2,4
2700,0,4,4,0,4,0,0,1,1,1,1,2,0,3,3,0,0,4
2701,4,0,0,0,1,0,0,0,0,3,2,3,4,2,4,0,4,4
2702,4,4,0,1,1,2,0,4,2,2,4,4,1,2,3,3,4,3
2703,0,1,1,0,1,0,0,0,0,1,1,2,0,4,1,0,1,0
2704,0,2,1,0,4,0,0,0,0,2,3,3,4,3,1,0,4,0
2705,4,2,0,0,4,0,0,0,0,3,4,2,0,0,1,4,4,0
2706,1,3,3,1,0,3,0,0,0,1,0,3,2,0,1,4,0,4
2707,4,3,2,1,0,1,0,0,0,1,0,3,3,1,2,4,0,4
2708,0,1,1,0,0,2,0,0,0,4,2,2,2,1,4,4,0,1
2710,2,4,0,1,0,0,0,0,0,4,1,3,2,4,1,1,0,3
2711,0,1,0,0,0,0,0,0,0,3,2,2,0,4,0,0,1,4
2712,0,2,1,3,0,2,0,0,1,3,2,2,1,1,3,1,2,4
2713,0,1,1,0,3,1,0,4,1,1,3,2,0,1,0,0,2,0
2714,0,2,0,0,1,0,4,2,4,4,3,3,0,1,4,0,3,4
2715,4,2,2,0,0,2,0,0,0,1,2,2,2,1,4,3,3,0
2716,1,4,0,1,0,3,0,0,1,4,4,1,4,2,2,0,0,0
2717,3,4,1,4,0,2,0,0,1,4,4,2,2,0,3,4,1,0
2718,0,3,0,4,0,4,0,0,4,4,1,1,0,4,4,4,1,4
2719,0,0,0,0,0,0,0,3,0,3,2,3,0,4,0,0,3,0
2720,0,3,1,4,0,3,0,0,0,3,3,4,1,4,2,1,4,2
2721,0,4,0,0,1,0,0,1,0,0,1,1,0,1,0,0,4,0
2722,2,1,1,0,0,2,0,0,0,4,2,1,3,1,1,0,2,4
2723,0,4,0,0,0,3,0,2,0,1,3,3,3,2,2,0,3,3
2724,0,0,1,0,1,0,0,4,0,0,4,4,1,0,1,0,4,0
2725,2,3,3,2,0,3,0,0,0,3,1,3,2,0,3,2,0,2
2726,4,4,1,0,1,4,0,0,1,4,1,1,3,1,2,1,0,0
2727,0,1,0,0,4,0,0,0,0,3,2,4,0,3,3,0,3,0
2728,0,2,0,0,4,1,0,0,0,2,2,3,0,1,1,0,1,0
2729,4,3,4,0,0,2,0,0,4,3,4,3,1,0,2,1,0,0
2730,0,4,2,0,1,1,0,0,0,1,4,3,0,1,1,0,4,0
2731,4,2,1,0,0,1,0,0,0,2,1,3,1,0,3,0,1,2
2732,0,1,1,0,1,0,0,4,1,3,3,4,0,4,1,0,1,0
2733,0,0,0,0,0,0,0,0,0,2,3,2,1,2,2,0,0,0
2734,0,1,0,0,4,0,0,1,4,4,3,3,0,4,1,0,2,0
2735,3,1,1,1,0,0,0,0,4,2,1,1,3,0,2,0,0,1
2736,0,3,4,0,0,0,0,0,0,1,3,2,3,0,1,0,1,0
2737,0,1,2,0,0,1,0,4,0,2,4,3,1,1,2,1,3,2
2738,0,2,1,0,4,2,0,1,4,3,1,3,0,3,1,0,4,0
2739,0,2,0,0,0,0,0,1,0,3,1,2,4,1,1,4,4,4
2740,0,4,4,0,4,4,0,0,0,4,3,4,0,4,4,0,3,0
2741,1,1,2,1,0,1,0,0,0,1,4,1,1,0,3,0,0,0
2742,4,0,4,0,0,4,0,0,1,0,0,2,4,0,1,4,0,4
2743,0,3,2,0,1,0,0,0,0,2,3,3,0,2,1,0,3,0
2744,0,2,4,0,2,3,0,4,4,1,3,2,0,2,1,0,2,0
2745,0,2,1,0,1,1,0,1,1,4,3,4,1,2,2,0,3,0
2746,0,4,0,0,1,0,0,0,0,1,2,2,0,3,0,0,2,0
2747,0,1,4,0,4,4,0,1,1,1,1,2,0,2,3,0,1,0
2748,0,2,2,0,1,3,0,0,0,1,2,1,0,0,0,0,4,1
2749,0,1,1,1,0,1,0,1,0,2,1,3,3,1,3,1,2,1
2750,0,3,1,0,4,0,0,0,3,4,1,1,4,4,4,0,3,2
2751,4,2,3,0,0,2,0,0,1,2,4,2,1,0,2,1,0,2
2752,4,4,1,0,0,1,0,0,0,4,3,3,0,2,2,0,4,3
2753,1,4,1,0,0,1,0,0,0,4,4,4,3,1,1,0,0,1
2754,1,3,1,0,4,3,0,0,3,2,4,2,1,0,2,0,1,3
2755,0,2,0,0,3,1,0,1,1,1,1,2,0,1,1,0,2,3
2756,0,4,1,0,0,1,0,0,0,1,2,2,1,4,1,0,1,1
2757,0,3,1,3,0,2,0,0,0,1,0,2,4,0,4,1,0,4
2758,0,3,4,0,0,1,0,0,0,2,0,2,3,0,2,4,0,0
2759,0,1,1,1,1,1,0,0,0,3,1,1,1,4,3,4,2,3
2760,1,1,4,0,0,4,0,0,0,2,4,3,2,1,2,2,0,1
2761,4,4,4,2,0,2,0,4,4,4,4,4,2,4,3,4,4,3
2762,0,4,4,1,0,4,0,4,3,4,1,3,4,4,1,0,3,4
2763,3,4,1,4,0,1,0,0,0,3,4,1,2,2,1,1,2,1
2764,0,4,0,0,4,0,0,0,0,2,3,2,0,3,0,0,4,0
2765,0,0,0,0,3,0,0,1,0,1,2,3,0,2,0,0,1,0
2766,0,4,0,0,4,0,0,0,0,2,1,1,0,0,0,0,0,0
2767,4,3,3,0,0,2,0,1,4,1,3,3,2,2,4,2,3,1
2768,4,4,1,4,0,4,0,0,0,2,4,2,0,4,1,1,2,3
2769,0,2,4,0,1,0,0,0,0,2,3,3,1,1,3,4,1,0
2770,0,2,1,0,0,1,0,4,1,3,3,2,3,1,4,0,2,4
2771,0,4,4,0,0,1,0,0,1,2,0,2,2,0,3,4,0,1
2772,0,3,0,0,0,4,4,4,1,3,4,4,4,4,4,0,4,4
2774,4,2,4,3,0,1,0,0,0,4,1,3,4,4,2,4,2,3
2775,0,3,0,0,1,3,0,0,0,3,2,1,0,2,1,0,2,0
2776,0,3,4,0,0,3,0,0,4,1,0,3,3,0,3,1,0,2
2777,2,1,0,0,0,0,0,0,1,1,0,1,2,0,1,1,0,4
2778,1,2,4,1,0,4,0,0,4,1,1,2,2,0,3,1,0,1
2779,1,3,2,4,0,1,0,3,0,4,3,4,3,4,3,1,3,4
2780,0,2,1,0,0,1,0,0,0,4,0,2,4,0,1,2,0,4
2781,4,1,1,0,1,3,0,0,0,2,4,2,2,1,2,0,3,1
2782,1,2,4,0,4,0,0,0,0,2,4,2,2,4,2,1,3,0
2783,0,1,1,0,1,1,0,0,0,2,1,3,1,3,1,0,3,0
2784,0,3,0,0,4,0,0,2,1,4,2,2,0,1,0,0,2,0
2785,0,4,0,0,0,0,0,0,0,1,2,3,0,3,1,0,1,0
2786,2,1,3,1,0,2,0,0,4,4,4,4,1,0,2,2,1,2
2787,0,1,1,0,0,0,0,0,0,3,3,2,0,1,1,4,4,0
2788,0,4,4,0,0,0,0,2,0,3,4,3,0,2,0,0,4,4
2789,0,4,1,0,1,0,0,4,0,4,3,4,0,4,0,0,1,0
2790,0,1,0,0,0,3,0,4,1,1,1,1,0,3,4,0,2,0
2791,4,1,4,1,1,3,0,0,0,4,3,3,1,0,1,2,4,1
2792,0,4,0,0,4,0,0,0,0,2,2,2,2,0,4,4,3,4
2793,1,1,0,0,1,1,0,0,0,2,3,3,4,4,1,0,3,2
2794,0,3,4,0,0,4,0,0,0,2,1,4,4,1,3,2,4,0
2795,0,3,0,1,0,4,0,0,0,4,4,4,1,4,2,1,4,1
2796,1,3,4,0,0,4,0,0,0,1,0,4,3,4,3,1,0,0
2797,4,2,1,0,0,1,0,0,0,1,1,3,2,4,1,4,1,0
2798,4,1,1,1,3,1,0,1,0,3,4,3,4,3,3,0,1,1
2799,0,1,0,0,2,0,0,0,0,4,1,2,0,1,0,0,1,0
2800,1,2,3,2,0,1,0,0,4,1,4,3,2,4,1,2,0,0
2801,0,3,2,0,0,2,0,0,0,3,0,4,1,0,1,1,0,4
2802,0,1,2,0,1,2,0,1,1,1,2,3,1,2,3,1,4,4
2803,0,2,0,0,0,0,0,0,0,4,4,3,0,2,1,0,4,0
2804,1,1,2,2,0,4,0,0,1,3,0,2,2,0,3,2,0,0
2805,4,4,3,2,1,1,0,1,0,2,1,2,1,4,4,1,1,1
2806,4,2,1,0,0,1,0,0,3,3,1,3,1,4,1,1,4,1
2807,0,4,0,0,4,1,0,0,0,3,2,2,2,2,3,0,3,1
2808,4,4,1,1,0,3,0,0,4,3,4,2,2,4,1,2,3,3
2809,1,1,2,4,1,4,0,1,4,1,2,2,2,0,4,1,3,3
2810,1,3,2,1,0,4,0,0,0,4,1,2,4,0,2,1,0,3
2811,0,3,1,0,1,0,0,0,1,2,4,4,1,2,2,1,1,3
2812,0,3,3,1,0,3,0,0,0,3,3,2,4,1,2,4,1,0
2813,0,1,1,0,3,0,0,0,0,4,4,3,0,1,1,0,4,0
2814,0,3,4,0,4,0,0,0,0,3,3,4,0,3,1,0,3,0
2815,0,1,0,0,3,0,0,4,0,4,4,3,4,1,1,0,2,4
2816,0,0,1,0,4,4,0,3,0,2,2,3,0,1,1,4,1,0
2817,0,1,0,0,0,3,0,0,0,3,2,1,1,0,2,0,2,1
2818,1,3,1,4,0,4,0,0,4,4,1,4,4,0,4,3,0,3
2819,3,3,4,2,3,4,0,4,1,4,3,1,4,3,3,1,3,2
2820,2,3,0,0,0,3,0,0,4,3,1,4,4,0,2,1,0,4
2821,1,0,4,3,0,3,0,0,4,1,1,1,4,1,3,0,1,0
2822,0,3,4,4,0,4,0,0,0,1,4,1,4,1,2,3,3,1
2823,0,1,2,1,2,1,0,0,0,2,3,2,3,3,2,1,1,3
2824,1,3,1,0,1,4,0,0,3,2,1,3,3,1,3,2,4,2
2825,0,0,1,0,0,0,0,1,4,1,2,3,0,4,4,4,3,0
2826,4,3,4,1,2,2,0,3,2,3,4,4,1,2,3,2,3,3
2827,0,3,0,0,0,0,0,1,0,3,3,3,0,1,1,0,2,0
2828,0,3,2,1,0,1,0,0,0,3,0,4,3,0,4,1,0,0
2829,0,4,4,4,4,0,0,0,0,2,2,3,2,0,4,2,2,1
2830,1,2,1,0,0,2,0,0,1,2,0,3,1,0,4,3,0,0
2831,0,2,4,0,3,4,0,0,0,3,3,3,0,3,1,0,3,4
2832,0,1,1,0,0,4,0,0,4,2,2,2,2,1,3,4,2,1
2833,0,2,1,1,0,2,0,0,0,2,4,3,1,0,1,1,4,4
2834,1,1,1,1,0,1,0,4,0,4,2,1,1,4,1,4,4,1
2835,0,2,3,0,0,0,0,0,0,3,2,2,4,3,1,0,3,0
2836,1,4,1,1,4,3,0,0,3,2,1,3,3,2,1,2,4,0
2837,0,1,4,0,3,0,0,1,0,3,1,2,0,2,1,0,1,1
2838,4,3,1,0,0,2,0,0,0,2,0,4,3,3,1,3,4,4
2839,0,1,1,0,1,0,0,0,0,4,2,1,0,4,1,1,4,0
2840,0,1,0,0,3,1,0,2,1,1,3,3,0,3,0,0,4,0
2841,0,0,0,0,1,0,0,0,0,2,2,2,0,1,0,0,4,0
2842,0,2,0,0,1,2,0,1,0,2,3,3,0,1,1,0,4,0
2843,2,1,1,0,0,2,0,0,4,2,3,3,1,1,1,1,2,2
2844,0,4,0,0,4,2,0,2,0,4,2,3,4,1,1,0,4,0
2845,0,2,2,0,0,4,0,0,0,1,1,1,4,4,1,3,0,1
2846,1,4,3,0,0,3,0,0,3,3,1,3,2,0,3,2,0,4
2847,0,2,1,0,0,2,0,4,0,4,4,3,4,3,1,0,3,3
2848,0,2,0,0,4,4,0,4,2,1,4,3,1,0,4,0,4,4
2849,1,2,0,1,4,4,0,4,0,1,4,3,2,4,2,0,3,2
2850,0,3,0,0,0,2,0,4,0,3,3,2,0,2,1,0,3,0
2851,4,3,1,0,4,0,0,0,0,1,2,3,4,2,3,4,1,0
2852,0,3,4,3,0,3,0,0,1,2,0,1,3,0,4,3,0,3
2853,0,2,0,0,3,0,0,1,0,3,3,3,0,2,3,0,2,4
2854,0,3,0,0,4,4,0,1,0,2,4,3,1,4,0,0,1,0
2855,0,1,2,1,0,1,0,0,0,2,2,1,4,1,4,2,2,4
2856,3,1,4,4,0,4,0,0,1,4,1,3,2,0,2,1,0,0
2857,0,3,0,0,0,1,0,0,0,4,0,2,2,0,4,0,0,0
2858,0,3,0,0,0,0,0,2,0,3,3,3,0,3,4,0,2,0
2859,0,4,0,0,3,0,0,0,0,4,1,2,0,1,4,0,2,0
2860,0,1,0,4,4,1,0,0,0,1,3,4,1,1,4,0,0,0
2861,0,3,3,0,0,1,0,0,4,3,0,3,1,0,3,3,0,4
2862,0,3,4,1,3,3,0,0,4,3,4,3,3,1,4,0,4,4
2863,4,2,2,0,0,1,0,0,1,1,4,3,3,4,2,0,0,0
2864,1,1,1,0,0,2,0,0,0,2,3,2,2,2,1,1,1,4
2865,0,1,1,0,0,0,0,2,0,3,3,3,0,3,4,0,2,0
2866,0,3,0,0,1,0,0,1,0,2,3,3,0,2,4,0,3,0
2867,0,2,2,1,0,4,0,0,2,1,1,2,3,3,4,0,1,4
2868,1,2,1,2,0,4,0,1,4,1,1,1,3,1,4,4,4,0
2869,0,1,1,0,2,4,0,1,1,2,4,3,0,1,4,0,1,0
2870,0,1,2,1,0,1,0,1,0,1,1,2,1,4,2,0,1,0
2871,4,2,1,0,0,3,0,0,0,1,1,3,2,1,2,0,2,4
2872,0,3,0,0,1,0,1,4,1,2,1,2,0,2,1,0,3,0
2873,0,4,0,0,1,0,0,4,0,4,3,2,0,3,0,0,1,4
2874,0,4,0,0,4,0,0,0,0,2,3,2,2,3,3,0,2,1
2875,1,3,2,0,0,1,0,0,4,4,1,4,4,4,1,2,1,4
2876,4,2,3,2,0,1,0,0,1,2,0,4,3,0,3,0,0,1
2877,0,1,0,0,1,0,0,0,0,3,3,2,4,4,2,1,4,1
2878,2,1,4,1,4,4,0,0,0,4,4,2,4,0,3,0,4,1
2879,1,4,3,2,4,1,0,0,0,4,1,3,2,1,1,3,1,0
2880,0,2,3,0,0,2,0,4,1,4,3,3,4,2,4,0,1,0
2881,0,1,0,0,4,1,0,1,4,3,2,2,0,2,0,0,1,0
2882,0,2,0,0,4,0,0,4,4,2,3,4,0,4,4,0,4,4
2883,0,0,0,0,4,4,0,0,0,2,3,2,0,1,4,0,4,0
2884,0,3,4,0,1,1,0,1,1,2,2,3,0,3,3,0,1,0
2885,0,4,4,0,4,0,0,0,0,2,2,4,0,2,4,0,4,0
2886,0,3,0,0,3,4,0,1,0,2,2,2,0,3,3,0,1,0
2887,4,2,3,1,0,1,0,0,4,1,0,2,3,0,3,1,0,0
2888,4,1,4,0,0,0,0,0,0,1,4,3,2,4,3,1,4,2
2889,0,4,1,0,0,1,0,4,4,2,2,2,4,2,1,0,2,0
2890,0,3,1,0,4,0,0,0,0,3,4,2,3,1,1,4,3,2
2891,0,1,3,0,0,1,0,1,0,2,1,1,1,4,3,4,4,0
2892,1,2,1,0,0,1,0,0,0,1,1,4,3,0,1,2,4,4
2893,0,3,3,0,1,4,0,1,1,1,1,2,4,1,2,3,1,1
2894,0,4,0,0,4,0,0,4,0,3,4,1,4,2,0,0,1,0
2895,0,3,0,0,4,0,0,0,0,3,1,2,0,4,0,0,1,0
2896,0,1,1,0,0,0,0,0,0,1,0,1,3,4,2,4,0,4
2897,0,4,0,4,0,4,0,0,0,2,4,3,4,4,2,0,3,3
2898,0,1,1,0,3,1,0,0,0,1,2,3,1,1,1,0,2,0
2899,4,3,3,0,3,4,0,0,0,1,4,4,4,4,2,4,0,1
2901,4,1,0,0,1,0,0,0,0,2,3,2,1,1,4,0,4,0
2902,0,4,0,0,0,0,0,3,0,2,1,2,0,4,4,0,2,0
2903,0,2,1,0,0,0,0,4,0,4,4,4,3,4,4,1,4,1
2904,0,4,3,0,3,2,0,0,4,3,3,2,3,4,3,0,4,0
2905,0,4,0,0,1,0,0,0,0,1,3,4,0,1,0,0,2,0
2906,0,1,3,3,0,3,0,0,1,1,4,2,3,1,2,2,1,3
2907,0,0,0,0,0,0,0,0,0,0,4,3,0,0,0,0,4,0
2908,1,3,0,0,4,4,0,2,3,2,2,3,2,3,4,0,1,1
2909,0,1,0,0,0,0,0,0,0,2,1,2,0,2,4,0,3,0
2910,1,3,3,0,0,3,0,0,0,3,3,3,2,0,1,4,1,2
2911,0,4,4,0,1,0,0,3,1,3,2,1,0,4,4,0,1,0
2912,3,3,2,4,0,1,0,0,0,3,4,3,2,2,3,4,4,4
2913,0,2,0,0,0,0,0,1,4,4,4,3,0,2,3,0,0,0
2914,0,0,0,1,2,1,0,4,0,3,3,2,0,2,0,0,2,0
2916,0,3,2,0,0,1,0,3,0,1,4,2,3,2,2,0,0,0
2917,0,2,3,0,4,0,0,0,0,2,1,2,0,4,4,0,1,0
2918,0,2,1,2,0,1,0,0,3,4,1,1,1,0,1,1,0,1
2919,0,4,1,0,0,0,0,4,0,2,1,3,0,2,4,0,4,0
2920,0,3,1,1,0,3,0,0,4,1,4,2,3,0,3,0,0,0
2921,0,3,0,0,4,0,0,4,1,2,3,3,0,2,3,0,3,0
2922,0,2,4,0,4,2,0,4,1,1,1,1,0,3,0,0,4,0
2924,0,1,2,0,0,2,0,0,0,2,1,2,2,0,2,0,0,0
2925,0,1,1,0,1,1,0,0,1,1,1,2,4,3,4,0,4,0
2926,4,1,1,0,0,3,0,0,4,1,2,3,4,2,2,4,2,1
2927,0,1,3,1,4,3,0,0,0,3,2,3,0,4,2,0,1,0
2928,0,3,1,0,1,0,0,0,0,2,2,3,4,0,1,0,1,4
2929,1,2,1,3,0,2,0,0,2,3,1,2,2,0,4,1,0,1
2930,0,0,4,0,2,0,0,0,0,2,2,2,0,3,1,0,4,0
2931,0,3,4,3,0,1,0,0,1,4,3,3,1,4,3,3,2,2
2932,2,2,0,1,0,2,0,0,0,2,0,2,2,0,1,3,0,3
2933,0,4,1,0,0,4,0,1,0,4,2,3,2,2,1,4,2,1
2934,0,3,0,0,4,0,0,4,2,3,3,3,0,3,0,0,4,4
2935,0,1,0,0,4,0,0,1,4,4,1,3,0,1,3,0,1,0
2936,0,4,0,0,3,0,0,1,0,1,4,2,0,3,4,0,3,0
2937,2,4,4,4,0,3,0,0,4,3,3,2,3,3,2,3,3,1
2938,0,3,1,0,4,4,0,4,4,3,2,2,1,2,2,0,2,0
2939,0,1,1,0,0,4,0,0,0,2,0,1,0,4,4,0,0,0
2940,0,1,0,4,1,1,0,0,1,1,1,1,2,0,1,0,1,0
2941,0,4,3,1,1,3,0,0,0,4,1,1,4,1,3,4,1,3
2942,0,3,0,0,1,0,0,0,0,4,4,3,0,2,2,0,1,0
2943,0,4,0,0,1,4,0,0,0,3,1,1,1,1,1,0,2,3
2944,4,2,4,1,1,1,0,4,4,4,3,3,4,2,3,0,2,0
2946,0,4,4,0,4,0,0,0,0,3,2,2,0,1,0,0,4,0
2947,1,4,4,1,0,3,0,0,3,1,4,4,1,0,1,1,1,4
2948,0,0,0,0,1,0,0,0,0,1,2,1,0,0,0,0,1,0
2949,0,3,3,1,1,4,0,4,0,2,4,3,2,3,4,1,2,1
2950,0,1,1,0,3,0,0,4,1,2,2,2,0,4,1,0,4,0
2951,1,3,1,0,1,3,0,1,0,2,1,3,2,1,1,4,2,1
2952,0,0,0,0,1,0,0,1,0,2,1,2,0,3,0,0,4,0
2953,2,3,4,0,0,1,0,0,4,3,0,3,3,0,3,2,0,1
2954,0,4,4,0,0,3,1,0,1,3,3,2,4,3,2,0,0,1
2955,0,3,0,0,4,0,0,4,0,3,1,1,0,4,0,0,1,0
2956,0,3,0,0,0,1,0,1,0,2,1,3,4,1,0,0,1,0
2957,2,1,4,1,1,1,0,2,0,4,1,3,3,1,3,2,1,1
2958,0,3,1,4,0,1,0,0,0,1,1,1,1,0,1,0,0,0
2959,0,3,4,4,0,1,0,4,0,3,4,4,2,4,2,1,4,3
2960,0,4,2,0,2,0,0,1,0,2,2,2,4,2,4,0,4,1
2961,0,3,0,0,4,0,0,0,0,3,3,3,0,4,0,0,0,0
2962,1,4,4,0,0,1,0,0,0,4,4,4,3,1,2,3,4,2
2963,3,2,0,0,0,0,0,1,0,2,4,3,0,4,0,1,2,0
2964,0,3,4,1,1,4,0,0,0,3,4,3,2,0,3,4,3,2
2965,0,3,2,0,3,3,0,1,3,3,1,1,0,2,1,2,3,4
2966,0,4,0,0,1,0,0,0,1,2,3,3,0,1,0,0,3,0
2967,0,1,3,0,4,3,0,3,1,1,4,2,3,3,2,0,4,3
2968,1,2,0,1,0,2,0,0,0,2,0,3,4,0,3,3,0,1
2969,0,3,0,0,0,0,0,0,0,3,3,2,0,3,0,0,4,0
2970,4,3,4,0,0,1,0,0,0,2,4,3,4,0,2,2,0,3
2971,4,4,4,0,0,4,0,0,3,2,1,3,3,4,4,0,1,1
2972,0,4,0,0,0,1,0,4,0,1,1,4,4,2,1,0,2,0
2973,0,2,4,1,0,4,0,0,0,2,0,1,1,0,3,0,0,1
2974,0,3,4,3,0,4,0,0,0,4,0,4,3,0,3,4,0,4
2975,0,0,0,1,0,1,0,0,0,4,0,0,0,0,4,0,0,0
2976,2,2,3,2,0,1,0,0,0,4,1,1,3,1,1,4,0,3
2977,0,1,4,0,4,1,0,4,2,4,3,4,1,2,1,1,2,4
2978,1,2,0,0,1,1,0,3,4,4,1,1,4,2,2,0,2,0
2979,4,1,2,0,0,2,0,0,0,3,4,1,2,0,1,4,0,2
2980,0,2,1,0,0,2,0,0,4,3,0,3,3,0,3,3,0,3
2981,0,4,1,0,1,0,0,1,0,2,1,2,1,1,4,0,2,4
2982,1,2,1,1,0,3,0,0,0,2,4,4,4,0,3,1,1,0
2983,3,2,1,3,0,4,0,0,0,2,1,1,2,0,2,4,0,3
2984,0,2,0,0,4,4,0,0,0,3,2,1,0,1,4,0,1,0
2985,0,1,4,0,4,2,0,0,0,2,1,2,2,4,3,0,1,0
2986,0,3,3,0,0,0,0,3,0,2,2,2,2,2,2,4,4,1
2987,1,4,0,4,0,4,0,0,0,4,0,2,0,0,4,2,0,1
2988,0,1,0,0,2,0,0,3,4,4,2,3,0,1,0,0,4,1
2989,0,1,4,0,4,1,0,0,0,3,4,3,4,3,1,4,1,0
2990,0,2,1,0,1,0,4,3,0,1,1,2,0,3,1,0,2,0
2991,0,1,3,4,0,4,0,0,1,2,2,2,1,0,2,0,4,1
2992,4,3,1,2,0,0,0,0,4,3,0,2,4,0,2,4,0,2
2993,0,4,0,0,0,0,0,0,0,2,2,3,0,2,0,0,1,0
2994,1,2,2,1,0,4,0,0,0,3,0,3,1,0,3,3,0,1
2995,0,4,4,0,1,4,0,0,0,4,2,2,4,2,0,0,4,0
2996,3,4,3,3,0,4,0,0,4,3,1,2,1,0,2,3,4,3
2997,0,4,2,2,0,2,0,1,0,3,1,2,1,0,2,3,0,1
2998,3,1,3,0,0,4,0,0,0,2,0,1,2,0,2,1,0,4
2999,0,4,4,0,1,1,0,0,0,2,2,1,0,3,1,0,4,0
3000,0,3,0,0,0,4,0,0,0,3,2,4,0,4,1,0,4,0
3001,2,1,2,1,1,1,0,4,1,2,4,4,4,1,3,3,4,4
3002,0,2,4,0,0,0,0,0,0,3,0,1,0,1,1,4,4,4
3003,4,4,3,2,0,2,0,0,3,4,0,4,1,0,2,2,0,4
3004,0,3,0,0,4,0,0,1,0,3,1,2,0,1,4,0,1,0
3005,1,2,0,0,0,0,0,0,4,4,1,3,3,3,2,1,1,4
3006,1,2,2,0,0,2,0,0,0,3,4,1,3,0,1,2,4,1
3007,0,3,1,0,0,0,0,0,0,3,4,3,0,1,0,0,3,0
3008,0,1,1,1,1,3,0,1,0,3,4,2,1,2,1,0,3,4
3009,0,4,3,0,0,0,0,0,0,3,1,4,3,1,4,4,1,0
3010,1,2,4,3,0,1,0,0,0,3,1,3,4,0,3,4,1,1
3011,4,2,4,0,1,1,0,0,1,3,4,2,4,1,2,0,4,0
3012,0,3,0,0,4,4,0,0,0,3,3,2,2,3,2,0,3,0
3013,0,2,4,0,0,1,0,0,4,2,0,1,1,0,1,4,0,0
3014,4,2,2,1,1,2,0,4,4,1,3,2,1,4,2,0,2,4
3015,0,1,4,0,1,4,0,1,0,4,1,2,1,1,3,0,2,0
3016,3,3,1,0,1,2,0,3,0,3,1,3,3,2,2,4,2,0
3017,0,4,0,0,0,4,0,0,0,4,0,1,0,4,4,1,0,0
3018,1,4,2,0,0,0,0,2,1,3,1,2,4,1,1,0,2,0
3019,0,2,0,0,0,4,0,0,0,2,1,2,0,4,4,0,1,4
3020,0,0,0,0,2,0,0,0,0,3,2,3,0,0,0,0,3,0
3021,1,4,3,0,0,3,0,0,1,1,1,1,4,0,4,3,1,4
3022,0,3,2,0,3,0,0,0,0,2,2,2,0,0,4,0,2,0
3023,0,3,4,0,4,1,0,4,4,4,2,2,0,4,4,0,1,0
3024,0,1,1,0,4,0,0,0,0,3,4,3,4,2,4,1,2,0
3025,1,3,4,2,4,3,3,0,4,2,1,2,4,4,4,4,2,1
3026,4,2,2,4,0,3,0,0,4,2,3,3,3,1,2,1,2,3
3027,1,3,2,2,0,2,0,0,4,1,0,3,2,0,2,4,0,0
3028,0,2,1,0,2,0,0,4,4,3,3,2,1,2,2,0,4,0
3029,0,4,2,3,0,3,0,0,0,4,1,3,2,4,4,1,0,1
3030,1,3,4,4,0,3,0,1,1,2,2,3,4,4,4,2,1,4
3031,0,3,3,2,2,3,0,2,1,2,3,3,2,4,3,4,3,3
3032,4,2,2,0,1,2,0,1,1,4,3,4,2,2,1,4,4,1
3033,1,2,3,0,4,2,0,0,3,4,4,4,2,0,3,1,0,3
3034,0,1,4,4,0,0,0,0,1,1,1,1,1,0,2,0,0,4
3035,0,4,1,0,0,4,0,4,0,1,2,3,0,3,2,0,4,0
3036,0,1,0,0,1,0,0,4,4,4,1,1,0,3,4,0,3,0
3037,1,0,2,1,4,2,0,0,4,3,4,3,4,1,1,1,1,4
3038,0,3,0,0,0,4,0,0,4,1,4,2,0,0,4,0,0,0
3039,0,1,0,0,0,1,0,4,0,2,2,3,0,2,1,0,3,1
3040,0,2,1,2,0,1,0,1,0,3,2,2,2,1,3,1,1,0
3041,0,2,0,0,4,0,0,0,0,4,1,2,0,3,4,0,2,4
3042,0,0,0,0,0,0,0,0,0,3,2,3,0,4,0,0,0,0
3043,1,2,4,0,0,0,0,0,4,3,1,3,3,0,1,4,0,4
3044,0,2,4,0,1,4,0,0,0,3,3,3,2,4,1,4,1,1
3045,4,3,3,2,0,4,0,0,2,4,4,2,3,3,4,2,3,4
3046,0,1,0,0,2,0,0,4,0,1,2,2,0,1,1,0,2,0
3047,4,1,4,2,0,3,0,0,1,4,2,2,1,2,1,1,1,1
3048,4,3,2,0,0,1,0,4,0,2,4,4,3,1,2,4,4,1
3049,0,4,0,0,4,0,0,0,0,1,4,2,0,1,1,0,1,1
3050,0,1,3,0,4,0,4,1,4,1,3,3,0,4,0,0,3,0
3051,0,2,3,4,0,1,0,0,0,1,0,2,3,0,2,4,0,0
3052,4,1,4,2,1,4,0,3,0,3,4,2,4,2,4,1,3,0
3053,0,2,0,0,4,4,0,0,0,1,3,3,0,3,4,0,2,0
3054,1,2,2,1,1,1,0,0,0,4,2,3,2,4,2,1,4,4
3055,0,1,1,1,1,2,0,4,2,3,2,2,1,1,1,0,1,0
3056,4,2,1,3,4,1,0,0,0,1,2,3,4,2,2,3,1,3
3057,0,1,0,0,1,0,0,4,1,3,4,3,0,2,0,0,4,0
3058,0,1,0,0,0,4,0,0,0,2,1,1,0,2,4,0,4,0
3059,0,0,0,0,0,0,0,0,0,4,4,3,0,1,0,0,4,0
3060,1,1,2,0,0,1,0,0,2,1,4,4,3,1,1,0,0,2
3061,0,2,1,0,0,4,0,0,0,1,4,2,1,0,2,4,1,0
3062,0,4,4,0,3,4,0,4,1,2,4,2,0,2,0,0,2,1
3063,0,4,0,0,4,0,0,0,0,3,3,3,0,0,0,0,1,0
3064,2,2,1,1,1,1,0,0,4,4,1,3,4,0,4,3,0,0
3065,0,2,0,0,4,0,0,0,0,3,3,2,0,2,0,0,0,0
3066,2,2,4,4,0,4,0,0,0,3,0,3,4,0,3,1,0,4
3067,0,2,4,0,1,0,0,0,3,3,3,4,0,4,1,0,3,0
3068,0,2,2,3,0,1,0,0,0,3,0,2,4,0,4,0,4,0
3069,2,3,4,1,1,4,0,0,4,4,1,3,4,3,4,2,1,1
3070,4,3,2,1,0,3,0,0,4,2,1,2,4,1,2,1,1,1
3071,0,3,0,0,4,0,0,0,0,1,3,3,0,1,0,0,3,0
3072,0,2,4,0,2,0,0,2,4,3,4,4,0,4,0,0,3,0
3073,0,4,0,0,0,4,1,3,2,1,2,2,0,4,0,0,1,0
3074,0,1,0,0,0,1,0,2,3,2,1,4,3,4,4,4,4,0
3075,0,1,0,0,1,0,0,0,0,2,2,3,0,0,1,0,3,4
3076,4,3,3,1,1,3,0,0,1,2,4,2,2,0,3,4,1,0
3077,0,1,1,0,0,4,0,0,0,3,4,1,2,4,4,0,0,0
3078,0,4,0,0,3,0,0,0,0,2,3,2,0,1,0,0,4,0
3079,1,3,3,0,1,0,0,1,4,3,4,2,3,1,1,4,1,4
3080,0,2,0,0,0,1,0,4,1,1,4,3,4,4,3,4,2,0
3081,1,4,1,2,0,4,0,0,0,4,3,3,4,0,4,4,0,4
3082,0,3,2,1,4,3,1,4,2,4,4,3,2,0,3,2,4,4
3083,0,2,3,0,0,4,0,4,2,2,4,2,1,3,1,1,2,4
3084,0,4,0,0,0,1,0,3,1,3,1,2,0,3,1,0,2,4
3085,4,1,2,0,0,2,0,0,0,3,0,1,1,4,1,0,0,0
3086,0,2,1,4,0,1,0,0,0,4,4,4,4,0,2,3,0,2
3087,0,1,1,0,4,4,0,4,0,2,1,2,4,3,1,0,4,0
3088,0,1,0,0,2,0,0,0,0,3,3,3,4,1,1,0,2,1
3089,0,3,0,0,1,0,0,0,0,4,2,4,0,1,0,0,1,0
3090,0,4,1,1,0,0,0,0,0,4,4,3,2,4,3,2,4,0
3091,0,0,1,1,0,0,0,0,0,1,4,1,0,3,1,1,0,1
3092,2,4,2,1,4,3,0,0,4,1,4,4,3,4,2,4,2,0
3093,0,2,0,0,0,4,0,1,0,2,1,2,0,2,1,4,4,4
3094,4,4,1,0,2,1,0,2,2,3,3,2,2,3,3,3,2,1
3095,4,2,4,0,0,2,0,0,0,1,0,2,3,0,2,4,0,0
3096,0,2,0,0,1,1,0,0,1,3,1,2,1,4,4,0,1,1
3097,0,2,0,0,4,0,0,0,1,4,3,3,0,1,4,0,4,0
3098,3,2,1,1,0,1,0,0,0,3,4,3,2,0,2,4,0,3
3099,0,2,2,0,0,1,0,3,3,3,3,3,1,1,1,0,2,4
3100,0,3,1,3,0,1,0,0,0,2,0,2,2,0,0,2,0,4
3101,0,4,0,0,4,0,0,0,0,3,2,3,4,2,0,0,2,0
3102,4,1,4,3,0,4,0,0,0,3,1,4,2,0,4,4,2,3
3103,0,0,0,0,0,1,0,0,0,3,4,1,1,1,4,0,0,0
3104,0,3,4,1,0,1,0,0,0,1,1,2,2,0,2,4,4,1
3105,0,3,4,4,0,4,0,0,0,1,2,3,2,2,2,0,0,0
3106,0,4,0,0,2,1,0,0,0,4,4,3,4,3,0,0,1,0
3107,0,3,0,0,0,1,0,0,0,2,1,2,1,0,1,4,4,0
3108,0,2,4,0,2,4,0,3,0,1,2,1,1,2,1,0,4,0
3109,0,1,0,0,4,0,0,0,0,2,2,2,0,4,0,0,4,0
3110,4,1,1,0,0,3,0,1,0,2,3,3,1,2,4,2,4,1
3111,1,1,1,0,1,1,0,1,0,2,2,3,1,1,1,0,1,0
3112,1,2,2,3,1,2,0,0,0,1,1,2,1,4,3,1,1,1
3113,4,3,3,0,0,4,0,4,0,4,4,2,4,4,2,1,4,0
3114,1,1,3,0,0,4,0,0,0,2,4,2,4,0,3,1,4,2
3115,0,3,1,0,0,4,0,0,0,3,1,2,1,0,4,0,0,1
3116,0,3,0,0,0,2,0,0,0,1,3,4,1,2,3,1,4,0
3117,4,4,4,1,0,3,0,0,4,4,4,2,1,1,2,1,0,2
3118,1,1,4,1,0,3,0,0,0,1,1,1,1,1,1,1,1,1
3119,2,2,4,0,0,1,0,4,4,3,4,3,1,4,4,2,4,1
3120,0,2,0,0,0,2,0,0,0,1,0,1,2,0,2,4,0,1
3121,0,4,0,0,1,0,0,2,4,2,2,2,0,3,1,0,1,0
3122,3,1,1,3,0,3,0,1,1,1,1,2,4,1,1,2,1,4
3123,0,1,4,1,0,3,0,0,1,1,1,1,2,0,1,1,2,2
3124,0,1,1,0,4,2,0,0,0,3,1,2,1,0,2,1,0,1
3125,0,2,0,0,2,1,0,0,0,3,3,2,0,2,0,0,2,4
3126,4,3,2,0,0,2,0,0,0,3,1,1,1,0,1,0,4,0
3127,0,0,0,0,4,1,0,0,0,4,3,3,0,4,1,0,4,0
3128,0,2,1,1,0,1,0,0,0,4,2,1,1,4,2,1,0,3
3129,0,4,1,0,0,0,0,0,0,4,4,3,0,0,0,0,1,0
3130,0,2,1,2,0,1,0,0,4,1,2,1,3,0,1,3,1,3
3131,0,0,0,0,0,1,0,0,0,3,3,2,2,3,4,0,4,0
3132,0,1,0,0,1,1,0,2,0,3,1,3,0,1,0,0,3,4
3133,0,1,4,1,1,3,0,0,1,4,1,4,1,3,2,1,3,1
3134,0,4,0,0,4,4,0,0,1,4,3,2,0,2,3,0,4,3
3135,1,1,1,3,0,4,0,0,0,2,0,2,2,1,2,3,0,3
3136,0,3,0,0,1,0,0,0,0,1,2,1,0,1,0,0,4,4
3137,0,2,4,0,0,0,0,1,0,4,4,4,0,4,4,0,4,4
3138,0,1,1,4,4,1,0,0,0,2,3,3,4,0,2,1,4,2
3139,0,0,0,0,2,0,0,0,0,3,1,2,0,0,0,0,1,4
3140,2,3,1,0,0,0,0,0,1,1,1,3,3,1,1,0,1,0
3141,0,1,0,0,0,1,0,1,0,2,3,4,0,2,0,0,4,0
3142,0,2,4,0,4,1,0,0,0,2,1,1,0,3,4,0,2,0
3143,0,0,0,0,0,4,0,0,0,4,3,3,0,2,1,4,0,1
3144,0,1,0,0,3,0,0,0,0,3,2,2,4,3,2,0,4,0
3145,0,3,2,4,0,1,0,0,0,1,1,1,1,3,4,0,2,0
3146,0,1,1,0,1,4,0,1,0,3,1,2,0,2,0,0,3,0
3147,1,3,3,0,0,3,0,0,1,4,0,4,3,0,3,0,0,0
3148,0,4,0,0,1,0,0,4,0,3,3,4,0,4,4,0,4,0
3149,1,2,2,4,0,2,0,0,0,3,4,1,2,0,2,3,0,3
3150,0,2,3,4,0,2,0,3,0,4,1,3,3,4,1,0,1,4
3151,1,2,3,0,0,0,0,3,1,2,3,2,2,3,4,0,2,0
3152,0,2,0,0,4,0,0,0,0,3,3,3,0,2,0,0,4,0
3153,0,4,0,0,0,4,0,4,0,3,2,2,0,2,4,0,2,0
3154,0,1,1,2,0,2,0,0,0,2,0,4,1,0,2,3,0,0
3155,0,2,0,4,0,1,0,3,1,2,2,2,1,3,4,4,1,0
3156,4,1,0,1,3,0,0,0,1,3,3,2,2,0,4,4,4,0
3157,0,2,1,0,0,1,0,0,1,2,1,3,3,0,3,3,0,2
3158,3,4,4,4,4,4,0,0,4,4,4,4,4,3,4,3,1,0
3159,4,0,4,2,4,2,4,0,2,2,4,3,4,0,2,1,0,0
3160,0,1,3,2,0,1,0,0,0,1,0,2,3,0,4,1,0,2
3161,0,4,4,0,0,2,0,4,4,2,2,2,1,0,3,1,4,1
3162,0,4,1,0,3,0,0,4,4,2,2,1,0,4,2,0,2,4
3163,0,1,0,0,3,1,0,4,1,1,1,2,0,4,1,0,1,0
3164,1,2,3,4,0,2,0,0,1,4,4,2,2,1,3,3,3,0
3165,0,1,4,0,1,1,0,4,0,4,4,4,0,2,0,0,3,0
3166,0,3,0,0,4,0,0,0,0,3,2,2,0,0,0,0,2,0
3167,0,2,0,0,2,4,0,0,0,4,3,3,0,2,1,0,2,0
3168,1,4,4,3,0,3,0,0,1,3,0,4,3,0,4,3,0,1
3169,0,3,0,0,0,3,0,2,0,1,3,3,2,2,4,0,2,0
3170,0,1,4,0,1,0,0,1,4,2,2,2,0,2,1,0,4,4
3171,0,1,0,0,4,0,0,4,0,4,3,4,4,2,0,0,1,0
3172,0,4,0,0,1,0,0,4,0,2,3,4,0,2,2,0,4,0
3173,4,2,1,1,0,2,0,0,2,3,0,2,4,0,2,1,0,0
3174,0,3,4,0,3,1,0,3,0,2,4,3,3,3,4,0,3,2
3175,0,2,3,0,0,4,1,0,1,1,0,1,4,0,2,4,0,0
3176,0,3,1,3,0,4,0,4,3,3,4,3,3,1,2,0,1,0
3177,0,2,1,0,0,4,0,0,0,1,1,1,1,1,4,4,0,1
3178,1,3,1,4,0,2,0,0,1,4,1,4,1,0,2,0,0,0
3179,3,4,1,1,0,1,1,1,2,1,0,1,4,0,2,3,0,2
3180,3,2,4,0,0,3,0,0,0,2,4,2,2,4,4,3,0,3
3181,2,3,2,0,0,4,0,0,3,1,1,2,1,1,3,2,0,2
3182,0,2,0,0,4,4,0,0,0,2,2,3,0,4,4,0,4,0
3183,0,2,3,0,4,3,1,4,4,3,1,3,2,1,2,3,3,4
3184,1,3,0,0,4,2,0,1,0,3,3,2,4,3,4,1,2,0
3185,0,1,1,0,0,1,0,0,0,1,1,1,0,1,1,0,4,2
3186,0,1,0,0,1,0,0,3,0,3,4,2,1,2,4,0,4,0
3187,0,2,4,0,0,4,0,0,0,2,4,4,1,4,4,1,0,0
3188,0,1,0,0,4,1,0,0,0,1,3,2,0,2,0,0,2,0
3189,0,4,0,0,1,3,0,3,0,3,4,4,0,1,4,0,1,0
3190,0,2,0,0,4,0,0,0,0,2,3,2,0,3,4,0,4,0
3191,0,3,3,0,0,4,0,0,0,2,1,3,4,0,4,4,0,2
3192,0,3,0,0,0,4,0,0,0,1,1,2,4,0,1,1,0,1
3193,4,1,2,1,0,3,0,0,0,1,4,4,2,0,2,4,4,0
3194,0,3,0,0,1,0,0,1,1,3,1,3,0,2,4,0,2,1
3195,4,3,1,2,4,3,0,0,1,3,4,4,1,4,1,2,2,1
3196,1,1,3,4,0,1,0,0,4,3,1,1,2,0,2,4,0,0
3197,0,2,0,0,2,1,0,0,0,2,3,3,0,1,1,1,3,1
3198,4,3,3,0,4,1,4,4,3,3,3,2,1,3,3,4,2,0
3199,1,3,4,0,0,3,0,0,4,2,0,2,2,0,4,0,0,4
3200,0,3,4,0,4,0,0,2,0,3,1,3,0,3,0,0,1,0
3201,2,4,2,1,0,3,0,0,1,3,0,3,2,0,2,4,0,0
3202,0,4,3,0,1,0,0,0,1,3,4,3,1,2,4,0,2,0
3203,0,1,3,0,3,0,0,0,0,1,2,1,4,1,1,0,1,0
3204,1,2,1,1,0,2,0,0,0,1,1,1,1,0,1,1,0,1
3205,1,2,3,2,4,2,0,0,0,3,2,4,2,0,3,1,2,1
3206,3,1,1,4,2,2,0,0,1,2,4,3,2,3,3,0,3,0
3207,4,1,1,3,0,2,0,0,0,2,1,3,3,0,3,3,0,1
3208,1,4,2,3,0,1,0,1,1,1,2,2,3,0,3,1,0,2
3209,0,0,0,0,4,0,0,0,0,4,3,4,1,0,4,0,0,0
3210,4,3,2,0,0,3,0,1,2,3,4,2,4,4,2,3,1,3
3211,0,1,0,0,2,3,0,0,0,4,2,3,1,1,4,4,1,1
3212,4,1,2,1,0,3,0,0,0,3,4,3,4,2,2,1,0,4
3213,0,2,1,3,2,1,0,0,4,2,1,2,3,2,1,3,1,0
3214,1,2,2,1,0,2,0,0,0,3,0,4,3,0,1,2,0,4
3215,4,1,2,0,0,3,0,0,0,2,4,2,1,0,2,3,4,3
3216,0,1,4,4,2,2,0,0,0,1,4,2,0,4,2,0,1,0
3217,2,3,4,0,0,2,0,0,1,2,0,1,4,0,4,4,0,4
3218,0,0,2,0,0,1,0,1,0,1,1,2,1,3,1,0,1,0
3219,0,2,4,0,4,4,0,4,0,3,2,2,0,3,2,0,3,0
3220,0,2,0,0,1,4,0,2,1,3,1,2,0,3,4,0,3,3
3221,1,2,1,0,0,1,0,0,0,3,0,3,4,0,1,4,4,4
3222,4,2,4,0,0,4,0,0,4,2,1,3,1,4,4,4,4,4
3223,1,1,4,0,0,3,0,0,1,3,4,1,1,1,1,4,0,3
3224,0,4,0,0,4,0,0,0,0,2,3,3,0,3,1,4,3,4
3225,0,1,0,0,0,1,0,3,1,3,4,3,0,4,0,0,2,0
3226,0,4,1,0,0,0,0,0,0,4,3,2,0,2,4,0,3,0
3227,1,4,3,3,0,4,0,4,0,2,1,2,3,4,1,4,3,4
3228,1,2,1,0,0,1,0,0,0,3,4,2,1,4,2,4,3,1
3229,1,4,3,0,2,3,0,4,3,3,3,4,3,3,1,3,4,2
3230,0,3,1,0,3,2,0,4,4,4,4,3,0,2,3,0,3,2
3231,0,1,0,0,4,0,0,1,0,4,3,2,0,2,4,0,4,0
3232,0,3,0,0,1,4,0,2,0,3,2,1,0,3,4,0,1,1
3233,0,3,0,0,3,0,0,2,0,1,3,3,0,4,4,0,3,0
3234,1,2,0,0,4,3,0,0,0,2,4,3,3,0,2,3,4,0
3235,0,4,1,0,0,0,0,0,0,2,4,4,1,0,1,1,4,0
3236,0,1,0,0,1,0,0,0,0,3,2,4,4,4,4,0,0,0
3237,4,3,3,0,0,0,0,0,4,4,1,1,2,0,1,1,0,4
3238,4,3,4,3,0,3,0,0,0,1,4,3,3,4,2,2,4,2
3239,0,1,4,4,0,0,0,4,4,2,4,2,3,4,1,2,4,1
3240,1,1,3,0,4,3,0,0,0,1,3,1,2,4,1,1,2,1
3241,0,1,0,0,4,0,0,0,0,3,2,4,0,0,0,0,0,0
3242,0,1,4,0,1,4,0,3,1,1,1,1,0,2,2,0,1,0
3243,0,3,0,0,1,1,0,0,0,3,1,2,0,2,4,0,2,1
3244,0,2,0,0,0,0,0,0,0,3,0,3,0,1,2,0,0,0
3245,0,4,1,0,3,4,0,4,0,1,3,2,1,2,1,0,3,3
3246,3,1,2,0,1,2,0,0,4,2,2,3,3,4,4,3,1,1
3247,4,3,2,4,0,2,0,0,1,4,4,3,3,0,3,1,0,2
3248,0,3,2,0,4,2,4,3,4,1,3,3,0,1,3,0,4,4
3249,4,0,2,2,1,2,0,0,0,1,1,1,1,4,3,0,4,1
3250,0,4,1,0,0,2,0,0,0,2,0,3,4,0,2,2,0,4
3251,0,1,0,0,0,0,0,4,0,2,2,3,0,1,4,0,2,1
3252,0,1,0,0,0,3,0,0,2,1,1,3,0,0,2,0,0,0
3253,0,4,2,4,0,4,0,0,0,4,4,4,3,0,2,1,4,1
3254,0,0,0,0,1,0,0,0,0,3,2,2,0,1,4,0,1,0
3255,0,0,0,0,0,4,0,0,0,2,2,2,0,4,0,0,1,0
3256,1,4,0,0,2,0,0,0,0,3,4,2,0,4,4,0,1,0
3258,1,1,2,0,0,4,0,0,1,2,3,2,0,3,2,2,4,4
3259,0,4,0,0,4,0,0,0,0,2,1,3,2,1,2,0,0,0
3260,1,3,1,0,0,4,0,0,0,2,2,3,0,0,1,1,0,0
3261,0,3,0,0,3,2,0,0,0,1,1,3,4,1,4,0,2,0
3262,0,1,2,0,3,1,0,0,4,4,3,3,0,2,1,0,4,1
3263,0,3,0,0,4,0,0,4,1,3,2,1,0,1,3,0,1,0
3264,0,4,4,0,0,4,0,4,4,4,2,2,4,4,1,0,2,0
3265,4,3,1,4,0,4,0,4,0,4,1,2,2,1,3,2,2,2
3266,0,0,0,0,4,0,0,0,0,2,3,2,0,1,0,0,1,0
3267,0,4,3,3,0,3,0,0,1,4,0,4,4,0,2,1,0,0
3268,1,3,4,0,0,4,0,0,1,1,4,1,3,0,3,2,0,4
3269,0,1,0,0,2,0,0,0,0,3,2,2,0,2,0,0,2,0
3270,0,0,1,0,1,0,0,0,0,3,2,2,0,1,0,0,4,0
3271,3,1,4,0,1,4,0,3,0,1,3,2,3,4,2,0,2,0
3272,1,3,4,1,0,1,0,0,0,2,1,2,3,0,1,0,1,4
3273,4,1,1,0,4,4,2,3,1,3,3,2,1,4,1,0,3,0
3274,0,2,4,0,4,0,0,0,0,1,0,4,0,0,3,0,0,1
3275,1,1,3,1,0,2,0,0,0,4,4,2,3,1,3,4,0,4
3276,0,1,4,0,1,1,0,2,0,4,1,3,1,4,1,0,2,0
3277,4,2,2,0,0,4,0,0,1,2,1,2,2,1,4,1,1,4
3278,4,2,3,1,0,2,0,0,0,4,4,4,4,4,2,2,3,0
3279,4,4,2,3,0,3,0,0,0,4,1,4,1,0,4,1,0,3
3280,1,3,1,0,0,1,0,0,2,2,1,2,2,1,1,0,4,0
3281,0,2,3,0,3,1,0,0,0,2,2,2,0,1,1,0,4,0
3282,0,4,0,0,0,0,0,0,1,2,2,1,0,2,0,1,1,0
3283,4,1,3,3,0,4,0,0,0,4,1,2,3,1,3,4,1,0
3284,0,1,0,0,1,4,0,0,4,3,2,2,0,2,2,0,3,0
3285,0,0,0,0,0,2,0,0,0,4,4,3,0,3,4,0,1,4
3286,0,4,0,0,2,1,0,2,0,2,3,3,0,2,0,0,1,0
3287,0,3,4,0,0,0,0,0,0,2,0,3,4,0,1,0,0,0
3288,1,2,1,2,0,1,0,0,4,2,0,1,3,0,3,4,0,1
3289,0,1,0,0,1,0,0,0,0,1,1,3,0,3,4,0,1,0
3290,0,1,0,0,0,0,0,0,0,3,3,2,0,0,0,0,4,0
3291,4,1,3,1,0,1,0,0,0,3,0,2,3,0,4,1,0,0
3292,0,1,1,4,0,1,0,0,2,3,4,2,2,0,1,0,4,0
3293,0,2,0,1,3,4,0,2,1,1,1,2,1,1,1,1,1,1
3294,1,1,4,0,3,1,0,0,3,2,4,2,2,0,3,4,3,4
3295,0,1,4,1,0,3,0,1,4,1,1,3,3,1,2,3,0,3
3296,1,1,3,1,0,2,0,4,0,2,4,3,4,4,3,3,4,2
3297,4,3,4,0,2,0,0,1,1,1,2,3,4,4,3,1,2,3
3298,4,2,2,0,0,4,0,0,0,1,1,3,1,0,4,1,0,1
3299,1,1,2,4,4,4,0,2,1,3,2,1,1,3,3,0,2,0
3300,0,4,0,0,3,4,0,0,0,2,1,2,0,0,0,0,4,0
3301,0,4,4,0,2,0,0,1,1,3,4,1,0,3,4,0,1,0
3302,4,1,4,0,3,2,0,1,0,2,3,4,0,2,2,0,4,4
3303,4,1,1,2,0,3,0,0,1,2,0,2,2,0,3,1,0,2
3304,0,0,1,0,2,1,0,1,0,3,3,3,0,4,3,0,1,0
3305,0,1,2,4,0,2,0,0,1,2,0,4,1,0,1,3,0,1
3306,1,2,1,3,4,3,0,0,4,3,4,1,1,0,3,4,0,1
3307,0,2,4,4,2,2,0,0,0,4,4,4,4,2,3,4,1,3
3308,4,1,4,4,0,1,0,0,4,3,4,4,1,0,4,0,0,0
3309,0,3,2,0,0,1,0,0,0,1,1,1,4,4,4,1,1,0
3310,0,3,4,0,0,0,0,0,3,3,4,2,3,1,4,0,4,0
3311,4,4,4,4,0,3,0,4,0,2,3,4,3,1,2,2,3,2
3312,4,3,4,3,0,1,0,0,0,3,4,2,1,0,3,3,0,0
3313,0,2,4,0,4,3,0,4,0,2,3,3,0,1,2,0,1,2
3314,0,4,0,0,0,4,0,0,0,3,3,3,4,3,4,0,1,1
3315,0,0,4,0,1,4,0,0,0,1,1,1,1,1,4,0,1,0
3316,0,4,1,0,2,0,0,1,0,2,3,2,1,2,1,0,2,0
3317,0,1,3,1,0,2,0,0,4,1,0,3,3,0,3,2,0,3
3318,0,3,0,0,0,2,0,0,0,1,4,1,2,4,3,1,4,3
3319,0,2,0,0,2,1,0,1,0,2,4,3,0,2,1,0,1,0
3320,0,1,0,0,3,3,0,4,0,3,4,4,0,1,1,0,2,0
3321,4,3,3,1,0,4,0,0,0,4,0,1,3,0,3,3,4,0
3322,0,3,1,0,0,4,0,0,1,3,1,3,3,2,2,4,1,0
3323,0,4,0,1,2,0,0,3,0,1,3,2,1,1,3,0,3,0
3324,0,3,0,0,4,1,0,0,0,2,2,3,0,2,0,0,4,0
3325,3,3,1,1,0,4,0,1,0,3,1,2,4,4,2,2,3,1
3326,0,4,1,0,4,0,0,1,0,2,1,2,0,2,2,0,1,1
3327,1,3,3,1,0,4,0,0,3,4,0,1,2,0,1,1,1,1
3328,2,0,2,0,0,4,0,0,1,2,0,3,1,0,1,2,0,3
3329,0,3,1,0,0,3,0,0,0,2,4,2,4,0,2,0,4,4
3330,0,1,0,0,0,4,0,0,3,4,2,3,2,4,2,4,4,0
3331,0,1,1,0,0,1,0,3,4,3,2,2,1,4,2,4,4,4
3332,0,1,1,0,0,0,0,0,0,1,1,3,1,0,4,1,0,0
3333,0,4,4,0,2,0,0,4,4,4,4,2,0,1,0,0,3,0
3334,0,1,1,0,3,1,0,1,0,1,3,2,0,2,1,0,2,0
3335,4,1,4,1,4,2,1,1,1,4,2,4,2,2,4,1,3,4
3336,3,1,1,0,0,1,0,0,0,1,1,4,4,0,1,4,0,4
3337,0,1,0,0,0,0,0,2,0,3,3,2,0,3,4,0,2,0
3338,0,4,0,0,4,1,0,0,0,3,1,2,0,4,0,0,4,0
3339,0,0,0,0,0,0,0,0,0,4,4,4,0,0,0,0,1,0
3340,0,4,3,2,0,4,0,0,1,1,4,2,2,1,1,4,0,1
3341,0,4,1,0,1,0,0,1,0,1,2,2,0,3,3,0,2,1
3342,4,2,1,1,0,3,0,0,0,3,3,3,0,4,3,3,4,0
3343,1,1,2,4,0,3,0,0,1,3,1,2,1,1,1,0,0,2
3344,2,1,3,0,0,3,0,1,0,1,1,1,1,1,1,0,1,0
3345,2,1,4,0,0,3,0,4,1,3,2,2,3,1,4,0,1,1
3346,0,3,0,0,2,4,0,0,0,1,1,1,2,1,4,4,1,4
3347,0,4,3,0,2,0,0,3,0,3,2,4,0,3,4,0,2,0
3348,2,1,1,1,0,3,0,0,0,3,1,1,1,4,2,1,0,0
3349,0,1,0,0,2,0,0,4,1,3,2,3,0,4,0,0,3,0
3350,2,2,2,3,0,1,0,0,0,1,1,2,2,1,4,1,1,2
3351,0,4,1,1,0,1,0,0,0,3,3,2,0,4,1,0,2,0
3352,4,3,3,2,1,1,0,1,1,2,4,1,2,0,3,2,4,4
3353,0,1,0,0,3,0,0,0,0,2,4,3,0,1,0,0,1,0
3354,4,2,1,0,0,1,0,0,4,3,4,4,1,0,1,2,0,0
3355,2,4,3,0,0,4,0,0,3,3,0,3,2,0,1,1,0,4
3356,3,3,1,2,0,3,0,0,0,2,2,1,2,2,3,3,3,1
3357,4,1,1,0,1,1,0,0,0,2,1,1,0,1,2,0,1,0
3358,0,1,1,0,4,0,0,0,0,2,2,2,0,1,1,0,3,4
3359,1,3,4,0,0,1,0,0,0,1,0,2,1,0,3,2,0,0
3360,0,3,4,0,4,1,1,3,4,4,2,3,4,3,2,0,2,0
3361,0,3,3,0,3,1,0,1,0,3,2,2,1,1,1,0,1,0
3362,2,4,4,0,0,4,0,0,1,3,4,4,1,0,3,1,0,3
3363,0,1,0,0,4,1,0,0,1,3,2,3,0,1,2,0,4,1
3364,0,3,2,4,0,1,0,0,0,2,4,3,2,4,3,4,0,2
3365,3,2,2,1,1,3,0,0,0,2,3,1,2,1,2,1,0,1
3366,0,1,4,0,4,0,0,0,0,4,2,1,3,1,1,0,1,3
3367,4,1,0,0,4,2,0,4,0,3,4,4,0,2,3,0,2,4
3368,0,1,1,0,4,0,0,2,0,2,2,1,0,2,1,0,3,0
3369,4,3,3,0,0,3,0,0,0,3,3,4,2,4,2,4,4,0
3370,4,0,0,0,2,0,0,0,0,1,3,1,0,3,0,0,1,0
3371,0,1,4,0,3,0,0,0,0,3,2,2,0,4,0,0,1,0
3372,0,3,1,1,0,1,0,0,0,1,0,4,4,0,3,4,0,4
3373,2,1,2,4,0,2,1,0,1,3,1,4,3,4,2,3,3,4
3374,0,1,0,0,0,0,0,3,1,2,2,2,0,1,0,0,3,0
3375,0,3,1,0,0,4,0,0,4,4,4,3,4,4,2,0,0,4
3376,0,3,4,1,1,2,0,0,0,3,3,3,4,3,3,2,3,3
3377,0,1,0,0,0,0,0,3,0,2,1,2,1,4,1,0,3,4
3378,0,2,1,0,0,1,0,0,0,4,3,3,4,0,1,0,4,0
3379,0,3,4,0,0,3,0,0,0,1,1,1,4,0,4,4,0,0
3380,0,1,0,0,3,3,0,3,1,2,3,3,0,2,1,0,4,0
3381,4,3,0,0,0,4,0,4,0,4,1,4,0,3,0,0,2,0
3382,0,3,0,0,0,4,0,0,0,3,4,3,3,4,4,0,4,4
3383,1,2,4,2,1,2,0,0,0,4,1,3,1,2,4,2,3,4
3384,1,1,0,0,0,1,0,1,1,2,1,3,0,3,1,1,1,0
3385,0,1,2,1,0,2,0,0,1,1,4,3,4,0,1,1,0,0
3386,4,2,3,1,0,3,0,0,0,4,1,4,3,0,2,0,1,1
3387,0,3,4,0,1,1,0,0,0,2,3,2,0,4,4,0,1,4
3388,0,3,1,3,0,3,0,0,0,3,0,2,1,0,4,3,0,2
3389,0,4,2,0,0,0,0,1,0,1,1,2,4,1,4,0,2,0
3390,0,3,4,3,0,4,0,4,0,1,4,3,4,4,2,1,4,4
3391,0,1,1,3,0,1,4,0,3,1,4,1,3,0,2,3,0,1
3392,0,1,4,0,3,0,0,1,0,4,4,2,0,1,1,0,1,1
3393,0,1,3,1,0,4,0,0,0,2,1,2,3,0,1,4,0,1
3394,4,2,0,0,4,4,0,0,0,1,2,4,4,4,4,0,4,0
3395,0,1,1,0,1,3,0,1,1,1,3,2,1,2,4,0,1,4
3396,0,2,2,0,1,1,0,2,4,4,2,2,4,2,1,0,3,1
3397,4,4,4,3,0,1,0,0,0,4,1,3,3,4,3,3,4,1
3398,0,4,4,1,0,4,0,0,0,3,3,3,0,1,4,0,3,3
3399,2,4,4,3,0,1,0,0,0,3,4,3,2,1,1,2,0,0
3400,2,1,1,3,0,4,0,0,4,1,1,2,1,4,3,0,0,4
3401,4,2,3,0,2,3,0,0,0,2,4,3,1,2,2,3,1,0
3402,4,3,0,0,4,0,0,4,0,4,1,3,0,3,4,0,2,0
3403,0,1,4,0,0,3,0,0,4,2,0,1,1,4,1,4,0,1
3404,0,4,2,0,1,0,0,0,0,3,2,2,3,2,4,0,1,0
3405,0,2,4,4,1,1,0,4,4,4,1,1,2,4,4,4,3,3
3406,2,3,1,2,0,2,0,4,1,1,3,2,2,3,2,4,1,2
3407,2,2,1,1,0,3,0,0,0,1,0,4,1,0,3,4,0,4
3408,0,1,0,4,1,1,0,0,1,2,2,2,1,0,1,1,3,0
3409,0,3,3,0,1,4,0,0,0,1,1,2,3,1,2,0,2,0
3410,0,4,0,0,0,0,0,0,0,1,1,1,3,3,0,0,1,0
3411,1,3,1,2,0,4,0,0,4,1,4,3,3,1,3,3,0,1
3412,0,4,4,2,1,3,0,0,1,1,4,3,3,0,3,1,0,4
3413,0,1,0,0,0,0,0,0,0,1,2,4,0,1,0,0,3,0
3414,0,1,1,0,2,1,0,0,0,1,2,3,1,2,2,4,3,0
3415,0,4,4,0,4,4,0,3,4,2,1,2,0,2,3,0,2,3
3416,4,4,2,1,0,2,0,0,0,4,4,2,3,0,2,3,4,4
3417,0,0,0,0,0,0,0,4,0,2,1,2,0,4,0,0,4,0
3418,0,1,2,2,1,2,0,0,0,1,1,1,4,3,2,0,2,1
3419,0,3,2,1,0,2,0,0,0,4,0,3,3,0,1,1,0,4
3420,0,4,0,0,0,0,0,0,0,1,2,1,0,1,0,0,2,0
3421,0,4,0,0,3,1,0,3,0,4,1,3,3,3,1,0,2,3
3422,4,4,1,1,0,3,0,0,0,2,3,3,0,1,4,4,1,4
3423,0,2,2,0,0,2,0,0,4,3,1,2,3,0,2,0,0,1
3424,1,2,1,0,0,4,0,0,0,2,1,2,1,1,4,2,0,4
3425,0,3,4,0,1,4,0,1,0,4,3,3,0,3,4,0,3,0
3426,0,0,0,0,1,3,0,0,0,3,3,3,0,1,0,0,2,0
3427,0,2,2,0,1,1,0,1,0,1,1,1,3,4,1,0,2,2
3428,0,2,0,4,4,2,0,0,0,3,2,3,1,4,1,3,3,2
3429,4,3,1,0,3,2,0,0,0,2,3,2,1,1,3,1,3,2
3431,0,3,0,0,2,0,0,4,0,2,4,2,0,2,4,0,1,0
3432,0,4,4,2,0,4,0,0,4,3,4,2,1,0,3,3,4,2
3433,0,1,3,0,0,3,0,2,0,3,3,3,4,3,2,0,1,0
3434,2,2,1,1,4,2,0,1,1,3,1,2,4,1,1,1,2,1
3435,0,1,1,0,0,1,0,0,0,3,3,4,4,1,2,1,1,4
3436,0,4,1,4,0,1,0,4,0,3,4,3,0,2,4,0,2,0
3437,1,1,0,1,0,3,0,1,4,2,1,4,1,1,1,2,1,1
3438,4,2,1,0,0,1,0,0,0,4,1,3,4,0,1,1,0,1
3439,0,1,4,0,1,0,0,4,4,1,1,1,0,1,3,0,2,1
3440,0,3,1,1,3,3,0,0,1,3,2,3,0,3,2,0,4,2
3441,1,4,3,0,0,4,0,0,0,2,3,4,4,0,3,3,4,4
3442,1,3,1,0,0,4,0,0,4,2,0,2,3,0,2,1,0,4
3443,3,3,3,1,0,3,0,0,1,1,0,2,2,0,4,2,0,1
3444,0,3,0,0,3,0,0,4,0,4,2,3,0,4,4,0,3,0
3445,0,4,4,0,1,1,0,0,0,4,3,4,3,4,1,0,4,0
3446,1,1,1,0,4,1,0,4,0,3,4,2,1,1,1,0,1,0
3447,4,4,2,0,0,1,0,0,0,2,3,4,1,0,3,1,0,0
3448,2,2,2,1,1,3,0,4,0,1,2,2,1,4,1,2,4,3
3450,0,1,3,0,0,4,0,0,0,1,0,1,4,0,4,0,0,0
3451,0,4,1,0,0,0,0,3,0,2,3,3,1,2,4,0,3,4
3452,4,3,1,2,0,2,0,0,0,2,3,3,1,4,1,2,2,1
3453,4,2,1,1,1,1,0,1,1,2,4,3,3,2,1,0,3,0
3454,1,3,1,2,0,3,0,0,0,2,4,3,3,0,2,1,0,0
3455,0,2,2,0,0,3,0,0,0,3,1,3,4,2,4,0,1,1
3456,0,4,0,0,3,1,0,0,1,3,3,3,2,2,4,0,2,0
3457,2,1,1,1,0,1,0,0,1,1,0,1,2,0,1,1,0,0
3458,0,4,4,4,0,0,0,0,0,1,4,4,4,4,1,0,3,1
3459,2,3,3,4,0,2,0,0,0,2,2,3,2,4,1,4,3,1
3460,1,2,3,2,4,2,0,1,4,2,2,3,3,2,3,1,2,2
3461,0,2,1,0,0,0,0,0,0,3,4,2,1,0,1,3,0,1
3462,4,2,3,1,0,0,0,0,0,3,3,3,3,0,4,0,0,0
3463,0,4,0,0,1,0,0,0,0,1,2,1,0,1,3,0,2,4
3464,2,2,3,2,2,4,0,0,1,2,4,1,4,3,3,4,1,1
3465,0,2,0,0,1,0,0,0,0,1,3,2,0,1,1,0,1,0
3466,0,1,4,0,1,0,0,3,0,2,4,4,0,1,0,0,3,1
3467,4,2,3,0,4,4,0,4,0,2,4,2,3,4,3,4,4,4
3468,0,2,4,0,3,0,0,4,0,4,3,3,0,1,4,0,4,1
3469,0,2,4,0,0,1,0,0,4,2,0,2,2,0,2,2,0,4
3470,0,1,2,1,4,1,3,2,3,2,1,1,3,2,4,1,4,4
3471,1,4,2,0,1,4,0,0,1,2,1,2,3,2,1,3,2,0
3472,2,2,3,2,0,3,0,0,1,2,0,1,3,0,3,1,0,4
3473,0,1,1,0,1,0,0,0,0,3,3,3,0,0,1,0,0,0
3474,0,4,0,0,0,0,0,1,0,0,1,2,0,2,2,0,3,0
3475,0,1,0,0,2,0,0,0,0,2,2,2,0,4,2,0,4,0
3476,0,4,2,0,1,4,0,4,4,2,2,3,0,4,4,0,2,4
3477,0,0,0,1,4,0,0,0,0,4,3,2,0,1,1,0,3,0
3478,0,4,0,0,2,1,0,4,0,3,2,1,0,2,2,0,3,0
3479,0,1,0,0,0,0,0,0,0,3,3,2,0,2,1,0,2,0
3480,0,0,0,0,4,1,0,4,0,2,1,2,0,1,4,0,4,4
3481,0,4,0,0,4,1,0,1,0,2,2,2,0,4,1,0,0,0
3482,1,4,0,2,0,4,0,0,0,3,3,2,2,4,1,3,0,1
3483,1,3,1,0,0,0,4,0,4,1,4,3,3,4,4,1,4,4
3484,0,4,0,0,2,4,0,0,0,1,1,2,3,4,4,1,1,0
3485,0,2,1,0,3,4,0,0,4,2,2,1,0,3,4,0,2,4
3486,0,4,0,0,4,0,0,4,0,4,4,3,0,2,0,0,4,1
3487,0,4,4,3,0,2,0,4,4,1,2,3,3,2,1,3,3,1
3488,0,1,0,0,0,0,0,4,0,2,3,2,0,4,0,0,1,0
3489,1,2,1,0,2,3,0,3,1,1,1,3,1,4,4,1,0,0
3490,0,4,2,0,4,1,0,4,3,2,4,2,3,1,2,1,4,2
3491,4,2,4,0,1,2,0,1,0,3,1,1,1,1,4,3,1,3
3492,2,3,1,0,0,3,0,0,0,2,0,1,1,1,1,1,4,2
3493,0,4,0,0,1,0,0,4,4,2,3,2,0,3,1,0,1,0
3494,0,4,0,0,3,0,0,0,0,3,3,4,0,1,0,0,4,0
3495,0,3,1,0,0,3,0,3,0,2,1,1,4,2,3,0,4,0
3496,4,4,2,3,1,1,0,4,0,3,4,4,1,4,3,2,1,2
3497,2,4,2,1,1,3,0,0,1,3,1,3,4,0,4,0,0,2
3498,0,4,0,0,0,1,0,0,0,2,2,2,0,0,1,0,1,0
3499,0,1,0,0,1,1,0,4,1,1,1,2,0,3,4,0,3,1
3500,0,3,1,0,1,1,0,0,0,2,1,1,4,1,3,0,2,3
3501,0,3,4,4,4,3,0,0,4,2,3,3,4,0,4,4,1,3
3502,1,2,3,1,0,2,0,0,0,1,1,3,3,0,3,4,0,4
3503,0,1,0,0,1,4,0,0,1,4,4,2,0,2,1,0,1,0
3504,1,2,2,1,0,2,0,0,1,3,0,4,3,0,2,4,0,4
3505,4,3,1,1,0,4,0,4,1,1,4,4,2,0,2,1,0,1
3506,0,1,1,0,0,1,0,0,0,3,3,1,0,1,0,0,2,0
3507,0,1,0,0,3,0,0,0,0,2,3,4,0,3,0,0,4,0
3508,0,4,4,0,4,1,0,4,4,1,2,4,0,3,1,0,2,0
3509,4,3,2,3,0,3,0,1,0,3,1,1,3,1,2,3,0,2
3510,4,3,3,0,0,1,0,0,0,2,0,2,1,0,4,2,0,3
3511,1,1,4,0,2,0,0,0,0,2,2,2,1,2,4,1,2,1
3512,2,3,1,3,0,3,0,0,4,2,1,1,2,0,1,1,0,3
3513,0,3,1,0,3,0,0,2,0,1,4,4,0,3,4,1,3,3
3514,2,3,3,1,0,4,0,0,4,3,1,1,3,0,4,4,0,1
3515,0,4,0,0,0,1,0,0,0,1,3,3,4,2,1,0,2,0
3516,1,4,1,2,0,4,0,0,1,4,4,1,3,1,3,4,0,4
3517,0,4,4,0,4,4,0,0,0,2,2,2,1,1,4,4,1,4
3518,1,4,4,4,0,4,0,4,0,3,4,4,2,4,2,4,0,1
3519,0,2,1,0,4,4,0,0,1,3,2,3,2,1,3,4,1,0
3520,0,0,0,0,4,0,0,0,0,3,1,2,0,2,0,1,2,0
3521,0,4,0,0,0,1,0,0,0,3,1,2,1,3,1,0,4,0
3522,0,4,0,0,0,0,0,3,0,1,2,2,0,1,0,0,2,0
3523,0,4,4,0,0,0,0,0,0,1,2,3,0,4,0,0,3,0
3524,0,2,0,0,0,4,0,0,0,2,0,1,1,0,0,1,0,0
3525,0,2,2,0,0,1,0,0,0,1,4,1,1,0,1,0,0,2
3526,3,4,4,4,0,3,0,0,0,4,0,4,4,0,2,0,0,0
3527,0,4,0,0,0,0,0,0,0,3,4,4,0,4,0,0,4,0
3528,0,4,0,0,4,2,0,1,0,2,1,1,0,2,1,0,4,3
3529,0,3,0,0,4,4,2,3,3,3,4,3,0,1,4,0,2,0
3530,0,4,4,4,0,3,0,0,1,1,0,3,2,0,1,3,0,2
3531,0,2,0,0,1,1,0,4,0,2,1,2,0,3,4,0,3,1
3532,0,2,1,0,0,1,0,4,0,4,2,2,2,4,1,0,0,0
3533,0,4,0,0,4,0,0,0,0,4,2,3,0,1,0,0,4,0
3534,0,2,1,0,2,3,4,2,2,3,1,3,4,2,2,1,3,1
3535,0,2,0,0,0,4,0,0,2,2,0,4,0,0,1,0,0,0
3536,0,2,3,0,2,1,0,0,0,3,4,4,4,4,3,0,4,0
3537,0,1,1,4,1,1,1,3,2,2,1,1,2,1,3,1,3,3
3538,0,2,0,0,4,1,1,2,1,2,2,2,0,3,0,0,3,1
3539,1,2,1,0,0,1,0,0,4,1,0,1,1,0,1,1,0,0
3540,0,2,0,0,0,0,0,4,1,2,2,2,0,2,0,0,3,0
3541,1,2,0,0,0,3,0,0,0,3,4,3,3,4,1,4,1,3
3543,1,2,4,0,0,0,0,0,0,2,2,2,2,3,2,0,4,2
3544,0,1,0,0,0,0,0,4,0,3,1,2,0,3,1,0,2,0
3545,4,2,1,0,4,3,0,0,0,1,1,3,1,1,1,2,2,2
3546,2,4,2,4,0,2,0,0,0,4,3,4,3,1,4,4,2,3
3547,0,3,0,0,1,1,0,0,0,1,1,4,4,1,1,0,4,0
3548,4,3,4,0,4,2,0,0,4,3,3,4,2,1,3,0,3,3
3549,0,3,0,0,4,0,0,0,0,2,3,1,0,3,0,0,1,0
3550,0,3,2,0,0,2,0,0,0,3,4,4,2,0,3,2,0,1
3551,0,4,0,0,1,4,0,4,1,2,3,2,0,3,0,0,2,1
3552,4,3,4,0,3,2,0,0,4,4,4,3,1,2,1,0,3,4
3553,4,3,4,1,3,2,0,0,3,1,3,4,4,3,1,2,4,4
3554,3,4,3,0,0,4,0,0,0,3,0,2,2,0,2,3,0,2
3555,2,1,4,1,0,3,0,0,4,2,4,2,3,0,3,4,2,3
3556,4,1,3,1,3,1,0,4,2,1,4,2,4,0,3,2,1,1
3557,0,3,0,0,3,2,1,3,1,3,3,3,3,1,1,0,2,3
3558,3,1,1,1,0,1,0,0,4,1,1,1,3,0,3,4,0,0
3559,0,2,0,0,4,1,0,4,0,1,3,2,0,3,0,0,2,0
3560,0,1,3,0,4,2,0,0,0,2,4,2,1,4,4,2,0,1
3561,0,4,0,0,0,0,0,1,0,3,4,4,0,4,3,0,1,0
3562,3,1,3,3,0,3,0,0,0,2,3,4,2,0,3,4,4,4
3563,0,1,1,0,0,3,0,1,2,2,1,1,2,3,2,3,3,3
3564,4,1,4,1,0,4,0,0,0,1,4,1,3,0,1,1,0,4
3565,0,2,3,0,0,4,0,0,4,2,1,1,3,1,2,1,0,1
3566,4,1,1,1,0,1,0,1,0,3,1,2,1,1,1,3,1,1
3567,0,4,0,0,0,1,0,0,4,4,3,3,0,2,1,0,1,0
3568,0,1,0,0,4,1,0,0,0,4,2,4,0,4,1,1,1,0
3569,3,4,2,3,1,2,0,0,1,3,1,3,2,0,2,2,1,0
3570,0,0,0,0,4,4,0,0,0,0,3,1,0,3,0,0,0,4
3571,0,1,1,0,1,0,0,2,0,2,1,3,0,2,1,0,4,0
3572,0,1,4,0,0,0,0,1,1,1,2,3,0,1,4,0,4,1
3573,4,3,1,0,3,3,0,0,0,3,3,4,4,0,4,0,4,4
3574,0,1,0,0,4,0,0,1,0,2,4,3,0,1,1,0,2,0
3575,0,4,0,0,0,0,0,0,4,4,2,4,4,0,4,4,0,0
3576,1,2,1,1,0,1,0,0,1,3,3,2,3,1,2,2,2,4
3577,0,1,4,0,0,0,0,0,0,3,3,4,0,2,4,0,2,2
3578,4,4,0,0,0,0,0,0,0,3,1,4,1,0,0,0,0,0
3579,4,2,2,0,4,1,0,0,1,2,2,1,2,4,2,1,3,4
3580,0,3,3,0,1,4,0,0,4,2,1,2,3,4,2,2,0,2
3581,4,2,2,1,0,4,0,0,0,2,4,1,4,0,4,1,1,1
3582,4,2,2,0,1,3,0,0,1,1,4,4,3,1,4,1,1,0
3583,0,3,0,0,2,0,0,2,0,4,3,3,0,2,4,0,2,4
3584,0,4,0,0,4,0,0,0,0,2,1,1,0,1,0,0,1,0
3585,0,1,0,0,0,1,0,1,0,1,3,2,0,2,1,0,4,1
3586,1,2,1,1,4,4,0,0,0,3,1,1,3,1,2,1,0,4
3587,0,3,0,0,3,0,0,1,4,2,1,2,0,2,4,0,2,4
3588,0,2,3,0,4,1,0,0,0,3,3,2,0,1,2,0,2,0
3589,0,3,1,3,0,3,0,0,0,4,1,4,3,1,3,4,4,2
3590,3,4,2,0,0,2,0,0,0,2,4,2,4,0,3,0,4,1
3591,0,1,1,0,4,1,0,4,1,2,2,1,2,2,1,1,2,1
3592,1,4,4,0,0,0,0,0,4,4,0,4,4,1,3,4,0,2
3593,4,2,1,1,2,2,0,0,1,3,1,1,4,4,1,1,0,4
3594,2,3,2,1,1,3,0,1,0,2,1,3,2,2,4,2,2,2
3595,4,2,0,0,0,4,0,4,0,2,1,4,4,3,3,0,3,4
3596,0,4,1,0,4,1,0,0,0,2,2,3,1,4,1,0,3,0
3597,0,4,0,0,1,1,0,1,1,2,3,4,0,2,4,0,2,4
3598,0,2,0,0,3,0,0,0,0,2,2,3,0,4,0,0,2,0
3599,0,4,4,0,3,4,0,3,0,3,3,4,4,3,4,0,2,0
3600,1,2,0,4,0,4,0,0,0,3,4,3,1,4,1,1,4,2
3601,0,4,4,1,0,4,0,0,0,1,4,3,1,0,1,2,0,1
3602,0,3,4,0,0,4,0,0,2,3,3,3,4,1,4,2,2,2
3603,0,3,4,0,4,0,0,0,0,4,2,3,4,1,4,0,4,0
3604,0,2,3,0,1,1,0,0,0,2,2,2,0,1,1,0,2,0
3605,0,3,0,0,4,1,0,0,0,3,3,3,0,3,0,0,2,0
3606,0,2,0,0,1,3,0,1,4,2,2,2,0,1,3,0,1,1
3607,0,4,0,4,0,4,0,0,0,1,1,4,4,0,1,1,0,2
3608,0,4,0,0,1,0,0,0,0,1,2,1,0,1,0,0,1,0
3609,2,1,4,2,0,4,0,0,0,4,0,4,3,0,2,3,0,4
3610,1,2,0,0,0,0,0,0,4,1,4,2,2,0,1,1,2,4
3611,0,0,0,0,2,0,0,0,0,2,1,1,0,2,4,0,1,0
3612,0,1,0,0,2,1,0,0,0,3,2,3,0,1,0,0,3,0
3613,0,1,2,0,4,4,0,1,4,3,3,2,0,3,0,0,3,4
3614,1,4,3,1,1,3,3,4,2,4,4,4,4,1,3,1,4,1
3615,0,3,0,0,1,4,0,0,1,3,2,1,0,1,4,0,1,0
3616,3,4,2,1,1,2,0,0,0,1,1,4,1,1,2,1,4,2
3617,0,2,0,0,3,1,0,0,0,1,3,2,0,3,2,0,4,0
3618,0,2,1,4,4,4,0,0,0,3,1,4,3,1,4,0,3,0
3619,4,1,0,0,1,1,0,0,1,3,1,3,1,1,1,0,4,4
3620,1,1,4,4,2,1,0,0,4,2,4,4,3,4,1,0,4,0
3621,0,3,4,0,3,4,0,4,4,2,1,2,0,1,2,0,3,0
3622,0,2,0,0,3,0,0,0,0,4,3,2,4,4,0,1,2,1
3623,0,1,3,0,3,1,1,4,0,1,3,1,0,1,2,0,2,2
3624,1,3,2,0,3,3,0,0,0,2,2,3,4,4,3,0,4,3
3625,3,1,1,1,0,3,0,4,1,1,1,1,1,1,4,3,4,4
3626,0,4,0,0,2,4,4,4,4,3,3,3,0,4,4,0,2,0
3627,1,2,1,0,0,0,0,0,1,1,4,3,3,4,2,4,4,0
3628,0,1,1,0,4,1,0,0,0,2,1,2,0,1,0,0,1,0
3629,0,4,4,0,0,0,0,1,3,4,1,3,1,4,4,0,2,1
3630,0,4,3,0,0,0,0,0,0,3,3,2,1,2,2,0,3,1
3631,2,4,3,0,2,4,0,4,0,3,3,2,1,2,4,0,1,1
3632,1,2,2,0,3,0,0,1,4,4,2,3,1,2,2,2,3,2
3633,1,4,1,0,0,4,0,0,2,1,0,2,4,0,1,2,0,0
3634,0,3,4,0,0,2,0,0,1,2,4,4,1,0,3,2,0,2
3635,0,4,3,0,3,2,0,0,1,1,3,2,0,2,2,0,1,3
3636,0,1,2,0,0,4,0,0,4,3,3,3,2,4,2,3,4,4
3637,4,2,3,0,4,2,0,4,3,4,4,3,1,4,2,1,2,1
3638,0,3,0,0,0,0,0,4,0,3,4,3,0,4,2,0,2,0
3639,4,4,4,0,2,4,3,4,2,4,4,4,0,4,4,4,4,0
3640,0,4,0,0,4,0,0,2,0,3,4,4,0,4,4,0,4,0
3641,0,2,2,0,4,1,1,4,0,1,3,2,0,3,1,1,2,1
3642,0,2,0,0,1,0,0,0,0,2,4,2,0,0,0,0,4,0
3643,0,4,0,0,1,0,0,0,0,1,2,3,3,0,0,0,1,0
3644,0,2,0,0,3,2,0,3,4,3,4,2,4,2,4,0,3,4
3645,0,2,0,0,2,4,0,4,1,1,1,2,0,1,3,0,2,1
3646,0,3,2,1,0,0,0,0,4,1,2,2,4,1,3,1,4,4
3647,0,3,0,0,1,3,0,2,1,3,3,2,0,1,1,0,1,0
3648,3,2,4,1,0,2,0,0,0,2,1,4,1,0,1,0,0,3
3649,0,3,4,0,0,0,0,1,0,3,4,3,0,4,0,0,2,4
3650,0,3,4,0,3,4,0,1,0,3,1,2,0,3,4,0,1,1
3651,0,1,0,0,4,1,0,0,0,4,3,2,4,2,1,0,3,0
3652,0,1,0,0,4,3,0,1,0,1,1,1,0,2,1,0,2,0
3653,0,1,3,1,0,4,0,0,0,2,1,1,1,1,4,0,1,0
3654,4,1,1,1,0,4,0,0,4,0,4,3,4,0,3,4,0,2
3655,4,3,4,1,4,3,0,0,3,4,4,3,2,1,3,3,4,2
3656,1,1,1,0,0,1,0,0,4,1,1,2,2,1,2,1,4,0
3657,3,2,2,0,0,0,0,0,0,1,1,4,3,1,3,0,1,4
3658,0,1,1,0,4,4,0,4,0,1,1,1,0,2,4,0,4,0
3659,0,1,1,0,1,0,0,1,0,3,3,3,1,3,4,1,1,0
3660,4,1,0,0,0,3,0,0,0,3,4,3,0,3,2,0,2,0
3661,3,3,1,0,0,1,0,0,0,1,1,1,3,0,1,0,0,0
3662,1,2,3,0,0,1,0,4,4,3,4,2,3,4,3,1,4,4
3663,1,3,4,0,0,4,0,0,0,2,4,4,4,0,4,2,0,3
3664,4,4,4,1,0,3,0,0,0,4,4,3,4,1,2,2,3,0
3665,0,2,4,0,0,4,0,0,3,4,4,3,1,4,3,4,0,2
3666,0,4,0,0,4,4,0,0,0,3,4,1,0,0,4,0,4,1
3667,1,4,4,3,0,3,0,0,0,2,0,2,3,1,2,4,0,1
3668,0,4,4,0,1,4,0,2,0,4,3,2,2,2,4,1,2,1
3669,0,1,0,0,2,0,0,0,0,3,2,4,0,2,0,0,3,0
3670,0,3,0,0,0,1,0,1,1,2,1,3,1,3,1,1,0,1
3671,0,3,0,0,4,1,0,0,0,2,4,4,0,1,0,0,3,0
3672,3,1,2,3,0,1,0,0,4,1,4,1,4,0,4,4,4,1
3673,0,2,1,0,0,3,0,0,4,3,1,3,4,1,1,1,1,1
3674,1,4,1,0,0,3,0,1,0,4,1,3,3,0,4,3,1,0
3675,0,3,1,0,4,0,0,0,0,3,1,1,0,1,2,0,1,0
3676,4,2,4,0,0,0,0,0,0,3,0,3,3,4,4,1,0,0
3677,1,1,1,0,0,4,0,0,0,4,1,3,1,0,1,0,0,0
3678,0,4,4,0,0,4,0,0,0,3,0,3,2,4,2,1,4,1
3679,1,3,4,4,0,4,0,0,4,1,4,2,4,0,3,4,4,4
3680,0,4,0,0,2,0,0,0,0,4,4,3,0,4,0,0,4,0
3681,0,3,3,0,0,4,0,0,2,4,2,4,2,0,4,1,1,3
3682,0,1,4,0,0,3,0,4,1,2,3,3,4,2,4,4,2,4
3683,4,3,1,0,0,4,0,0,1,2,1,4,2,4,2,0,0,1
3684,0,2,0,0,2,2,0,0,0,3,3,3,0,4,0,0,4,1
3685,4,3,1,0,0,0,0,0,0,2,0,2,2,0,3,3,0,4
3686,4,2,3,3,0,2,0,0,4,2,1,4,4,0,1,0,0,0
3687,0,2,0,0,1,0,0,1,0,4,2,2,0,2,4,0,1,0
3688,0,2,1,2,4,1,0,0,3,3,4,3,2,4,4,2,4,0
3689,1,4,4,0,0,4,0,0,1,4,1,2,2,0,4,0,0,2
3690,0,2,0,0,0,3,0,1,2,1,2,2,3,3,4,0,3,0
3691,0,4,0,0,0,0,0,4,0,2,1,2,0,3,1,0,0,0
3692,0,0,0,0,4,0,0,0,0,2,3,2,0,1,0,0,3,4
3693,4,1,3,0,0,4,0,0,0,1,4,4,2,0,2,1,0,0
3694,0,4,0,0,1,4,0,0,0,2,1,1,0,1,2,0,1,0
3695,0,2,0,0,1,1,0,1,0,3,1,3,0,1,3,0,3,0
3696,0,4,0,0,4,0,0,0,0,3,3,3,0,3,0,0,3,0
3697,4,3,4,2,0,3,0,0,0,1,1,2,3,4,1,1,0,1
3698,1,4,2,3,0,2,0,0,0,2,0,1,3,0,3,1,0,4
3699,4,1,4,1,0,2,0,0,0,1,0,2,1,0,2,1,0,1
3700,1,1,3,0,0,3,0,0,0,4,1,2,3,0,1,2,0,1
3701,0,1,2,0,4,4,0,0,0,3,3,3,0,3,1,0,4,0
3702,0,1,4,0,2,0,0,0,1,3,3,1,2,0,1,1,1,1
3703,0,4,0,0,2,0,1,1,0,4,3,4,0,2,4,0,4,0
3704,0,3,0,0,4,2,0,2,0,3,2,3,1,2,3,0,3,1
3706,0,2,0,0,0,1,0,1,4,4,2,3,0,2,0,0,3,0
3707,0,4,0,0,0,1,0,0,0,2,1,3,1,0,1,0,4,0
3708,0,3,1,0,0,1,0,1,0,3,3,3,4,4,4,0,3,0
3709,4,1,1,0,3,4,0,0,0,1,2,3,0,2,1,0,4,0
3710,1,1,2,4,0,2,0,0,4,2,3,3,2,1,4,2,3,3
3711,1,1,1,1,4,2,0,4,0,1,3,3,2,2,2,3,1,0
3712,0,1,4,0,4,4,0,4,4,4,4,4,3,4,3,3,4,3
3713,0,3,0,0,0,0,0,1,0,4,4,2,0,4,4,0,3,0
3714,1,1,1,2,4,3,0,0,0,2,4,2,3,4,3,1,4,0
3715,0,2,0,0,2,0,0,4,0,1,3,3,4,2,4,0,1,1
3716,0,1,3,0,4,3,0,0,4,2,1,2,0,1,2,2,2,4
3717,1,4,3,0,4,3,0,4,0,3,1,2,4,4,3,0,3,0
3718,0,3,0,0,0,0,0,0,0,2,2,3,0,1,0,0,0,0
3719,0,2,4,0,1,1,0,0,4,3,4,4,3,3,1,4,4,2
3720,4,2,0,4,0,2,1,1,0,3,3,3,3,4,4,0,4,3
3721,4,2,2,3,0,1,0,0,4,4,1,1,2,1,1,2,1,4
3722,0,2,4,2,0,3,0,0,0,2,0,4,3,0,3,0,0,1
3723,4,1,3,0,0,2,0,0,1,4,4,4,4,4,2,3,4,0
3724,0,1,1,0,0,4,0,0,4,1,3,3,1,2,1,0,4,1
3725,0,1,4,1,0,0,0,0,4,2,4,4,4,0,3,4,4,0
3726,4,4,3,3,0,3,0,0,1,1,1,2,3,4,3,3,1,0
3727,0,3,4,0,3,0,0,0,0,2,1,1,0,2,0,0,1,0
3728,0,2,0,0,3,0,0,0,0,2,3,3,0,1,4,0,1,0
3729,1,3,0,0,0,4,0,0,3,3,0,2,3,0,3,4,0,4
3730,0,3,0,0,1,1,0,1,0,3,1,1,0,1,4,0,2,0
3731,0,3,0,0,1,1,0,1,1,3,2,1,0,3,1,0,3,1
3732,0,3,1,0,1,4,0,4,4,2,4,3,0,4,2,1,2,1
3733,0,0,3,0,1,3,0,0,0,2,3,3,4,3,4,0,2,2
3734,0,4,0,0,0,0,0,0,0,4,4,4,0,1,1,0,1,0
3735,0,1,0,0,0,0,0,4,0,3,4,2,2,2,1,1,1,0
3736,0,4,0,0,1,4,0,0,0,3,1,3,0,2,4,0,1,4
3737,0,3,1,0,3,1,0,3,1,2,3,2,0,3,1,0,2,0
3738,4,0,4,0,0,0,0,3,0,1,4,3,0,3,1,0,1,0
3739,0,1,3,4,0,2,0,0,3,4,1,4,4,0,4,1,0,0
3740,4,0,0,0,0,1,0,4,0,2,1,1,0,1,1,0,4,0
3741,0,1,4,1,1,3,0,4,4,2,3,2,1,1,4,0,3,1
3742,4,4,3,0,0,3,0,4,0,4,4,3,1,4,4,4,4,0
3743,4,4,3,2,0,3,0,4,4,3,4,2,4,4,4,1,4,3
3744,4,1,2,0,1,2,0,0,0,2,2,3,2,3,2,4,4,2
3745,2,2,1,1,0,3,0,0,1,3,4,2,3,0,3,3,0,4
3746,0,3,0,0,4,0,0,0,0,3,3,2,0,3,0,0,4,0
3747,1,1,4,0,0,4,0,4,1,4,4,3,1,4,3,4,0,4
3748,1,3,3,1,4,4,0,3,0,3,3,3,2,4,3,1,1,2
3749,0,4,2,4,4,1,0,4,1,2,3,4,4,1,4,0,4,4
3750,0,4,0,0,3,0,0,0,0,2,4,2,0,1,0,0,4,0
3751,0,1,4,1,1,4,0,4,0,3,4,2,4,4,4,0,4,4
3752,4,4,4,4,0,1,0,0,4,3,0,4,2,0,4,4,0,4
3754,0,3,0,0,4,4,0,1,0,3,3,3,0,4,4,0,2,4
3755,1,2,3,0,0,4,0,0,0,3,3,3,3,3,3,0,4,0
3756,4,0,4,4,0,3,0,0,0,2,4,4,3,0,1,2,4,4
3757,4,2,2,0,0,0,0,0,0,4,1,3,4,0,2,1,0,1
3758,0,3,3,0,0,3,0,0,0,1,1,1,2,0,4,4,0,3
3759,0,2,1,0,1,0,0,1,0,2,1,3,0,4,1,0,3,0
3760,4,3,3,1,0,1,0,0,0,1,4,4,4,1,3,0,0,0
3761,0,3,0,0,0,4,0,0,0,1,4,2,0,0,1,0,0,4
3762,0,2,1,1,0,1,0,0,0,4,1,1,2,4,3,0,0,0
3763,0,4,0,0,4,0,0,2,0,4,3,2,0,2,4,0,4,0
3764,0,3,1,0,0,4,0,1,0,3,2,3,4,4,4,3,3,0
3765,0,3,3,0,4,4,1,0,0,2,1,1,2,0,1,3,1,3
3766,0,1,0,0,3,0,0,0,0,2,2,2,0,2,0,0,4,0
3767,0,4,0,0,1,0,0,0,0,3,2,1,0,0,4,0,4,0
3768,0,2,2,0,0,0,0,4,4,4,3,1,0,3,4,0,1,1
3769,0,2,1,0,0,4,0,0,0,3,1,2,4,1,2,3,3,3
3770,0,1,1,0,0,4,0,0,4,2,0,4,3,0,2,1,0,4
3771,1,1,1,0,1,3,0,2,4,2,3,1,4,3,2,2,2,1
3772,4,2,1,0,4,4,0,0,4,3,3,3,1,4,4,0,4,0
3773,0,2,0,1,0,1,0,0,3,2,4,3,4,1,1,4,4,0
3774,4,2,0,0,0,0,0,0,4,3,0,1,4,0,4,0,0,0
3775,0,0,0,0,1,0,0,0,0,3,3,3,0,0,0,0,1,0
3776,0,3,1,0,1,0,0,3,1,1,1,2,0,1,1,0,2,0
3777,1,3,1,0,0,2,1,0,2,3,4,2,1,0,1,2,0,4
3778,0,4,4,0,2,4,0,1,0,3,1,2,0,3,1,0,2,0
3779,0,4,0,0,1,0,0,4,0,3,1,3,0,3,1,0,2,0
3780,0,3,2,0,1,0,0,1,0,2,2,2,4,4,4,0,3,0
3781,3,1,3,2,0,4,0,0,2,3,0,3,1,0,3,3,0,0
3782,0,2,4,0,0,0,0,3,0,3,3,3,0,4,0,0,4,0
3783,0,1,1,0,1,1,0,4,4,2,3,3,3,2,4,0,1,1
3784,0,1,3,1,1,3,0,1,2,4,2,3,4,1,2,1,2,1
3785,0,2,0,0,1,1,0,4,1,2,3,3,0,3,4,1,3,0
3786,4,1,3,2,4,1,0,4,0,1,4,4,4,2,3,0,4,0
3787,4,4,2,0,4,4,0,0,0,2,4,4,2,4,3,3,4,3
3788,1,1,2,0,2,1,0,4,4,3,3,3,4,1,3,3,1,4
3789,3,1,0,0,1,2,0,0,1,3,3,2,3,1,3,2,4,0
3790,0,3,0,0,3,0,0,0,0,2,2,3,0,1,4,0,0,0
3791,1,3,1,0,0,1,0,0,1,3,4,4,1,4,1,0,0,0
3792,1,4,1,0,2,4,0,0,0,2,2,3,2,3,4,0,3,3
3793,0,4,0,0,0,0,0,0,0,2,2,2,0,1,1,0,0,1
3794,0,4,4,0,1,1,0,1,1,3,3,3,1,3,4,0,1,0
3795,2,4,0,3,0,4,0,0,3,4,2,4,1,3,2,2,1,4
3796,1,2,2,0,0,1,0,0,4,2,2,2,2,1,2,2,1,2
3797,1,4,2,0,0,4,0,0,2,3,1,2,2,1,3,2,0,3
3798,0,1,4,0,1,2,0,1,0,3,1,3,0,3,4,0,2,0
3799,0,3,0,0,1,0,0,3,0,4,4,3,0,3,4,0,3,0
3800,0,3,3,0,0,1,0,0,1,2,1,1,3,0,4,1,0,0
3801,3,4,0,0,3,1,0,0,0,1,3,4,2,1,4,4,2,4
3802,0,3,0,0,1,4,0,1,4,3,3,4,0,2,0,0,3,0
3803,0,4,0,0,1,0,0,0,0,2,3,2,0,1,0,0,3,0
3804,0,3,0,0,2,0,0,0,0,2,3,3,4,2,3,0,3,0
3805,1,4,0,0,0,4,0,0,4,3,3,3,4,1,4,0,2,0
3806,0,2,3,0,2,0,0,1,0,1,3,3,0,3,1,0,3,4
3807,0,4,2,1,0,4,0,0,0,1,0,1,2,0,4,2,1,0
3808,0,1,0,0,4,3,0,0,0,4,3,2,0,3,0,0,1,0
3809,1,1,0,0,4,2,0,0,0,1,1,1,4,0,1,0,0,1
3810,0,4,0,0,1,0,0,4,4,2,2,3,0,4,0,0,3,0
3811,0,1,4,4,4,1,0,1,3,1,2,2,1,2,2,1,2,0
3812,0,1,1,0,1,4,0,0,0,4,1,1,4,1,3,0,0,1
3813,0,2,0,0,1,1,0,4,0,2,4,3,0,1,0,0,1,0
3814,0,3,1,0,0,4,0,0,0,4,4,3,2,0,3,1,0,3
3815,0,1,0,0,4,0,0,0,0,2,1,2,1,4,0,0,4,0
3816,0,4,2,0,0,3,0,3,0,3,2,2,0,1,0,4,2,0
3817,0,3,4,2,0,4,0,0,0,1,0,3,4,0,3,3,0,0
3818,0,3,3,3,4,3,0,4,0,4,4,4,4,4,3,4,4,4
3819,0,4,1,1,0,1,0,0,0,3,1,4,2,1,4,4,1,0
3820,0,1,0,0,4,0,0,0,0,3,4,3,4,3,1,0,3,0
3821,0,4,1,0,3,1,0,0,0,3,3,2,0,2,4,0,4,0
3822,4,2,0,0,0,4,0,0,1,1,2,4,3,2,1,2,4,0
3823,2,3,3,1,4,2,4,0,3,4,2,3,4,3,1,1,2,3
3824,0,1,1,0,1,0,0,1,0,3,2,3,3,4,1,0,1,1
3825,4,3,0,0,4,2,1,2,4,1,4,1,4,3,3,0,3,4
3826,0,2,1,1,3,3,0,4,4,3,3,3,4,4,3,1,2,3
3827,1,4,2,0,0,4,0,0,0,1,1,1,3,4,3,1,1,1
3828,4,1,4,0,0,2,0,0,4,4,4,2,3,4,2,3,0,1
3829,0,2,0,0,0,0,0,0,2,2,4,4,1,4,4,1,4,1
3830,0,4,3,0,4,0,0,3,0,1,2,2,4,3,4,0,3,0
3831,0,2,2,4,0,2,0,0,1,2,0,3,3,0,3,1,1,0
3832,4,2,4,4,1,3,0,4,1,1,4,4,2,4,2,4,3,3
3833,0,4,0,0,4,3,0,1,0,2,2,1,0,0,2,4,0,0
3834,1,1,1,1,0,4,0,1,1,1,4,2,1,3,1,2,3,2
3835,3,4,3,3,1,2,0,0,0,1,3,3,2,1,1,4,4,3
3836,2,3,1,0,2,2,0,4,3,3,2,2,3,2,3,1,2,2
3837,0,3,0,0,0,3,0,0,1,2,2,2,3,3,1,2,4,1
3838,0,1,4,0,3,0,0,0,0,4,1,2,0,4,4,0,3,0
3839,0,3,0,0,0,1,0,1,4,2,2,3,1,2,4,0,2,0
3840,0,1,1,4,0,3,0,0,0,4,0,4,4,0,4,4,0,4
3841,2,2,4,0,3,4,0,4,1,2,2,4,2,4,4,0,2,1
3842,0,4,4,0,2,0,0,0,0,3,2,3,0,0,3,4,4,4
3843,0,1,0,0,4,0,0,0,0,4,3,3,0,2,0,0,2,0
3844,0,2,0,0,3,0,0,0,0,4,3,3,0,3,0,0,4,0
3845,0,1,0,0,3,0,0,0,0,2,2,1,4,2,0,0,1,0
3846,0,2,0,0,0,0,0,4,0,1,1,3,0,2,0,0,2,0
3847,4,2,1,0,3,4,0,4,1,3,3,3,2,4,1,1,4,1
3848,0,4,0,0,4,0,0,0,4,3,2,4,0,3,3,0,2,0
3849,0,2,0,0,3,1,0,4,0,3,3,3,4,3,1,3,4,0
3850,0,3,4,0,1,0,0,2,1,3,3,1,0,2,4,0,3,4
3851,4,1,3,4,3,3,0,4,0,1,1,3,4,3,3,2,4,3
3852,0,0,3,0,1,4,0,2,1,1,1,2,0,1,4,0,1,0
3853,0,0,1,0,0,0,0,0,0,2,2,2,0,4,4,0,2,0
3854,0,1,4,0,4,1,0,0,4,3,3,2,0,1,2,0,2,0
3855,3,1,1,0,0,3,0,0,1,3,0,2,1,4,3,0,0,3
3856,0,1,0,0,0,1,0,0,0,2,2,2,0,1,1,0,1,0
3857,1,1,1,4,0,1,0,0,4,2,1,2,4,1,1,1,3,4
3858,0,3,0,0,0,1,0,0,0,4,1,1,0,4,1,0,1,4
3859,0,3,0,2,0,1,0,0,1,4,2,2,2,0,1,1,0,0
3860,0,1,0,4,1,1,0,0,1,4,4,4,1,4,1,1,1,4
3861,2,2,1,0,1,1,0,1,1,3,2,2,1,3,1,1,1,1
3862,0,4,2,1,0,4,0,0,0,3,3,2,3,1,2,3,1,1
3863,1,1,4,1,4,1,0,0,1,2,2,4,2,3,2,0,4,0
3864,4,1,3,3,1,4,0,1,4,2,2,2,3,4,3,2,3,3
3865,2,1,3,1,0,4,0,1,0,4,1,4,3,4,2,1,2,1
3866,0,4,3,0,0,2,0,0,4,3,1,4,1,1,4,4,0,0
3867,0,4,0,0,4,0,0,0,0,2,2,2,0,4,0,0,3,1
3868,0,4,1,0,0,0,0,0,0,3,4,1,4,2,1,1,4,3
3869,4,2,2,0,1,3,0,0,1,3,2,2,4,2,4,1,2,3
3870,0,4,0,0,2,0,0,4,4,2,3,2,0,4,0,0,4,4
3871,0,2,0,0,4,0,0,0,0,1,2,2,0,4,0,0,0,4
3872,1,2,3,0,0,1,0,4,0,2,1,2,1,3,2,4,2,0
3873,1,2,4,1,0,2,0,0,4,4,0,3,3,0,4,4,1,3
3874,0,2,1,0,4,4,0,3,0,1,3,3,0,2,4,3,4,2
3875,0,4,0,0,0,0,0,0,0,4,4,4,0,1,4,0,3,0
3876,4,2,2,0,4,4,4,0,0,3,1,1,1,1,3,0,1,0
3877,0,4,1,0,0,2,0,0,0,2,3,4,1,3,3,0,0,0
3878,0,1,4,0,0,4,0,0,4,2,0,2,1,0,4,2,0,3
3879,0,4,1,3,0,3,0,0,0,4,4,3,1,0,3,0,0,4
3880,3,2,1,2,0,2,0,0,2,1,4,2,1,0,2,1,1,4
3881,4,3,2,0,0,3,0,0,1,3,4,4,2,0,1,3,0,1
3882,0,2,2,3,0,4,0,0,1,4,3,2,3,3,3,2,1,3
3883,3,2,4,4,0,4,0,4,0,3,1,3,1,4,4,0,4,0
3884,0,0,0,0,4,0,0,0,0,4,3,3,0,3,0,0,4,0
3885,0,1,4,0,1,1,1,1,4,3,3,2,0,4,4,0,2,0
3886,4,2,0,0,0,0,0,4,0,4,4,4,2,4,4,3,4,0
3887,4,2,0,1,0,2,0,0,1,1,4,2,2,0,4,4,0,2
3888,0,4,1,0,1,3,0,2,0,3,3,2,4,3,1,0,3,3
3889,0,3,0,0,3,0,0,0,0,1,2,2,0,1,0,0,1,0
3890,1,2,3,2,0,1,0,0,4,3,0,4,1,0,4,2,0,4
3891,1,4,3,1,0,1,0,0,0,2,2,1,2,3,4,1,1,2
3892,0,4,2,4,1,3,4,0,1,2,2,3,4,1,3,4,4,2
3893,1,4,4,3,0,3,0,0,0,1,0,1,1,0,3,0,0,0
3894,0,1,1,0,1,2,0,0,0,3,3,3,4,3,1,0,3,2
3895,2,3,1,4,4,3,0,4,4,4,4,4,3,2,4,1,3,4
3896,1,2,4,4,1,2,1,4,3,3,4,3,2,4,1,2,3,2
3897,0,4,0,0,0,0,0,1,1,1,3,2,0,1,0,0,3,0
3898,0,1,2,0,2,3,0,3,3,4,3,4,0,0,2,4,4,4
3899,1,3,1,3,4,4,0,0,0,3,4,4,1,4,3,2,4,2
3900,0,1,0,0,4,0,0,0,0,3,1,2,0,4,1,0,0,0
3901,0,4,0,0,4,0,0,0,0,2,3,3,0,1,4,0,4,0
3902,0,4,2,3,3,4,0,4,4,3,4,4,4,4,4,1,4,0
3903,1,1,1,0,2,0,0,0,0,2,1,2,0,1,1,0,2,0
3904,0,2,4,0,1,3,0,3,0,3,2,3,0,2,1,0,3,2
3905,4,2,1,1,0,1,0,2,0,4,3,4,4,3,4,0,4,4
3906,0,4,1,1,0,1,0,0,0,3,0,3,1,0,1,0,0,3
3907,0,3,1,0,2,0,0,3,0,3,4,3,0,1,1,0,3,3
3908,3,4,1,0,0,3,0,0,4,1,1,1,2,1,4,4,4,4
3909,4,4,1,0,0,1,0,0,0,1,0,1,1,0,4,1,0,4
3910,0,3,1,0,1,4,0,4,2,3,1,2,0,3,1,0,1,1
3911,4,3,3,1,4,0,0,4,1,1,3,2,1,4,2,4,2,1
3912,1,2,4,0,1,4,0,0,0,1,2,2,4,1,1,4,1,3
3913,0,4,1,0,4,3,0,4,4,3,2,2,0,2,4,0,4,0
3914,0,0,0,0,0,0,0,0,0,3,2,3,0,0,0,0,4,0
3915,0,1,4,0,1,0,4,4,2,1,3,2,1,4,1,0,1,1
3916,1,1,3,1,1,2,0,0,0,2,4,3,4,2,1,2,2,2
3917,0,1,0,0,1,0,0,0,0,1,1,1,0,0,0,0,0,0
3918,0,2,1,0,0,3,0,0,0,1,1,1,1,1,4,0,1,3
3919,0,3,2,1,0,3,0,0,3,2,1,3,2,0,3,3,0,2
3920,0,2,4,1,1,1,0,0,0,1,4,3,4,4,2,0,4,0
3921,0,3,1,0,2,0,0,0,0,2,2,3,4,2,4,0,0,1
3922,1,3,3,4,4,3,0,4,0,3,4,3,3,4,3,2,2,1
3923,0,2,0,0,4,0,0,4,4,3,3,2,0,4,3,0,1,1
3924,0,2,4,4,0,4,0,0,0,1,1,3,4,0,1,4,0,0
3925,0,4,1,0,0,0,0,0,0,4,4,3,0,3,1,0,1,0
3926,4,3,1,0,0,2,0,0,0,2,4,3,0,1,2,1,4,4
3927,0,0,0,0,3,0,0,0,0,1,4,4,0,0,0,0,0,0
3928,0,4,0,0,4,1,0,4,0,3,2,3,0,1,4,0,1,0
3929,0,1,1,0,1,1,0,0,4,3,1,1,0,3,4,0,1,1
3930,0,4,1,0,1,0,0,0,0,3,2,3,0,1,0,0,3,0
3931,2,3,2,4,0,3,0,0,0,2,1,2,3,0,3,2,0,1
3932,0,1,4,0,0,1,0,4,1,1,3,3,4,4,1,0,4,1
3933,0,3,1,0,0,1,0,0,0,3,4,3,3,0,2,3,0,2
3934,1,2,2,0,0,3,0,0,0,1,4,4,1,0,4,0,0,1
3935,0,4,1,0,0,4,0,1,3,2,2,3,2,1,2,0,1,0
3936,1,2,2,0,1,3,0,4,1,3,3,2,0,0,4,0,1,1
3937,0,2,0,0,4,0,0,1,3,2,3,1,0,1,1,0,4,4
3938,0,4,4,0,1,2,0,1,4,4,2,3,4,1,3,0,2,4
3939,1,1,1,2,0,4,0,0,0,2,4,4,3,1,1,3,0,4
3940,1,4,2,0,1,2,0,0,0,3,2,3,4,0,3,4,4,1
3941,0,1,0,0,1,2,0,0,0,3,2,2,4,4,4,0,4,0
3942,1,4,2,1,4,4,0,0,4,1,4,2,1,0,2,3,0,4
3943,0,1,0,0,1,0,0,4,1,3,3,3,0,4,0,0,3,0
3944,0,4,4,0,4,0,0,4,0,3,3,4,0,2,0,0,4,0
3945,1,1,1,0,4,1,0,0,0,1,3,4,0,4,1,0,1,0
3946,0,1,0,0,4,4,0,4,0,3,4,2,0,3,0,0,3,0
3947,4,1,0,0,0,0,0,4,4,4,1,2,0,3,1,4,2,1
3948,1,2,1,1,0,1,0,0,0,3,3,4,1,1,3,2,4,1
3949,0,4,1,1,2,1,4,1,4,2,4,3,0,2,4,0,4,1
3950,1,3,3,1,2,2,0,0,2,4,1,2,3,1,4,4,1,4
3951,2,2,4,0,4,1,0,0,4,2,1,3,4,4,4,2,3,4
3952,0,1,0,0,1,0,0,0,0,3,2,3,0,1,4,0,3,1
3953,0,2,1,1,0,4,0,1,1,4,1,1,2,1,4,4,1,4
3954,0,1,0,0,2,0,0,4,4,4,2,2,0,2,2,0,2,0
3955,1,1,1,1,0,3,0,0,4,1,0,2,4,0,2,3,0,1
3956,0,2,1,1,0,4,0,0,0,2,4,3,2,0,1,0,2,0
3957,0,1,0,0,1,0,0,2,0,2,1,2,0,3,4,0,1,0
3958,0,4,3,0,0,4,4,1,1,4,2,2,0,1,1,0,1,0
3959,1,2,1,3,1,4,0,0,1,1,2,1,0,1,2,0,0,0
3960,0,2,0,0,0,0,0,2,1,2,3,3,0,3,3,0,4,4
3961,0,3,1,0,4,0,0,0,0,2,3,2,1,1,1,0,0,0
3962,0,4,0,0,0,0,0,2,0,1,4,3,0,3,0,0,1,0
3963,1,3,4,0,0,4,0,0,4,4,0,3,1,0,2,2,0,0
3964,0,3,1,0,4,3,0,0,0,4,4,4,3,3,2,4,4,0
3965,2,1,3,1,0,3,0,0,1,3,4,4,3,4,3,2,3,3
3966,1,3,3,3,1,3,0,4,0,4,2,3,4,0,4,0,0,0
3967,0,3,2,0,1,1,0,3,0,3,4,4,4,1,1,0,3,0
3968,0,4,0,0,0,0,0,0,0,3,3,2,0,2,0,0,0,4
3969,0,2,0,0,4,1,0,2,0,1,3,2,4,2,1,0,1,0
3970,0,3,1,0,0,1,0,0,0,4,3,2,4,3,4,0,4,1
3971,0,3,3,0,1,0,0,2,0,2,2,2,4,1,2,0,1,0
3972,1,4,1,0,4,3,0,0,0,2,1,3,3,1,3,2,4,1
3973,4,1,4,0,0,1,0,0,0,2,1,2,2,0,4,1,4,3
3974,0,1,0,0,0,1,0,0,0,1,0,1,0,0,1,0,0,0
3975,4,3,4,0,4,1,2,0,4,3,3,3,1,3,1,2,4,3
3976,0,1,1,0,3,4,0,0,0,4,3,2,0,4,0,4,1,0
3977,0,4,1,0,1,1,0,0,0,2,1,2,0,2,2,0,3,0
3978,3,1,1,0,0,1,0,0,0,2,0,4,1,1,3,3,0,1
3979,0,4,0,0,0,0,0,3,4,1,3,3,0,4,2,0,3,0
3980,0,1,1,0,0,3,0,1,1,3,1,1,2,1,2,2,1,1
3981,1,2,3,0,0,1,0,0,1,2,4,4,3,1,2,2,0,2
3982,0,1,0,0,4,0,0,2,1,2,2,2,0,2,1,0,3,1
3983,0,0,1,0,4,4,0,0,0,4,1,4,0,1,4,1,1,0
3984,3,4,1,0,1,3,1,3,1,3,2,2,2,3,2,1,2,4
3985,0,1,1,0,4,2,1,1,1,2,3,3,0,1,2,0,3,0
3987,0,4,1,0,4,0,0,0,4,2,2,2,0,1,4,0,4,0
3988,1,1,4,0,1,1,0,4,1,2,3,2,4,3,2,3,3,1
3989,0,3,0,0,0,4,0,0,0,4,2,3,1,1,3,0,4,3
3990,0,1,0,0,4,0,0,3,0,2,2,3,0,2,1,0,3,0
3991,0,1,0,0,0,1,0,0,1,2,4,1,1,0,1,0,0,0
3992,0,4,4,0,0,4,0,0,0,1,1,4,4,0,3,2,0,4
3993,4,2,4,1,0,4,0,4,0,2,1,2,4,0,2,4,1,4
3994,0,1,4,1,0,4,0,0,3,1,1,3,2,1,3,4,0,0
3995,0,2,0,0,4,2,0,1,0,4,4,2,0,3,1,0,2,1
3996,1,3,0,1,0,4,0,0,0,1,1,3,4,0,3,1,1,2
3997,0,2,1,4,4,3,0,1,0,1,2,3,4,3,4,4,4,3
3998,4,2,1,3,0,2,0,0,0,1,2,3,3,4,4,2,4,2
3999,1,3,2,1,0,4,0,0,0,3,2,2,3,2,1,2,3,4
4000,0,0,4,0,0,4,0,0,0,3,3,4,0,1,4,4,0,0
4001,0,4,0,0,0,4,4,2,0,1,3,2,4,1,2,4,3,3
4002,0,1,4,3,0,4,0,0,0,1,0,1,4,4,4,3,0,0
4003,3,1,0,0,0,1,0,4,0,4,1,3,4,4,4,0,4,0
4004,0,1,0,0,4,1,4,3,1,2,1,2,0,3,3,0,4,0
4005,1,3,2,4,1,3,0,0,1,3,3,3,2,1,2,1,1,1
4006,4,1,4,0,4,4,0,0,2,2,4,2,4,4,2,1,4,1
4007,0,4,0,0,4,0,0,1,0,3,2,2,0,2,0,0,1,0
4008,0,2,1,0,4,4,0,0,0,4,3,3,1,4,2,1,3,4
4009,0,3,2,4,0,0,0,0,0,4,3,2,4,4,2,0,0,4
4010,0,2,0,0,1,0,0,4,0,3,2,3,0,2,4,0,2,0
4011,0,3,1,0,1,1,0,4,0,3,2,2,0,2,2,0,2,1
4012,0,4,3,0,0,1,1,0,1,3,2,2,0,4,1,1,2,4
4013,0,4,0,0,0,0,0,0,0,4,2,3,0,4,4,0,2,0
4014,0,4,4,0,4,0,0,4,0,1,2,4,2,2,0,0,3,1
4015,4,2,2,0,0,1,0,0,0,1,1,2,3,4,2,3,0,0
4016,1,3,2,4,0,4,0,0,1,3,0,4,2,0,3,4,0,4
4017,0,1,1,0,0,1,0,3,0,3,3,3,0,1,1,0,2,4
4018,4,4,0,0,3,2,1,1,1,2,3,3,0,1,3,0,2,0
4019,0,3,4,0,0,1,0,0,0,3,4,3,2,4,4,1,1,2
4020,0,3,2,0,1,0,0,1,0,1,1,1,4,3,3,0,1,0
4021,0,4,0,0,0,3,0,0,4,3,4,4,4,3,3,4,4,4
4022,0,1,0,0,2,3,0,4,0,3,4,2,0,2,1,0,1,0
4023,2,1,1,3,0,4,0,0,0,4,4,4,2,4,4,1,4,4
4024,3,4,3,0,1,3,0,0,1,4,4,3,2,2,3,3,2,3
4025,0,1,0,0,0,1,0,3,4,4,2,2,0,1,1,0,1,0
4026,4,2,3,1,0,3,0,0,4,1,0,1,3,0,1,4,0,1
4027,1,1,1,4,0,1,0,0,0,3,0,3,1,0,1,2,0,3
4028,0,0,0,0,1,0,0,0,0,4,4,3,0,1,0,1,4,1
4029,1,2,0,0,0,4,0,0,0,4,4,4,1,2,4,2,0,1
4030,0,1,0,0,2,1,0,4,0,2,2,3,0,2,1,0,4,0
4031,0,1,4,0,4,4,0,0,0,3,4,4,4,0,1,3,0,2
4032,0,1,4,0,4,0,0,0,0,2,2,2,2,0,4,0,3,1
4033,1,1,1,2,1,2,0,0,0,4,2,4,3,4,1,3,2,0
4034,1,3,4,0,4,0,0,4,0,3,2,3,0,4,2,0,4,0
4035,0,2,1,0,4,4,0,0,0,1,1,2,0,2,1,0,1,0
4036,0,3,4,0,1,2,0,0,1,1,1,1,0,2,1,0,3,4
4037,0,4,3,0,4,4,0,0,4,3,2,3,0,1,2,3,1,4
4038,0,0,4,0,0,4,0,0,0,1,2,4,0,4,4,0,3,0
4039,4,4,3,0,2,1,0,4,1,3,2,2,3,2,3,4,2,1
4040,0,3,0,0,1,0,0,0,0,3,2,2,0,4,4,0,3,0
4041,1,4,2,0,0,3,0,4,2,1,1,2,4,2,3,4,2,4
4042,0,4,1,0,0,1,0,0,0,1,1,2,1,1,1,0,2,0
4043,2,1,4,2,0,2,0,0,0,4,3,4,3,4,2,1,3,2
4044,0,0,0,0,1,0,0,0,0,4,3,3,0,0,0,0,0,0
4045,1,3,2,1,0,1,0,0,4,1,4,3,2,0,2,2,4,0
4046,0,1,0,0,0,0,0,0,0,1,0,1,0,0,1,0,0,0
4047,0,0,4,0,1,1,0,3,1,2,1,2,0,2,2,0,3,0
4048,0,3,4,0,2,1,0,2,0,3,2,2,0,4,4,0,3,4
4049,1,3,3,3,0,3,0,0,0,3,0,2,3,0,1,4,4,4
4050,0,4,1,0,4,1,0,0,0,3,3,4,1,0,1,0,4,1
4051,0,4,4,0,1,0,0,4,4,3,2,2,0,2,4,0,3,0
4052,0,4,3,1,1,3,0,3,1,2,3,3,3,3,2,2,2,1
4053,0,4,0,0,3,0,0,4,1,4,3,4,0,3,4,0,1,1
4054,4,2,4,0,0,0,0,0,0,2,4,2,1,0,2,4,0,3
4055,0,3,2,0,0,4,0,0,1,1,0,4,1,0,3,3,0,4
4056,0,1,0,0,4,0,0,0,0,3,4,4,0,4,0,0,3,0
4057,0,2,0,0,1,4,0,0,0,2,3,2,0,0,0,0,3,0
4058,1,1,4,1,1,1,0,0,0,3,1,2,1,3,3,0,4,0
4059,0,1,3,0,0,1,0,4,0,2,4,3,0,2,3,0,1,0
4060,0,4,0,0,4,4,0,2,3,1,4,3,0,3,4,0,1,2
4061,4,2,4,2,0,1,0,0,0,3,1,2,3,2,1,2,1,4
4062,0,4,0,0,1,4,0,0,0,2,2,2,0,4,1,0,1,0
4063,0,4,4,0,1,4,0,0,1,2,1,2,4,4,4,4,4,4
4064,0,4,1,2,0,1,0,0,0,1,3,1,3,1,2,4,1,0
4065,0,4,0,4,0,4,0,0,0,4,4,4,1,1,4,2,4,0
4066,0,4,0,0,0,1,0,0,0,3,3,4,0,4,0,0,4,4
4067,1,4,3,2,0,2,0,0,1,1,1,1,4,0,3,0,0,4
4068,1,1,2,0,0,1,0,0,4,1,4,1,2,0,2,1,1,2
4069,0,1,0,0,1,0,0,0,0,2,2,2,0,4,0,0,2,0
4070,0,0,0,0,4,0,0,3,1,3,2,3,0,2,0,0,2,0
4071,0,1,0,0,1,0,0,3,0,1,3,1,0,1,0,0,1,0
4072,4,4,4,1,0,4,0,4,3,1,4,2,2,4,3,0,4,4
4073,0,1,4,2,0,3,0,0,2,1,1,2,2,0,2,1,0,1
4074,0,4,0,1,1,1,0,4,0,1,3,3,0,3,4,0,4,0
4075,3,1,2,3,0,3,0,0,0,4,0,1,2,0,2,1,0,1
4076,0,1,4,0,1,1,0,1,0,4,4,3,0,1,4,0,4,0
4077,0,4,0,0,0,0,0,0,0,2,3,3,0,4,2,2,0,1
4078,0,1,0,0,1,1,0,1,4,3,4,4,0,2,2,0,4,4
4079,4,1,0,2,0,4,0,0,1,4,0,1,3,0,3,0,0,4
4080,0,2,1,0,2,0,0,3,4,3,3,3,4,2,3,0,4,4
4081,0,3,0,0,0,1,0,2,0,4,4,2,0,3,4,1,1,0
4082,4,4,3,0,0,4,0,0,0,3,3,3,2,4,3,3,0,4
4083,3,3,4,1,4,1,0,4,0,3,4,4,1,4,4,2,2,4
4084,1,4,2,3,0,1,0,0,4,1,3,2,1,3,2,0,1,1
4085,0,1,3,0,0,2,0,0,0,1,0,1,1,0,3,1,0,0
4086,0,4,1,1,0,3,0,3,2,3,2,3,2,3,4,3,3,3
4087,0,4,0,0,0,3,0,3,0,4,3,3,4,1,3,3,1,2
4088,0,3,0,0,2,4,0,1,0,3,1,1,0,2,4,0,2,1
4089,4,2,3,0,0,4,0,0,4,1,0,4,3,0,3,3,0,4
4090,1,1,3,2,4,2,0,4,4,1,1,1,3,1,4,4,0,4
4091,4,2,2,0,4,2,0,1,0,4,3,4,4,2,3,0,3,0
4092,0,3,2,0,2,3,0,1,4,2,1,2,4,4,3,0,4,4
4093,4,4,3,0,0,4,0,0,0,4,4,4,4,0,4,0,4,0
4094,1,4,4,3,4,2,1,0,3,3,4,3,4,3,2,1,1,3
4095,1,3,2,2,0,2,0,0,4,4,4,2,1,4,1,0,4,0
4096,0,1,0,0,0,0,0,2,2,1,4,1,0,1,1,0,4,1
4097,4,4,4,2,0,3,0,0,3,1,1,1,4,2,3,3,0,1
4098,0,2,2,1,4,3,0,0,4,2,2,3,4,4,3,1,3,1
4099,0,3,4,1,3,2,2,1,4,2,2,2,2,2,1,4,3,4
4100,0,3,1,0,1,0,0,0,0,1,2,2,0,1,1,0,1,4
4101,0,1,3,2,1,1,1,1,1,3,3,1,3,1,2,1,1,2
4102,1,3,0,0,0,3,0,0,0,1,1,2,0,4,1,0,2,4
4103,0,3,0,0,2,1,0,0,0,2,3,2,1,1,0,0,2,0
4104,4,3,4,1,0,2,0,0,1,3,4,3,2,0,3,3,0,1
4105,4,3,4,0,4,4,0,0,4,3,3,3,0,4,4,0,3,0
4106,1,3,1,0,0,0,0,0,0,3,0,2,3,0,3,2,0,4
4107,0,3,4,0,2,4,0,0,1,3,4,2,0,1,3,0,2,0
4108,0,3,0,0,4,0,0,4,0,3,3,4,0,2,4,0,2,0
4109,0,1,1,0,0,1,0,0,1,4,4,3,1,0,2,4,4,3
4110,0,4,1,0,4,1,0,0,0,2,2,3,3,4,0,0,4,0
4111,0,3,1,2,3,3,0,0,4,4,4,4,2,0,3,1,0,3
4112,2,3,4,0,1,1,0,1,4,4,3,3,3,2,3,4,2,4
4113,0,2,0,0,4,4,0,1,1,3,2,3,0,3,4,0,3,0
4114,0,2,1,0,4,0,0,0,0,3,1,3,0,1,1,0,4,0
4115,0,4,1,0,0,2,0,4,0,3,4,3,1,2,2,2,4,3
4116,0,2,4,0,0,3,0,0,0,3,0,1,1,0,4,1,0,1
4117,1,3,2,0,0,2,0,0,0,1,1,3,4,0,2,4,1,4
4118,0,4,0,0,4,0,0,0,0,3,1,2,0,2,0,0,1,0
4119,3,4,1,2,0,2,0,0,4,4,4,3,3,0,4,2,4,1
4120,1,4,3,0,4,2,0,0,0,3,2,2,3,1,4,4,1,3
4121,4,1,3,1,4,1,0,0,1,4,1,1,1,2,3,1,2,2
4122,1,4,1,4,0,1,0,0,1,1,3,2,3,4,2,4,1,1
4123,0,2,0,0,4,4,3,3,3,2,3,3,4,2,4,0,2,1
4124,0,0,0,0,0,0,0,4,4,4,2,1,0,2,1,0,2,0
4125,1,4,3,4,0,1,0,0,0,2,1,2,2,0,4,3,0,4
4126,0,3,1,1,0,2,0,4,4,2,4,3,0,4,3,0,4,0
4127,0,2,3,0,0,0,0,0,0,2,0,1,3,0,1,3,0,3
4128,0,4,0,0,2,3,0,0,1,2,2,3,1,2,1,3,4,4
4129,4,1,3,0,0,1,0,2,2,4,1,3,1,1,2,2,0,1
4130,0,2,0,0,1,0,0,1,1,1,3,3,0,2,1,0,3,0
4131,4,3,3,4,3,3,0,0,0,4,4,4,2,4,4,1,4,4
4132,0,2,1,0,3,0,0,1,0,4,3,3,0,2,0,0,1,0
4133,0,1,3,4,0,1,0,0,0,4,4,4,2,1,3,3,4,1
4134,3,3,4,2,4,3,0,0,3,3,1,2,3,4,3,4,0,0
4135,0,3,4,2,0,3,0,0,4,3,0,1,3,0,4,4,0,1
4136,2,4,0,0,4,0,0,0,0,2,3,3,4,4,4,3,4,0
4137,4,3,3,0,4,2,0,1,1,4,2,3,3,3,3,4,4,0
4138,2,2,1,0,0,1,0,0,0,3,4,1,2,4,2,3,0,1
4139,4,4,4,4,0,2,4,0,4,4,4,4,4,4,4,3,4,0
4140,4,1,3,1,0,3,0,0,2,4,1,3,3,0,4,4,0,1
4141,0,4,2,0,3,1,0,0,1,4,1,1,2,0,4,4,1,0
4142,3,3,2,0,1,1,4,1,2,2,3,3,1,1,1,3,2,1
4143,0,3,1,0,0,4,0,0,0,3,1,3,4,4,2,4,4,1
4144,0,1,1,0,1,3,0,1,0,3,2,2,4,1,1,0,1,1
4145,0,4,4,0,4,3,0,2,4,2,3,3,0,4,0,0,4,0
4146,0,1,0,0,4,0,0,0,4,4,4,4,0,4,4,0,1,0
4147,0,2,3,4,0,4,0,0,3,3,0,2,1,0,3,4,0,3
4148,0,1,4,0,1,1,0,0,4,2,1,4,1,0,2,0,0,1
4149,0,1,0,0,4,4,0,0,0,3,3,2,0,1,0,0,1,0
4150,0,2,0,0,1,2,0,4,0,2,3,2,0,2,4,0,4,0
4151,0,2,0,0,4,0,0,0,0,3,2,2,0,2,0,0,4,0
4152,0,2,2,0,3,0,2,4,3,2,4,3,1,1,1,0,3,4
4153,2,1,2,4,0,3,0,0,0,4,1,2,2,1,1,2,1,3
4154,0,1,0,0,1,4,0,2,0,2,3,2,3,1,4,0,3,4
4155,0,4,1,2,0,2,0,0,4,3,3,3,1,0,3,2,0,4
4156,4,4,3,1,0,2,1,0,0,1,4,4,3,0,1,1,4,3
4157,0,1,1,0,4,1,0,0,0,1,2,2,1,1,1,0,2,1
4158,1,1,0,0,0,4,0,4,4,1,4,1,4,1,3,4,3,3
4159,0,0,0,0,3,0,0,0,0,2,3,3,0,2,3,0,4,0
4160,0,3,4,0,3,4,0,0,0,4,2,3,1,1,4,0,1,0
4161,0,3,1,4,0,2,0,0,0,1,0,1,1,0,2,2,0,2
4162,0,4,1,0,0,0,0,4,0,2,4,3,0,4,2,0,4,0
4163,0,1,0,0,4,4,0,0,4,2,4,3,4,4,1,0,0,0
4164,0,1,2,0,0,3,0,0,0,2,2,3,1,3,3,3,1,2
4165,2,4,1,0,0,0,0,0,0,4,1,4,1,0,2,0,0,0
4166,0,2,1,0,0,3,0,0,1,2,0,2,2,0,1,1,0,0
4167,0,2,2,4,4,3,0,0,0,3,4,4,3,4,3,0,4,0
4168,0,3,0,0,1,1,1,2,2,3,1,2,0,1,0,0,3,0
4169,1,4,3,0,0,1,0,0,0,1,0,1,4,0,4,0,0,1
4170,0,1,0,0,0,0,0,0,0,1,4,2,0,4,4,0,4,0
4171,0,0,1,0,0,0,0,0,1,0,0,0,0,0,4,0,0,0
4172,1,1,1,0,1,1,0,0,0,1,2,3,1,3,1,0,4,0
4173,0,1,0,0,4,0,0,0,0,1,1,2,0,2,4,0,3,0
4174,2,2,4,0,0,2,0,0,1,4,1,4,2,4,4,0,4,4
4175,1,3,4,2,4,3,0,0,0,2,1,3,2,2,3,1,2,2
4176,0,4,0,0,4,0,0,1,0,1,2,2,0,3,4,0,2,1
4177,1,3,3,4,4,4,0,0,0,1,4,2,3,3,3,2,3,0
4178,1,3,0,0,0,4,0,0,0,3,4,4,3,1,3,1,0,2
4179,0,3,0,0,2,2,0,2,0,3,3,1,4,3,0,4,3,2
4180,0,2,0,0,4,0,0,4,0,2,4,3,0,4,0,0,3,0
4181,0,1,1,1,0,1,0,0,0,2,0,2,3,0,1,3,0,2
4182,0,1,1,3,0,2,0,0,1,1,1,1,3,4,1,0,0,1
4183,0,4,0,0,1,0,0,0,0,4,1,3,0,4,0,0,4,0
4184,0,1,4,0,0,2,0,0,1,1,1,2,1,0,4,0,0,1
4185,0,0,0,0,4,4,0,4,1,2,3,2,0,4,1,0,3,0
4186,0,4,0,0,0,4,0,0,3,3,4,3,1,4,0,0,1,0
4187,4,4,2,1,1,4,0,0,4,2,1,1,4,1,4,4,0,0
4188,0,4,0,0,0,4,0,0,0,4,4,3,0,1,4,0,1,0
4189,0,0,4,0,0,0,0,4,0,4,2,3,0,1,0,0,4,0
4190,4,2,3,1,0,3,0,0,0,3,4,1,3,1,3,1,1,4
4191,0,2,0,0,4,0,0,1,0,2,3,3,0,3,1,0,1,4
4192,0,2,4,0,1,1,0,0,1,2,1,4,3,0,4,1,0,1
4193,1,4,2,1,4,3,0,0,0,1,4,2,3,4,1,4,4,0
4194,0,4,0,0,0,0,0,0,0,3,4,3,0,4,0,0,4,0
4195,0,1,4,0,1,4,0,4,4,4,2,2,0,2,1,0,3,1
4196,0,4,0,0,0,1,0,0,0,3,4,3,0,3,1,1,4,0
4197,0,3,4,1,4,1,4,0,0,4,4,4,3,3,3,2,1,2
4198,0,2,3,0,0,3,0,0,3,2,1,3,3,0,4,0,0,1
4199,1,0,4,0,0,2,0,0,4,3,1,1,3,1,4,4,0,0
4200,2,1,4,0,0,2,0,4,1,3,3,3,2,4,2,1,4,1
4201,1,2,1,1,0,2,0,0,4,2,4,3,1,0,4,3,0,1
4202,0,3,0,0,4,0,0,0,0,3,2,2,0,0,0,0,1,0
4203,0,4,0,0,0,0,0,2,0,3,3,3,0,4,4,0,3,0
4204,0,1,2,1,0,3,0,0,0,1,0,2,2,0,2,2,0,4
4205,0,3,3,0,0,4,0,0,0,3,1,1,3,1,3,0,1,4
4206,0,0,0,0,4,3,0,2,0,2,2,2,0,2,4,0,1,2
4207,0,1,0,0,1,0,0,4,0,3,3,3,0,4,4,0,3,0
4208,0,4,0,0,3,0,0,0,0,1,3,3,0,1,0,0,3,0
4209,0,3,4,1,1,0,0,0,0,1,0,2,3,4,1,4,0,0
4210,1,4,3,1,0,2,0,4,2,1,4,3,3,4,4,2,4,3
4211,0,1,1,0,3,2,3,2,2,3,2,2,1,4,3,1,3,3
4212,3,1,2,0,0,1,0,1,1,3,1,2,2,4,2,2,4,4
4213,0,4,0,0,4,0,0,4,0,2,3,3,0,4,0,0,4,0
4214,0,4,1,0,0,1,0,4,0,2,1,2,0,2,1,0,2,0
4215,1,3,1,1,0,2,0,1,0,4,2,4,2,1,4,2,4,4
4216,0,2,1,0,1,0,0,4,4,3,4,4,0,3,4,0,4,0
4217,0,2,1,0,3,0,0,0,1,2,4,2,1,3,1,0,4,4
4218,0,1,0,0,1,1,0,2,0,4,2,4,0,1,0,0,1,0
4219,0,2,0,0,4,4,0,4,0,4,4,3,0,1,2,0,3,4
4220,0,4,4,0,0,3,0,0,0,2,1,4,0,0,4,1,1,1
4221,0,3,0,0,1,4,0,2,1,3,1,1,0,4,2,0,3,0
4222,4,1,2,0,3,2,0,4,2,1,3,2,3,4,3,4,1,0
4223,0,4,0,0,3,0,0,0,0,3,3,3,0,3,0,0,0,0
4224,0,4,0,0,4,4,0,4,0,4,1,1,4,1,4,0,2,4
4225,0,4,0,0,4,0,0,0,1,2,3,3,0,0,0,0,3,0
4226,4,3,4,1,1,2,0,0,1,4,4,4,2,3,2,1,1,0
4227,0,3,1,0,0,2,0,0,0,1,1,3,0,1,1,1,0,1
4228,0,2,2,2,0,3,1,0,0,1,4,1,1,0,3,3,1,2
4229,1,2,1,0,0,1,0,0,0,2,1,2,4,1,2,3,1,2
4230,4,1,4,0,0,0,0,0,1,2,1,3,4,1,4,1,4,0
4231,0,3,0,0,0,1,0,0,1,1,1,1,2,0,1,0,0,0
4232,0,3,2,3,0,1,0,0,0,3,1,2,1,1,4,1,0,2
4233,0,3,0,0,2,4,0,2,4,3,3,1,0,1,4,0,3,0
4234,0,1,4,0,1,4,0,1,0,4,1,2,1,0,4,1,1,1
4235,0,4,0,0,3,0,4,0,0,2,1,1,0,0,0,0,4,0
4236,1,1,0,0,0,0,0,4,4,1,2,3,0,2,1,0,2,0
4237,4,4,4,2,0,2,0,1,0,3,1,4,4,4,3,3,4,2
4238,0,3,4,4,4,0,0,0,0,1,2,3,4,4,2,0,3,0
4239,0,0,0,0,0,3,0,0,0,4,2,4,0,1,4,0,1,0
4241,0,2,2,0,4,2,0,4,0,3,2,3,0,3,4,0,3,0
4242,0,1,0,0,1,0,0,1,4,1,2,2,0,3,1,0,3,4
4243,0,4,2,0,0,2,0,4,0,4,3,4,1,3,4,4,3,4
4244,0,3,3,0,1,2,0,1,0,2,3,3,4,4,1,0,3,0
4245,0,0,0,0,4,0,0,4,0,3,2,2,0,4,0,0,2,0
4246,0,1,2,1,0,1,0,0,2,1,0,2,2,0,1,1,0,4
4247,0,4,4,0,2,0,0,4,0,1,3,3,0,1,0,0,1,0
4248,0,4,0,0,4,1,0,4,0,4,3,3,4,1,4,0,3,0
4249,0,1,4,0,1,4,0,4,0,2,1,2,0,2,0,0,4,4
4250,0,1,0,0,3,4,0,0,1,2,3,3,0,4,1,0,4,0
4251,0,4,0,0,2,4,0,4,1,4,3,4,0,4,0,4,4,0
4252,0,4,3,0,0,2,0,0,1,1,1,3,2,4,1,4,3,3
4253,0,2,4,0,3,4,0,0,0,1,1,2,4,2,4,0,1,0
4254,0,4,1,0,0,4,0,0,0,2,2,2,0,1,4,0,3,1
4255,1,3,4,0,0,2,0,0,0,1,2,4,4,1,4,1,1,0
4256,0,4,0,0,2,3,2,3,4,1,1,2,1,3,1,0,2,1
4257,0,3,0,0,1,0,4,0,0,3,2,3,0,2,4,0,1,0
4258,4,1,1,0,0,3,0,0,1,3,0,2,4,0,2,3,0,4
4259,1,1,0,0,0,3,0,0,1,1,0,2,2,0,2,3,0,1
4260,1,3,3,3,0,4,0,0,1,1,1,3,3,0,2,4,0,3
4261,1,1,1,1,3,1,2,1,1,4,2,1,3,2,3,4,2,2
4262,0,3,4,0,0,4,0,0,0,2,4,3,2,0,3,4,0,0
4263,4,3,4,0,0,1,0,0,0,2,1,3,1,4,3,1,0,0
4264,0,1,0,0,1,1,0,2,0,3,2,2,4,1,1,0,2,1
4265,0,2,0,0,2,0,0,0,0,3,3,3,0,1,1,0,3,0
4266,3,4,3,3,4,1,0,0,0,1,4,3,2,0,2,1,0,1
4267,1,4,0,1,1,1,0,4,0,1,1,1,3,1,1,4,1,1
4268,0,1,4,0,0,0,0,3,1,4,2,2,1,2,4,0,1,0
4269,0,3,3,0,1,3,0,4,4,4,3,3,0,1,1,0,4,0
4270,1,3,2,0,4,4,0,0,0,4,1,2,0,4,3,1,4,0
4271,0,4,4,0,4,2,0,0,1,3,1,3,3,3,3,0,3,0
4272,1,3,2,1,0,3,0,0,0,3,2,3,3,4,2,1,2,1
4273,0,4,4,2,1,4,0,4,4,3,2,3,4,1,3,0,2,4
4274,1,2,1,0,0,2,0,0,0,3,0,2,2,0,1,1,0,0
4275,0,3,0,0,0,0,0,4,0,2,3,2,1,2,1,0,3,0
4276,1,3,3,0,1,2,0,0,0,2,2,2,3,4,3,4,1,4
4277,1,2,3,1,2,2,4,0,2,4,2,3,1,4,1,1,4,2
4278,0,2,0,0,4,2,0,1,1,2,1,2,1,3,1,0,3,4
4279,0,0,0,0,0,1,0,0,0,1,2,1,0,4,0,0,1,0
4280,0,2,0,0,2,4,0,4,0,3,1,2,0,2,4,0,2,0
4281,0,4,3,0,1,1,0,1,0,3,3,2,0,2,2,0,1,0
4282,0,3,0,0,4,1,0,0,4,1,3,3,0,3,1,0,1,0
4283,0,1,3,0,4,1,0,0,0,3,4,4,4,4,4,1,4,0
4284,0,4,4,0,4,3,0,3,0,2,3,3,4,3,4,0,1,4
4285,0,0,0,0,1,0,0,4,0,1,1,2,0,1,3,0,2,1
4286,0,1,0,0,4,4,0,3,0,1,2,4,0,2,4,0,4,0
4287,0,2,0,4,4,4,0,1,4,1,2,2,4,3,1,0,3,0
4288,0,3,0,0,3,0,0,0,0,1,2,2,0,1,0,0,4,0
4289,4,1,1,0,2,0,0,0,0,1,2,2,4,2,0,0,1,0
4291,4,4,2,4,2,4,0,0,0,2,4,4,0,1,4,0,0,0
4292,0,1,4,4,0,3,0,0,2,3,0,4,1,0,4,0,0,4
4293,1,2,2,0,0,3,0,0,0,1,3,1,2,3,3,2,4,1
4294,4,4,3,0,0,1,0,0,0,2,0,1,4,0,2,0,0,1
4295,0,1,4,0,1,1,0,0,0,2,2,3,1,1,2,0,4,0
4296,0,3,1,4,0,3,0,0,3,3,2,2,3,1,1,2,1,2
4297,1,2,4,0,0,2,0,1,1,2,2,2,1,2,2,4,3,0
4298,0,2,1,0,4,0,0,1,0,2,4,4,0,2,1,1,4,1
4299,0,2,4,0,0,4,0,1,4,1,4,2,2,1,2,0,1,0
4300,0,1,0,0,1,0,0,3,0,3,3,3,0,3,2,0,3,0
4301,0,0,0,0,0,1,0,0,0,3,1,2,1,0,1,0,4,0
4302,0,3,0,0,1,4,0,4,1,4,3,3,0,4,0,0,1,0
4303,1,4,4,2,0,2,0,0,0,1,2,1,2,3,4,4,1,0
4304,0,2,3,1,4,3,1,3,0,1,3,2,3,2,2,0,4,1
4305,0,4,4,0,0,4,0,0,0,3,4,3,0,4,4,0,1,0
4306,0,2,1,0,0,0,0,0,0,2,4,2,1,0,4,2,0,2
4307,4,2,3,4,4,1,0,2,1,2,4,3,4,1,4,0,4,1
4308,0,2,0,0,4,0,0,0,0,1,2,3,0,3,0,0,1,4
4309,1,3,2,0,4,1,4,0,3,4,4,3,3,4,2,4,0,1
4310,0,3,0,0,0,2,0,0,0,3,0,4,4,0,3,2,0,2
4311,0,2,0,0,1,0,0,1,0,3,3,3,0,1,0,0,1,0
4312,0,0,0,0,4,3,0,1,0,2,2,4,4,1,4,0,1,0
4313,0,2,0,0,4,4,0,4,0,3,3,3,4,3,4,0,3,4
4314,0,2,0,0,4,0,0,0,1,2,3,3,0,3,0,0,4,0
4315,3,3,4,0,0,3,0,0,0,3,1,2,4,2,2,2,4,1
4316,0,1,4,0,4,4,0,0,0,2,2,2,0,1,1,4,1,4
4317,0,0,1,0,0,0,0,4,0,1,4,2,1,3,4,0,2,0
4318,1,2,4,1,0,2,0,0,4,1,4,3,4,4,2,1,4,0
4319,0,3,1,0,2,1,0,2,0,4,2,3,3,2,2,0,4,0
4320,0,2,4,3,4,3,0,4,3,1,2,3,3,2,1,3,1,1
4321,0,4,4,0,4,4,0,1,0,2,2,3,4,3,3,0,1,0
4322,1,3,2,0,4,1,0,0,0,3,4,3,3,4,3,0,1,0
4323,0,4,4,0,3,1,2,3,2,1,3,3,0,1,0,0,3,0
4324,0,4,4,2,0,4,0,0,1,4,0,2,4,0,4,4,0,4
4325,4,4,2,1,0,3,0,0,2,2,3,4,4,4,4,4,4,1
4326,2,1,1,0,0,4,0,4,0,3,3,2,3,3,2,4,3,4
4327,1,1,0,0,0,4,0,0,4,3,0,3,2,0,1,0,0,1
4328,1,1,2,0,0,1,0,0,1,3,4,3,1,3,1,4,4,4
4329,1,2,1,0,0,4,0,0,4,3,0,1,3,0,4,0,0,3
4330,0,3,0,0,4,0,0,0,0,3,4,4,0,4,0,0,0,0
4331,0,1,4,0,1,0,0,0,0,3,3,2,3,1,2,0,1,0
4332,1,3,4,0,0,4,0,0,0,3,1,4,2,1,2,1,0,4
4333,0,4,4,0,0,1,0,2,0,2,3,3,0,2,0,0,4,0
4334,4,4,4,0,4,4,0,1,3,4,4,3,0,4,4,0,4,0
4335,0,2,3,0,4,4,0,3,3,3,1,1,0,2,4,4,3,0
4336,1,1,4,0,0,4,0,4,0,3,3,3,0,3,4,0,3,0
4337,0,1,0,0,0,0,0,4,0,3,1,2,0,3,1,0,3,0
4338,1,4,3,0,0,1,0,0,1,1,0,1,1,0,2,1,0,1
4339,0,0,0,0,4,0,0,0,0,1,1,2,0,0,0,0,2,0
4340,1,3,4,1,1,2,0,0,1,2,1,1,3,1,4,1,1,2
4341,3,2,1,3,1,2,0,0,1,3,0,2,2,4,2,2,1,1
4342,0,3,4,4,3,4,0,0,0,4,2,2,1,3,1,1,4,0
4343,0,3,0,0,1,1,0,2,0,3,1,3,4,1,1,4,3,0
4344,0,3,2,1,0,3,0,0,0,1,4,2,4,3,3,4,4,0
4345,3,2,1,0,1,1,0,0,4,2,4,1,2,2,3,3,1,4
4346,0,3,0,0,2,4,0,4,4,3,3,2,0,2,0,0,2,3
4347,0,2,2,0,0,1,0,0,3,1,4,4,2,4,4,4,0,2
4348,0,2,1,4,0,2,0,0,3,4,0,4,2,0,2,2,0,3
4349,0,2,4,0,2,0,0,2,0,3,2,3,0,4,4,0,3,0
4350,1,4,3,0,4,1,0,4,1,4,2,3,1,4,4,4,4,4
4351,0,2,0,0,4,0,0,0,0,4,3,3,0,2,0,0,3,0
4352,0,1,0,0,0,0,0,3,1,1,3,3,0,3,4,0,3,0
4353,0,2,0,0,4,0,1,0,0,2,2,1,0,4,0,0,4,0
4354,0,4,4,0,1,0,0,1,4,3,1,2,4,2,4,0,1,0
4355,0,1,0,0,4,3,0,4,0,3,2,3,0,1,0,0,2,0
4356,1,4,1,1,0,2,0,0,0,2,4,2,1,4,4,1,1,1
4357,0,1,4,3,0,3,0,0,0,1,2,4,2,0,2,1,0,3
4358,1,3,4,0,0,1,0,0,0,4,2,2,3,1,4,4,4,4
4359,0,1,0,0,3,1,1,2,1,2,1,2,0,1,0,0,1,4
4360,0,4,2,4,4,3,0,0,1,2,4,2,2,4,2,2,4,1
4361,4,4,3,4,0,1,0,0,0,4,2,4,3,4,3,4,4,4
4362,0,1,2,3,3,2,0,1,1,1,2,4,2,1,1,4,1,1
4363,0,4,3,1,4,0,0,2,4,2,1,3,1,2,1,0,3,0
4364,0,1,1,0,0,1,0,0,0,4,0,1,0,0,1,3,4,0
4365,0,1,4,0,0,1,0,0,4,3,4,3,4,0,1,1,0,1
4366,4,1,1,0,0,0,0,4,1,1,4,4,3,4,4,0,4,0
4367,0,1,0,0,3,4,0,4,0,1,3,2,0,1,4,0,2,0
4368,0,2,2,2,0,4,0,0,1,3,0,2,2,0,3,2,0,3
4369,2,4,4,4,0,1,0,0,4,1,0,1,2,0,3,3,0,0
4370,0,3,0,0,4,4,0,0,1,2,3,3,0,4,4,0,4,0
4371,1,2,2,4,0,3,4,0,4,2,1,2,1,4,2,4,3,1
4372,0,2,0,0,3,4,0,0,0,2,3,4,0,1,4,0,2,0
4373,0,1,0,0,1,0,0,0,0,2,2,1,0,3,4,0,3,0
4374,3,0,4,1,1,1,0,1,1,2,2,2,1,1,0,0,1,0
4375,1,4,1,2,0,3,0,0,1,3,0,4,2,0,2,4,0,4
4376,0,1,0,0,1,1,0,0,0,1,4,3,1,3,4,0,1,4
4377,0,3,0,0,1,4,0,2,4,1,2,3,0,3,4,0,4,0
4378,3,1,0,2,0,2,0,0,4,1,1,2,2,4,1,2,1,1
4379,0,1,1,0,4,0,0,0,0,4,3,4,0,3,0,0,0,0
4380,0,3,1,0,2,0,0,1,0,3,1,2,1,3,1,0,3,0
4381,3,4,3,2,0,3,0,1,4,2,1,1,1,1,2,2,1,1
4382,1,3,1,3,0,4,0,0,2,1,0,3,1,1,1,3,0,4
4383,0,3,2,1,0,3,0,3,2,4,0,1,1,0,3,2,0,1
4384,2,2,4,4,0,1,0,0,1,4,0,3,2,0,1,0,0,1
4385,0,4,4,0,1,1,0,0,0,2,1,1,4,2,1,0,2,0
4386,0,1,0,0,0,0,0,2,0,4,4,4,0,1,1,0,1,0
4387,1,3,1,0,0,1,0,0,1,3,4,3,0,0,3,0,1,1
4388,1,1,2,2,1,2,0,3,0,4,3,2,2,3,2,4,0,4
4389,4,2,4,0,4,3,3,3,3,3,3,3,2,3,4,4,1,4
4390,0,3,0,0,2,0,0,0,0,3,4,3,0,4,0,0,4,0
4391,0,1,0,0,3,0,0,3,3,3,4,2,1,4,4,0,3,0
4392,0,2,1,0,2,0,0,4,0,3,2,2,0,3,1,0,1,0
4393,0,3,0,0,4,4,0,0,0,3,1,1,0,2,3,0,2,0
4394,0,3,0,0,1,4,0,0,0,4,2,3,0,1,0,0,1,2
4396,0,1,0,0,3,1,0,1,4,1,4,2,0,3,1,0,2,0
4397,0,4,0,0,0,1,0,0,0,1,4,2,2,3,4,0,0,0
4398,0,3,0,0,1,1,0,1,0,3,2,3,0,1,2,0,4,0
4399,2,3,1,0,0,3,0,0,0,2,4,3,4,0,3,3,0,2
4400,0,4,0,0,2,0,0,0,0,3,2,3,0,4,0,0,3,0
4401,0,4,0,0,3,0,0,0,0,3,3,3,1,3,4,0,4,0
4402,0,4,1,1,0,1,0,1,0,2,3,2,4,2,4,0,4,1
4403,0,3,4,0,1,4,0,0,0,1,1,2,4,1,3,0,1,3
4404,3,4,4,0,0,4,1,0,3,2,3,3,2,2,4,0,3,3
4405,0,2,0,2,0,3,0,4,3,2,3,2,3,4,2,4,4,4
4406,1,1,1,1,0,2,0,0,0,1,4,3,4,0,4,2,1,2
4407,0,1,4,0,1,0,0,0,1,2,2,2,0,4,0,0,2,0
4408,1,3,4,4,0,3,0,0,4,2,1,1,2,4,2,4,0,0
4409,0,1,4,0,0,1,0,4,0,2,4,3,4,0,4,2,0,2
4410,0,3,1,0,1,1,0,4,0,2,4,3,2,1,1,4,2,1
4411,0,2,4,4,3,4,0,2,4,3,3,2,4,2,1,0,1,1
4412,4,1,1,2,0,4,2,4,2,1,2,4,2,2,2,4,1,1
4413,0,4,0,0,3,0,0,1,4,3,4,3,0,4,4,0,3,4
4414,1,4,2,0,0,3,0,0,1,3,4,4,3,3,4,4,1,4
4415,0,1,0,0,2,2,0,4,0,3,4,2,0,1,1,1,3,1
4416,1,2,0,0,0,0,0,4,0,2,2,2,0,2,1,0,2,0
4417,4,4,1,3,0,0,0,0,4,3,0,2,4,0,3,1,0,0
4418,0,2,0,0,2,1,0,1,1,2,2,2,0,2,0,0,3,0
4420,4,2,1,0,4,4,0,0,0,3,2,3,1,4,3,1,4,3
4421,0,4,0,1,0,1,0,0,1,3,3,4,0,4,1,0,2,0
4422,1,2,1,1,0,4,0,0,2,3,1,3,1,4,4,4,1,4
4423,0,1,0,0,4,0,0,0,0,4,2,3,1,4,1,0,1,0
4424,0,1,0,0,1,0,0,0,0,4,2,3,0,1,0,1,2,4
4426,4,1,3,0,2,1,0,1,4,2,2,3,1,1,2,0,3,0
4427,3,3,3,4,0,4,0,0,4,1,0,1,3,0,2,1,0,0
4428,1,3,1,4,0,1,0,0,4,3,3,2,4,1,1,2,1,3
4429,0,1,0,0,4,0,0,4,1,3,2,2,0,3,0,0,1,0
4430,4,3,3,0,0,4,0,0,0,3,0,4,3,0,4,0,0,4
4431,0,3,3,0,1,1,0,0,1,2,2,2,1,2,3,0,2,0
4432,4,4,2,2,1,2,0,0,0,2,1,3,4,2,2,1,3,1
4433,1,3,1,4,0,3,0,0,0,1,0,2,3,0,2,1,0,4
4434,1,2,0,0,0,2,0,0,0,4,3,2,1,3,4,0,4,0
4435,0,3,0,0,4,0,0,4,0,1,3,2,0,3,0,0,3,0
4436,0,3,0,0,0,1,0,0,0,2,3,2,1,4,1,4,4,4
4437,0,1,3,0,1,4,0,0,2,1,1,1,4,4,4,4,3,3
4438,1,4,3,1,1,2,0,0,0,3,1,2,0,0,3,1,1,1
4439,4,2,4,4,0,2,0,0,3,2,4,4,4,0,2,2,4,1
4440,0,1,0,0,4,0,0,0,0,3,2,2,0,1,0,0,1,0
4441,0,2,0,0,2,0,0,3,0,3,2,2,0,2,4,0,4,4
4442,0,4,1,0,1,0,0,4,0,3,3,3,0,3,1,0,2,0
4443,0,1,1,0,3,1,0,1,0,2,2,3,0,3,2,0,1,0
4444,0,2,1,0,4,3,0,0,0,2,4,4,4,4,4,0,1,1
4445,3,1,2,0,2,1,1,0,1,1,3,2,1,3,4,3,2,0
4446,4,1,4,0,0,4,0,0,0,1,1,2,4,1,4,4,4,4
4447,0,4,0,3,1,2,0,1,0,2,4,3,0,3,1,0,4,0
4448,0,1,0,0,0,0,0,4,0,3,1,1,0,1,0,0,2,0
4449,4,3,1,3,0,2,0,0,3,3,3,2,1,0,3,4,1,4
4450,0,4,1,0,0,1,0,4,0,3,3,3,4,4,4,0,3,0
4451,0,0,0,0,1,0,0,0,0,2,2,2,4,1,4,0,3,1
4452,0,1,0,0,1,2,0,1,3,2,1,1,0,1,3,1,1,4
4453,3,4,2,1,0,4,0,1,4,3,2,4,4,2,2,1,4,4
4454,0,3,4,0,0,1,0,0,0,2,4,3,1,4,1,0,2,1
4455,0,4,1,0,4,0,0,0,0,1,3,2,4,4,4,0,1,0
4456,0,3,4,1,0,3,0,4,4,2,0,2,4,0,4,0,0,1
4457,0,1,0,0,2,4,0,1,1,2,1,1,0,1,4,0,1,2
4458,0,2,4,1,1,4,0,4,4,4,4,3,3,1,1,0,1,4
4459,4,4,0,0,0,2,0,0,4,2,3,1,3,1,2,4,1,3
4460,0,4,1,0,3,1,0,0,0,3,3,3,1,3,2,0,2,0
4461,0,3,4,0,1,0,0,2,1,1,1,4,0,4,0,0,3,0
4462,0,2,0,0,1,0,0,4,0,2,1,2,1,4,3,0,1,0
4463,1,1,4,1,0,2,0,0,1,1,4,1,4,4,1,2,4,1
4464,0,1,0,0,4,1,0,3,4,4,3,2,0,2,1,0,4,4
4465,2,3,1,1,0,3,0,0,0,0,0,1,3,0,4,1,0,0
4466,0,3,4,0,0,3,0,0,0,2,1,4,1,4,4,4,1,3
4467,2,3,1,1,1,1,0,4,3,2,2,3,1,2,3,0,4,4
4468,0,1,0,0,1,0,0,2,1,3,3,3,0,1,0,0,1,2
4469,0,3,3,0,4,4,0,0,0,3,3,4,4,1,4,0,4,4
4470,1,2,1,0,0,2,0,0,1,3,2,4,2,0,4,1,4,1
4472,4,3,3,0,0,3,0,0,4,2,4,2,2,0,1,3,0,3
4473,0,4,2,0,0,1,0,0,1,3,1,1,1,0,2,2,1,0
4474,0,2,1,0,1,1,0,0,0,3,2,3,0,4,2,0,2,1
4475,3,3,3,3,0,4,0,0,0,3,4,3,2,1,2,1,1,3
4476,2,1,4,2,0,2,0,0,1,4,4,2,4,4,3,2,4,1
4477,0,0,0,0,0,0,0,0,0,0,1,1,0,0,0,0,0,0
4478,0,1,1,0,4,0,0,3,0,2,3,2,0,3,1,0,2,4
4479,4,3,1,0,0,3,0,0,0,3,0,3,4,0,4,1,0,3
4480,0,3,0,0,1,0,0,0,0,2,2,2,0,2,4,0,1,0
4481,3,1,2,1,0,1,0,0,4,2,4,3,4,4,2,4,0,2
4482,0,0,2,0,1,1,0,0,0,4,2,1,0,4,3,0,3,0
4483,0,3,4,1,0,1,0,0,0,2,0,1,2,0,1,0,0,0
4484,0,3,0,0,2,0,0,2,1,3,4,3,4,4,1,0,4,4
4485,3,3,3,0,0,2,0,0,0,1,1,3,4,0,1,3,0,0
4486,0,1,0,0,1,1,0,3,0,2,1,3,0,4,2,0,4,1
4487,4,4,1,4,0,1,0,0,0,3,1,1,3,2,2,2,2,4
4488,0,2,0,0,0,1,0,4,1,4,1,4,0,4,3,0,3,4
4489,0,2,0,0,3,1,0,0,4,2,1,2,0,3,1,0,1,0
4490,0,4,4,1,0,4,0,0,0,3,0,2,1,0,4,1,0,1
4491,0,4,0,0,1,4,0,4,0,2,3,3,0,2,1,0,4,0
4492,4,3,4,0,0,4,0,0,0,2,4,3,1,0,3,0,0,2
4493,0,1,0,0,1,0,0,1,3,3,2,4,0,3,0,0,2,0
4494,2,4,4,0,0,1,0,0,3,4,4,4,4,1,3,4,1,4
4495,0,1,1,0,0,1,0,0,0,1,0,2,1,0,1,1,0,1
4496,0,4,4,0,0,4,0,0,1,4,0,4,3,0,4,0,0,4
4497,0,4,1,0,2,1,0,0,0,2,3,3,4,1,0,0,4,0
4498,0,1,0,0,2,1,1,1,1,2,2,2,0,2,0,0,2,1
4499,1,4,0,0,0,4,0,0,4,2,1,4,1,0,2,1,4,1
4500,0,1,0,0,1,0,0,0,0,4,2,3,0,4,0,0,4,0
4501,3,1,3,0,0,1,0,1,4,2,1,1,4,1,4,1,1,1
4502,0,1,2,0,0,1,0,1,4,3,4,2,0,2,0,0,3,0
4503,0,0,0,0,1,4,0,1,2,3,2,2,1,1,4,0,1,0
4504,0,1,2,0,0,1,0,0,0,1,4,2,2,4,4,1,0,4
4505,0,4,1,0,0,4,0,0,0,4,4,4,1,2,1,0,4,0
4506,0,3,0,0,0,4,0,1,3,3,3,2,0,2,0,0,3,0
4507,0,3,0,0,1,0,0,0,0,3,2,2,0,4,0,0,2,0
4508,0,3,0,0,0,3,0,0,0,2,4,4,0,1,4,0,3,0
4509,0,0,0,0,4,0,0,0,0,4,1,2,0,4,0,0,4,0
4510,0,4,0,0,1,0,0,0,0,3,1,3,0,1,0,0,1,0
4511,1,3,3,0,0,1,0,0,0,3,0,2,4,0,1,1,0,0
4512,0,3,2,1,0,1,0,4,3,1,4,3,3,1,3,1,4,3
4513,4,4,4,0,0,4,0,0,0,4,4,4,3,4,1,2,4,0
4514,4,4,1,0,4,4,0,4,1,3,2,3,0,3,4,0,4,0
4515,1,2,0,0,3,0,0,0,0,2,4,3,0,4,3,0,4,0
4516,0,2,0,0,2,0,0,1,0,2,4,2,0,3,4,0,3,1
4517,1,4,2,0,0,1,0,4,1,3,4,4,3,4,4,3,4,3
4518,1,1,1,2,0,3,0,0,0,3,1,2,2,0,3,3,2,1
4519,4,3,3,0,0,3,0,4,4,1,4,3,2,0,2,3,4,0
4520,0,4,4,0,0,0,0,0,1,1,4,2,4,1,2,4,1,0
4521,0,1,3,0,1,4,0,1,4,3,4,4,0,2,4,0,2,0
4522,0,4,3,0,0,4,0,1,0,2,2,2,0,3,4,0,3,0
4523,3,1,3,2,0,2,0,0,1,3,3,4,3,0,3,1,1,2
4524,0,3,0,0,1,0,0,0,0,1,4,1,0,1,1,0,1,0
4525,1,4,1,1,0,3,0,0,4,3,1,4,3,4,3,3,2,4
4526,0,1,0,0,0,3,0,3,0,2,1,2,0,2,1,0,2,0
4527,0,2,1,4,0,2,0,0,4,1,2,1,4,4,1,0,4,4
4528,0,0,0,0,4,0,0,0,0,1,1,3,0,4,0,0,1,0
4529,0,1,0,0,0,0,0,1,0,4,2,2,0,3,0,0,4,0
4530,0,1,4,4,0,0,0,0,4,3,2,3,0,4,0,0,4,0
4531,0,1,0,0,2,0,0,0,0,3,2,2,1,3,4,0,2,0
4532,4,4,1,4,0,1,0,0,0,2,0,4,2,0,3,4,0,0
4533,0,2,0,0,4,1,0,0,1,4,3,2,1,2,1,1,2,1
4535,1,4,4,0,0,1,0,1,2,2,1,3,2,1,4,1,1,0
4536,3,1,4,0,0,1,0,0,0,1,0,1,4,0,1,3,0,4
4537,4,1,1,4,0,4,0,4,1,4,4,4,4,0,3,4,4,2
4538,4,2,2,4,0,3,0,1,0,3,2,3,1,2,3,0,3,3
4539,0,2,1,1,0,1,0,0,0,2,4,1,2,0,2,3,4,3
4540,0,4,0,0,0,0,0,2,0,2,2,2,0,2,1,0,3,0
4541,0,0,4,0,0,0,0,0,0,1,1,1,0,4,4,0,1,0
4542,2,2,1,1,0,4,0,0,1,3,4,1,4,1,1,2,0,4
4543,0,2,0,0,3,3,0,4,0,2,1,2,4,2,1,4,2,0
4544,0,4,4,0,1,1,0,4,1,2,3,2,0,3,3,0,2,0
4545,3,1,3,3,0,3,0,0,0,0,0,4,4,0,4,4,1,0
4546,1,3,2,2,0,1,0,0,0,2,2,4,2,4,3,2,2,4
4547,0,1,4,3,0,4,0,0,1,4,0,3,1,0,1,4,0,4
4548,0,2,1,1,0,3,0,0,1,2,4,1,3,0,4,1,0,2
4549,0,1,1,0,1,1,0,2,1,0,4,4,0,3,3,0,2,0
4550,0,1,0,0,0,0,0,0,1,2,4,3,2,1,3,0,0,4
4551,0,1,4,0,0,2,0,3,4,2,2,3,0,3,3,3,2,2
4552,1,1,3,4,4,2,1,4,2,4,4,4,3,4,3,4,4,4
4553,0,0,4,0,4,1,0,0,0,2,2,2,0,2,1,0,1,4
4554,0,2,0,0,4,0,0,0,0,1,3,3,0,3,0,0,2,0
4555,0,4,0,0,0,0,0,2,4,3,2,2,0,3,4,0,2,0
4556,0,1,0,0,2,0,0,0,0,4,2,2,2,1,1,0,3,0
4557,0,1,0,0,1,0,0,4,0,3,1,2,0,1,0,1,4,0
4558,0,3,4,0,0,1,0,4,4,4,3,2,0,1,4,0,3,0
4559,0,3,1,0,4,1,0,0,4,2,2,4,0,2,0,0,4,0
4560,1,1,1,2,4,3,0,4,2,3,4,2,3,0,1,0,4,2
4561,0,2,1,0,0,4,0,0,0,2,0,4,4,0,4,3,0,0
4562,0,4,4,0,4,4,0,4,2,3,3,3,1,3,4,0,4,4
4563,3,1,3,1,0,2,4,2,2,4,4,4,3,3,3,1,1,1
4564,0,4,3,0,3,4,1,4,3,3,3,1,0,4,2,0,4,0
4565,0,4,0,0,4,0,0,0,0,4,3,4,0,2,1,0,1,0
4566,4,2,4,1,4,1,0,4,2,1,4,3,3,2,3,1,2,1
4567,0,1,0,0,1,1,0,1,4,4,1,2,4,4,4,0,1,0
4568,0,2,0,0,1,0,0,0,0,2,1,3,1,1,1,0,0,4
4569,0,1,0,0,1,4,0,1,0,3,2,2,0,0,4,0,3,0
4570,0,0,0,0,4,0,0,0,0,4,4,2,0,4,0,0,2,0
4571,0,2,4,0,0,2,0,4,4,1,4,1,3,4,2,0,4,1
4572,4,4,3,4,0,3,0,4,1,1,2,3,1,3,1,4,1,0
4573,0,4,0,0,0,0,0,0,0,3,4,4,0,2,1,0,1,0
4574,1,2,1,0,4,4,0,4,4,3,1,3,1,1,4,2,2,3
4575,0,3,4,4,0,4,0,0,4,3,0,3,4,0,2,4,0,2
4576,3,3,1,0,0,3,0,1,0,2,1,3,4,3,3,1,1,0
4577,0,3,0,0,0,0,0,1,0,3,3,2,0,2,0,0,2,0
4578,0,3,0,0,2,0,0,0,0,2,2,2,0,1,0,0,4,0
4579,0,4,0,0,0,0,0,0,0,1,0,1,4,0,4,0,0,1
4580,0,3,1,0,4,2,0,0,0,3,2,3,0,2,1,3,4,4
4581,0,1,1,0,1,4,0,0,0,3,2,2,0,2,1,0,2,4
4582,1,2,1,3,0,4,0,0,1,2,0,2,3,0,3,3,0,3
4583,1,4,1,3,1,4,3,4,3,4,1,3,3,4,3,2,2,1
4584,0,4,3,0,0,3,0,0,3,3,2,3,4,2,3,1,3,3
4585,0,4,0,0,0,1,0,0,0,1,1,1,0,3,0,0,2,0
4586,0,3,4,1,3,4,0,0,4,3,1,1,1,3,2,0,2,0
4587,3,2,1,2,0,4,0,0,1,3,1,1,4,0,4,1,0,1
4588,2,1,3,0,0,1,0,0,1,1,0,4,2,0,4,4,0,3
4589,4,2,2,1,0,4,0,0,2,4,0,3,2,0,2,0,0,1
4590,0,2,4,0,1,4,0,4,1,3,3,3,2,2,2,1,2,1
4591,0,2,1,0,4,2,0,0,0,2,4,2,0,1,1,4,0,4
4592,0,2,2,4,0,1,0,0,3,2,4,2,4,0,1,1,0,4
4593,0,3,1,0,2,2,0,3,0,2,3,3,1,1,4,4,4,2
4594,0,4,0,0,4,0,0,1,3,1,1,1,0,4,2,0,3,4
4595,0,1,1,0,3,4,0,1,0,3,2,3,0,2,4,0,1,1
4596,1,3,3,0,1,3,0,3,1,2,2,2,2,3,2,0,2,4
4597,1,2,1,1,0,4,0,0,2,3,0,2,1,0,1,2,0,1
4598,0,4,0,0,1,0,0,4,0,1,4,1,0,3,4,0,3,0
4599,0,3,0,1,0,1,1,2,2,3,1,3,1,1,4,4,1,3
4600,0,1,0,0,4,3,0,0,1,1,4,3,0,2,0,1,1,0
4601,4,2,4,0,0,2,0,0,1,3,4,4,3,4,4,4,4,1
4602,0,4,4,0,2,0,0,0,0,1,2,2,0,1,0,0,1,0
4603,0,0,0,0,4,0,0,0,0,3,4,4,0,4,0,0,4,0
4604,0,3,0,0,1,4,0,0,0,3,3,3,0,4,1,0,2,0
4605,2,3,1,0,0,4,0,0,0,2,2,3,1,4,4,3,4,2
4606,4,2,1,2,1,2,0,0,4,3,4,4,1,0,1,1,0,1
4607,1,1,1,1,0,1,0,1,0,2,3,3,1,3,1,0,2,0
4608,1,2,0,4,0,3,0,0,1,2,4,4,4,0,3,1,0,1
4609,4,3,2,0,4,1,1,4,0,2,1,3,0,2,2,1,3,1
4610,1,2,3,2,1,1,4,1,1,4,4,4,4,4,3,3,4,3
4611,0,3,1,0,2,4,0,4,4,4,4,3,1,1,3,1,4,0
4612,4,3,4,4,0,3,0,0,3,3,0,4,3,0,4,1,0,3
4613,0,1,1,1,0,1,0,0,0,3,2,4,0,3,2,0,4,0
4614,0,3,1,1,0,1,0,0,0,2,4,4,4,4,1,4,4,4
4615,0,1,4,0,0,0,0,0,2,1,0,4,1,0,0,0,0,0
4616,0,2,4,1,0,1,0,1,0,3,1,2,1,1,4,3,1,0
4617,0,4,1,0,4,4,0,1,0,3,3,3,3,1,4,0,2,0
4618,4,1,3,1,0,1,0,0,1,1,0,2,1,0,1,4,0,0
4619,0,4,4,0,3,0,0,1,0,1,3,3,0,1,1,0,2,0
4620,2,3,3,4,1,1,0,4,4,3,1,1,2,4,4,1,4,1
4621,0,1,0,0,0,0,0,3,4,3,3,3,0,2,0,0,1,0
4622,0,3,4,4,2,4,0,0,4,2,3,3,1,2,3,0,3,0
4623,0,1,0,0,4,0,0,0,0,3,4,3,0,4,0,0,4,0
4624,0,4,2,4,3,2,0,0,0,2,3,1,4,1,2,0,1,0
4625,0,4,0,0,3,0,0,0,0,2,2,3,0,4,0,0,1,0
4626,0,1,2,0,1,0,0,1,1,2,1,2,0,3,3,0,2,1
4627,0,2,3,2,0,2,0,1,1,2,2,3,2,2,1,3,2,2
4628,0,3,0,0,1,0,0,0,0,3,3,1,0,2,0,0,3,0
4629,0,0,0,0,0,0,0,1,0,3,2,1,0,3,1,0,2,0
4630,1,1,3,1,0,1,0,0,4,1,1,2,3,0,3,1,1,4
4631,0,1,0,0,4,0,0,0,0,3,3,3,0,1,4,0,2,0
4632,4,1,4,1,0,3,0,0,0,2,4,4,4,4,4,0,0,0
4633,4,4,4,1,0,1,0,0,1,1,0,4,2,0,1,1,0,4
4634,0,4,0,0,1,0,0,0,0,3,3,4,0,4,1,0,1,0
4635,0,3,0,0,4,0,0,0,0,2,2,2,0,2,0,0,4,0
4636,1,4,0,0,0,1,0,0,0,2,3,4,1,1,4,4,3,3
4637,4,4,4,4,0,4,0,0,2,3,1,4,4,1,2,3,4,3
4638,1,0,2,1,4,3,0,0,0,2,3,1,2,4,2,4,4,4
4639,0,3,1,0,3,2,0,2,4,2,1,2,0,1,0,0,3,0
4640,0,1,1,0,0,1,0,0,1,1,0,2,4,0,2,0,0,4
4641,0,4,4,0,1,0,0,3,0,2,4,3,0,2,1,0,1,1
4642,0,2,0,0,3,0,0,0,4,1,3,3,0,3,1,0,1,0
4643,0,3,0,0,4,0,0,0,0,3,3,2,0,2,4,0,1,0
4644,0,4,0,0,4,0,0,0,0,2,1,2,0,3,3,0,3,0
4645,1,2,1,2,2,2,0,4,0,2,2,3,1,4,2,0,2,0
4646,1,1,4,4,3,4,0,0,1,2,2,3,2,4,1,0,3,0
4647,0,2,0,0,2,0,0,0,0,2,1,2,0,2,0,0,2,0
4648,0,2,1,0,2,1,0,1,0,3,2,3,0,2,1,0,3,4
4649,1,3,2,4,0,2,0,0,4,3,2,2,1,2,4,4,1,4
4650,1,2,4,4,4,3,0,0,1,4,4,2,4,0,3,3,1,3
4651,4,3,4,0,0,4,0,0,0,3,1,3,2,1,3,2,4,2
4652,4,4,3,4,0,3,0,0,1,1,1,2,2,1,1,1,4,1
4653,0,2,2,4,1,2,0,3,1,2,4,2,1,1,3,3,1,4
4654,0,2,1,0,0,1,0,0,1,3,4,3,1,0,1,4,0,0
4655,2,2,0,4,0,2,0,0,0,3,2,3,3,1,4,1,1,3
4656,3,1,0,0,4,1,0,0,1,4,4,1,2,0,4,3,0,2
4657,0,3,0,0,1,0,4,1,2,4,4,3,4,1,3,0,3,1
4658,4,2,2,4,0,2,0,0,2,1,2,2,4,0,3,4,0,2
4659,1,1,0,1,0,3,4,0,1,2,1,1,0,1,0,1,0,0
4660,1,1,1,0,0,0,0,0,2,1,1,1,2,0,1,2,0,1
4661,3,1,2,0,0,1,0,0,1,1,1,2,1,0,1,0,0,4
4662,3,1,4,3,3,3,0,0,0,3,1,1,1,1,2,4,1,4
4663,2,3,1,1,0,4,0,0,4,3,1,4,3,1,3,4,1,4
4664,4,3,4,2,0,2,0,0,1,0,1,3,1,4,3,4,4,0
4665,0,4,0,0,1,4,0,0,0,1,2,3,0,2,2,0,2,1
4666,1,1,3,1,0,3,0,0,0,1,0,1,3,1,3,0,0,1
4667,1,3,1,0,0,3,0,4,0,1,1,2,2,4,1,3,3,1
4668,0,4,0,0,0,1,0,0,1,2,3,3,1,0,2,2,0,1
4669,0,4,1,0,4,4,0,0,4,3,2,2,2,4,1,0,1,0
4670,0,2,0,0,1,0,0,0,3,2,2,2,0,2,0,0,1,0
4671,0,1,4,0,3,4,0,1,0,1,1,3,0,3,4,0,1,0
4672,1,1,4,0,4,1,0,0,2,4,4,2,2,1,3,1,2,4
4673,0,2,0,0,0,1,4,1,1,2,3,2,0,2,3,0,1,0
4674,4,2,1,0,4,1,0,4,3,3,1,2,1,2,1,3,0,2
4675,1,1,2,3,0,3,0,0,1,1,1,1,1,0,3,4,0,2
4676,0,3,1,0,0,1,0,0,0,4,1,2,2,3,3,0,4,4
4677,4,4,3,0,0,2,0,0,2,4,4,3,1,0,1,4,0,0
4678,0,0,0,0,4,0,0,0,0,3,3,2,0,4,1,0,4,0
4679,0,4,0,1,0,4,0,0,1,4,0,2,4,0,4,0,0,1
4680,0,0,0,0,2,1,0,2,1,2,4,4,0,4,3,0,4,3
4681,2,1,4,4,2,4,0,0,0,3,1,1,1,1,4,3,0,2
4682,0,2,0,0,1,1,0,2,3,4,2,1,0,3,1,0,4,2
4683,0,1,1,0,1,0,0,0,1,1,3,3,0,4,0,0,2,0
4684,0,3,0,0,0,0,0,0,4,3,4,2,0,0,3,4,0,0
4685,0,4,0,0,1,0,0,3,1,3,4,3,0,2,4,0,4,4
4686,0,3,3,1,0,1,0,0,1,1,1,2,4,1,2,2,3,4
4687,1,1,4,2,0,3,1,3,2,2,1,1,1,2,2,1,1,0
4688,0,2,0,0,1,1,0,4,0,2,2,1,0,4,4,0,4,1
4689,0,4,3,4,0,1,0,0,0,2,0,2,3,0,2,2,0,3
4690,4,2,1,1,0,4,0,4,0,3,3,2,1,1,2,2,4,1
4691,0,2,0,0,4,0,0,4,0,2,2,2,0,4,4,0,1,2
4692,0,3,4,0,0,4,0,2,1,4,2,3,0,1,4,0,1,0
4693,0,3,2,1,0,4,0,0,4,2,2,1,2,3,2,1,4,1
4694,4,2,3,0,4,3,0,4,1,3,4,3,2,4,1,2,3,4
4695,0,4,4,0,3,1,0,0,0,4,1,4,0,3,2,0,1,2
4696,0,0,0,0,4,0,0,4,0,1,2,2,0,4,0,0,4,0
4697,1,3,1,0,4,1,0,4,3,4,4,3,3,4,3,1,0,0
4698,0,4,0,0,1,1,2,1,4,3,3,3,4,2,4,0,1,0
4699,3,2,1,1,0,2,0,0,4,1,4,1,2,0,4,4,0,0
4700,0,4,1,0,2,3,0,1,0,1,2,3,0,4,0,4,3,0
4701,0,2,1,4,4,0,0,4,3,3,3,2,4,4,1,1,4,4
4702,0,4,0,0,4,4,0,0,0,2,4,2,1,0,4,4,4,4
4703,0,2,4,0,1,3,0,0,1,1,1,2,1,4,3,1,4,4
4704,4,3,0,0,3,1,0,4,3,2,2,2,3,3,3,0,4,0
4705,4,4,1,4,4,2,0,4,0,1,2,3,2,2,3,4,4,4
4706,0,3,0,0,0,0,0,2,4,2,2,3,0,3,1,0,2,0
4707,0,3,0,0,0,0,0,0,0,2,3,2,4,4,0,0,4,0
4708,4,3,1,0,4,0,2,4,3,4,2,3,2,2,4,4,3,4
4709,0,2,1,0,0,4,0,0,0,2,0,1,4,0,4,2,0,2
4710,4,1,1,0,0,1,0,0,1,3,4,1,1,0,1,1,0,1
4711,1,3,0,3,1,2,0,1,0,2,3,1,1,1,3,3,1,0
4712,1,0,4,3,0,3,0,4,0,2,2,4,1,1,1,4,4,4
4713,0,2,0,0,0,1,0,1,0,4,3,2,0,3,3,0,3,4
4714,0,4,3,0,4,3,0,1,4,1,1,3,2,2,4,0,3,0
4715,4,2,1,0,4,4,0,0,1,4,3,4,1,2,1,4,1,0
4716,0,3,0,0,2,0,0,0,0,3,3,2,4,4,0,0,3,0
4717,0,3,0,0,2,0,4,1,3,3,4,4,0,4,3,0,3,4
4718,0,3,0,0,0,0,0,1,0,2,2,1,0,1,1,0,4,0
4719,0,0,0,0,0,2,0,1,0,0,1,1,1,1,4,0,0,0
4720,4,3,4,2,0,2,0,0,4,3,0,4,1,0,4,2,0,2
4721,0,4,0,0,1,1,0,0,0,4,3,1,0,4,1,0,4,0
4722,1,1,0,0,0,1,0,0,0,3,1,2,1,4,4,3,0,3
4723,0,0,0,0,0,0,0,0,0,1,1,2,0,1,1,0,1,0
4724,0,2,1,0,0,0,1,4,1,2,2,1,1,1,1,0,2,1
4725,4,1,1,3,0,2,0,1,0,1,4,2,1,2,4,2,1,2
4726,0,1,1,1,1,1,0,0,0,1,1,3,2,1,4,0,0,1
4727,0,4,1,0,2,1,0,4,1,4,4,4,0,1,1,0,4,0
4728,0,2,0,0,0,0,0,0,0,2,1,1,0,4,0,0,2,0
4729,3,4,1,0,0,2,0,0,1,2,1,2,2,2,3,4,3,4
4730,0,4,2,3,0,3,0,0,4,1,1,1,1,1,4,0,4,4
4731,0,3,0,0,2,1,0,1,0,3,4,4,0,4,4,0,3,0
4732,0,2,0,0,0,1,0,0,4,1,0,1,3,4,2,1,0,0
4733,1,3,3,4,0,3,0,1,4,1,4,3,3,1,4,3,1,4
4734,4,2,3,1,4,3,0,4,0,4,1,3,4,3,3,3,4,3
4735,1,2,4,1,0,4,0,4,3,4,4,4,1,4,3,0,0,4
4736,0,4,0,0,2,4,0,0,0,3,1,3,4,3,4,1,0,4
4737,4,4,3,0,4,4,0,4,1,4,4,3,3,4,1,1,4,3
4738,4,2,1,0,2,2,0,0,4,2,1,3,0,1,3,4,1,3
4739,4,1,0,0,0,1,0,0,0,3,4,3,4,1,4,2,0,3
4740,0,1,1,1,0,1,0,0,4,3,4,3,3,1,4,3,3,3
4741,0,4,3,0,0,0,0,1,0,4,1,4,4,1,2,0,0,4
4742,1,1,1,0,0,0,0,0,0,3,2,2,0,4,4,0,2,4
4743,4,4,4,4,0,3,0,0,0,4,4,4,4,0,4,4,0,2
4744,0,4,1,0,0,0,0,4,0,3,1,2,0,2,0,0,1,0
4745,2,2,2,0,0,2,0,4,2,2,4,4,3,2,4,0,3,1
4746,4,1,4,4,4,4,0,0,4,2,3,1,4,4,2,4,1,3
4747,0,1,0,0,4,4,0,0,0,2,1,1,0,2,4,1,1,1
4748,1,0,4,0,0,0,0,0,1,4,4,4,2,4,1,2,4,0
4749,0,4,4,0,2,2,4,1,3,3,3,2,4,3,4,1,1,4
4750,0,2,1,1,0,4,0,4,0,2,3,2,0,2,1,0,1,0
4751,4,4,1,0,0,4,0,0,0,1,3,3,1,2,2,3,1,1
4752,0,4,0,0,2,1,0,0,0,1,1,1,4,2,4,4,1,1
4753,0,1,4,1,3,0,0,1,0,4,2,1,1,2,1,4,1,0
4754,0,2,3,0,0,0,0,0,3,1,4,2,1,0,3,0,0,0
4755,0,1,0,0,2,4,0,2,4,3,4,4,0,2,2,0,3,4
4756,1,2,3,1,0,3,0,0,0,4,4,3,4,4,2,1,3,2
4757,2,2,3,1,0,0,0,0,1,3,0,1,3,0,1,2,0,3
4758,0,0,0,0,0,0,0,0,0,2,2,3,4,4,0,0,3,0
4759,1,4,4,0,0,4,0,0,4,2,4,3,1,2,1,2,1,0
4760,0,3,0,0,4,0,2,1,2,3,2,2,0,1,1,0,1,1
4761,0,3,4,0,0,0,0,0,0,2,3,4,2,0,1,0,0,4
4762,0,3,4,1,0,2,0,4,2,2,2,4,3,1,2,2,4,1
4763,0,4,0,0,4,0,0,0,0,1,2,3,0,3,4,0,4,0
4764,1,1,2,0,1,4,0,0,0,2,2,1,2,1,1,3,2,0
4765,0,1,2,1,0,3,0,0,1,1,1,1,3,0,1,1,0,4
4766,0,1,0,0,0,0,0,2,1,2,2,2,0,1,1,0,2,0
4767,0,2,2,0,0,1,0,0,4,1,0,2,1,0,2,1,0,1
4768,0,4,0,0,1,2,0,3,0,2,2,2,0,3,1,0,2,0
4769,0,3,4,4,0,4,0,0,4,1,4,2,4,0,4,1,0,3
4770,1,2,1,4,2,3,0,0,2,1,4,4,2,1,1,4,3,0
4771,0,4,0,0,4,1,0,0,0,3,3,3,1,4,1,0,3,1
4772,0,3,1,0,2,0,0,1,1,3,3,3,0,3,0,0,2,4
4773,4,1,4,0,0,0,0,0,0,1,4,4,2,0,1,1,1,1
4774,4,1,3,1,0,4,0,3,0,4,4,4,2,4,1,2,4,2
4775,1,2,3,1,3,1,0,2,2,2,3,2,3,2,4,3,3,2
4776,0,1,2,0,0,1,0,0,4,2,0,2,0,0,4,0,0,0
4777,4,3,0,0,1,1,0,0,4,4,4,4,4,3,2,4,0,4
4778,1,3,4,0,1,3,0,3,4,3,1,3,0,3,2,4,3,2
4779,0,2,1,0,0,4,0,0,2,4,3,4,3,2,1,4,4,0
4780,0,3,0,0,1,0,0,0,0,3,4,3,0,4,0,0,4,0
4781,1,2,1,0,4,1,0,4,3,2,4,3,3,3,2,1,4,4
4782,4,1,4,0,2,3,0,1,0,4,1,2,1,1,3,1,2,2
4783,0,0,0,0,0,0,0,0,0,1,1,3,0,0,0,0,0,0
4784,1,2,4,2,0,2,0,0,1,2,1,1,4,4,3,0,0,3
4785,0,0,0,0,0,0,0,4,1,2,1,2,0,4,2,0,4,0
4786,2,4,0,0,3,3,0,3,1,2,1,2,1,3,4,3,3,1
4787,0,0,0,0,0,0,0,0,0,1,3,3,0,0,0,0,0,0
4788,2,4,1,1,0,2,0,0,0,3,4,2,2,0,3,1,0,0
4789,0,0,0,1,0,3,0,0,0,4,0,1,0,0,1,0,0,0
4790,0,1,0,0,1,1,0,0,0,1,3,3,0,1,1,0,3,0
4791,0,3,2,0,0,1,0,0,4,3,1,3,1,0,3,1,0,2
4792,0,2,1,2,0,1,0,0,2,3,0,1,1,0,1,1,0,1
4793,0,4,1,0,1,0,0,4,3,3,3,3,0,1,4,0,4,4
4794,0,1,0,0,4,1,0,0,0,4,2,4,0,3,0,0,3,0
4795,0,2,4,0,2,2,0,2,1,3,3,3,4,4,4,0,3,0
4796,0,4,0,4,0,4,0,1,0,1,1,1,1,4,4,0,1,0
4797,2,2,1,0,0,3,0,0,4,4,0,2,3,0,2,4,0,2
4798,0,1,2,0,0,1,0,0,0,3,0,3,1,0,3,1,0,1
4799,3,2,3,2,1,4,0,0,0,4,1,4,2,4,1,2,2,4
4800,3,3,3,0,0,3,0,0,2,4,0,4,3,0,4,2,0,0
4801,0,4,2,0,1,2,0,2,2,3,2,2,4,4,4,0,3,0
4802,4,3,4,0,0,4,0,4,4,4,4,2,1,3,3,2,2,2
4803,0,2,0,0,3,0,3,1,3,3,3,3,0,2,4,0,4,3
4804,0,4,4,0,4,3,0,3,4,2,2,3,0,4,0,0,1,0
4805,0,3,0,0,2,2,0,0,0,3,2,2,0,3,3,0,4,0
4806,0,1,0,0,2,0,0,1,0,1,3,2,0,4,3,0,3,0
4807,0,3,0,0,3,0,0,0,0,3,2,1,0,1,0,0,1,0
4808,1,2,3,2,0,1,0,0,1,1,2,3,2,0,3,2,4,1
4809,0,1,0,0,3,0,0,1,0,4,2,3,0,3,3,0,4,0
4810,4,1,4,0,4,4,2,1,1,4,3,4,2,4,1,4,0,0
4811,2,3,1,2,4,4,0,0,0,3,4,3,2,0,1,2,4,3
4812,3,1,1,0,0,1,0,0,1,4,0,3,1,0,3,4,0,4
4813,0,2,2,0,0,2,0,0,0,3,0,2,0,0,4,1,0,1
4814,1,4,1,1,1,0,0,0,1,2,1,1,1,1,2,4,0,0
4815,0,2,0,0,0,4,0,0,1,3,3,2,4,0,1,1,1,0
4816,0,2,0,0,4,3,0,0,3,1,2,3,3,3,1,0,3,4
4817,0,1,0,0,0,0,0,2,2,3,2,2,0,3,1,0,2,0
4818,3,1,1,2,1,1,0,0,0,3,4,2,4,3,4,2,1,1
4819,0,0,0,0,1,0,0,0,4,0,1,1,0,1,0,0,0,0
4820,1,1,2,2,0,4,0,0,0,4,0,1,2,0,3,3,0,3
4821,3,4,2,4,0,4,0,0,0,4,1,4,1,0,1,4,4,4
4823,4,1,4,0,0,1,0,0,0,2,0,2,1,0,2,3,0,2
4824,0,2,2,0,0,1,0,0,0,4,1,2,3,1,2,2,0,0
4826,3,1,1,0,0,3,0,0,4,2,4,4,1,0,3,4,0,3
4827,1,4,3,0,0,4,0,0,4,2,4,4,3,0,2,2,0,4
4828,1,4,0,2,3,1,0,0,3,3,2,4,0,3,1,4,1,0
4829,0,2,1,3,0,1,0,0,0,2,1,2,3,4,3,0,0,1
4830,0,1,3,0,4,3,0,0,4,4,4,1,4,1,3,3,0,3
4831,0,1,4,0,4,1,0,2,2,3,4,3,0,2,2,0,1,4
4832,0,1,2,0,0,2,0,0,1,3,2,3,1,3,3,0,3,0
4833,1,1,1,0,4,2,0,0,4,1,1,1,1,0,3,1,1,1
4835,4,1,3,1,0,3,0,0,0,2,1,2,4,4,2,1,1,1
4836,0,4,0,0,3,1,0,0,0,2,2,3,0,3,1,0,1,0
4837,0,2,3,0,0,1,0,0,0,2,4,4,2,4,4,4,3,4
4838,4,3,3,1,0,1,0,0,1,2,2,3,4,2,1,0,2,4
4839,0,2,1,0,0,2,0,4,0,3,2,2,1,2,1,0,2,0
4840,0,1,0,0,3,0,0,4,0,3,3,3,0,2,0,0,2,4
4841,4,4,4,0,0,4,0,0,0,3,1,4,1,0,4,0,0,0
4842,0,1,0,0,1,0,0,1,0,3,1,2,0,1,4,0,1,0
4843,1,3,4,4,0,3,0,0,0,4,2,4,2,2,2,0,4,3
4844,0,3,0,0,4,0,0,3,0,2,1,2,0,1,4,0,2,0
4845,0,4,0,0,0,1,0,2,2,1,1,3,0,4,0,0,1,0
4846,0,1,0,0,1,0,0,0,0,1,2,3,0,1,1,0,1,0
4847,0,3,1,1,0,3,0,0,3,2,4,4,1,4,1,4,4,4
4848,2,0,4,3,0,1,0,0,1,2,0,4,2,0,1,3,0,1
4849,0,4,1,1,0,2,0,4,2,2,4,3,1,0,4,4,0,1
4850,0,2,1,4,4,4,4,4,2,4,3,3,1,4,3,0,4,1
4851,0,4,0,1,0,3,0,0,0,1,0,3,3,0,4,0,0,0
4852,3,2,4,0,0,3,0,0,0,1,0,2,1,0,4,4,0,1
4853,1,1,3,1,2,2,0,2,0,3,4,3,2,4,4,4,4,3
4854,0,1,1,0,1,2,0,0,2,3,3,2,0,1,1,0,2,0
4855,1,1,3,0,0,4,0,0,0,2,1,3,0,0,1,1,0,0
4856,0,3,0,0,3,0,0,1,0,2,1,2,0,2,4,0,1,0
4857,0,1,4,0,2,0,0,2,1,4,1,1,4,1,4,0,2,1
4858,0,1,1,4,0,4,0,0,4,2,1,1,2,0,3,0,0,1
4859,0,4,4,0,0,0,0,1,0,3,4,3,4,2,1,0,4,0
4860,4,2,2,3,0,3,0,0,0,2,4,2,2,4,4,4,0,4
4861,4,3,4,0,0,3,0,0,0,2,4,4,4,0,3,0,4,4
4862,0,1,0,0,3,1,0,3,1,2,3,3,4,4,4,4,1,4
4863,0,2,1,0,0,3,0,0,0,2,1,1,1,0,1,2,0,4
4864,0,0,1,0,0,4,0,0,0,1,0,1,1,0,3,0,0,0
4865,4,2,4,0,0,3,0,0,0,3,4,2,4,0,2,4,1,4
4866,0,4,1,3,0,3,0,0,0,3,0,2,1,4,2,4,0,3
4867,0,3,0,0,0,1,0,0,0,1,1,2,2,4,2,4,4,2
4868,1,1,4,0,4,1,0,0,0,3,3,4,1,1,2,1,3,0
4869,0,3,0,0,1,0,0,0,0,2,2,3,0,0,0,0,3,0
4870,0,2,3,4,0,0,0,4,0,4,2,2,0,1,1,0,1,0
4871,0,2,0,0,3,4,1,0,4,2,2,3,0,1,1,0,3,0
4872,0,2,4,0,1,0,0,3,0,4,3,3,0,2,4,0,1,0
4873,4,0,3,0,0,2,0,0,1,2,4,4,3,0,4,4,0,4
4874,0,4,1,0,0,4,0,1,1,2,1,2,1,2,2,0,2,4
4875,0,2,1,1,0,3,0,4,1,1,4,2,4,4,4,1,4,2
4876,0,3,1,0,0,2,0,3,1,1,3,2,3,1,4,0,4,2
4877,3,1,2,4,0,4,0,4,1,1,4,1,3,1,2,1,4,1
4878,0,4,4,0,4,0,0,1,0,2,4,3,1,2,2,4,1,1
4879,0,2,0,0,0,1,0,2,1,2,4,3,1,1,4,0,4,0
4880,1,2,3,4,4,4,0,0,0,1,2,3,4,2,1,0,4,3
4881,3,3,4,4,0,3,0,4,4,2,3,2,3,4,1,3,2,4
4882,1,3,0,0,0,4,0,1,4,2,2,2,3,2,1,1,1,1
4883,0,2,0,0,4,1,0,1,0,1,1,1,3,1,3,0,3,4
4884,1,4,3,1,0,3,0,0,4,2,4,4,2,1,4,4,0,4
4885,0,0,0,0,3,0,0,0,0,3,4,2,4,3,1,0,4,4
4886,0,3,0,0,1,0,1,3,4,4,3,2,0,3,0,0,3,0
4887,2,1,0,2,0,1,0,0,0,3,1,1,4,3,3,1,0,3
4888,1,2,2,0,0,1,0,0,0,2,4,3,3,4,2,1,1,1
4889,4,2,1,0,0,2,4,4,3,4,2,2,3,4,1,3,2,3
4890,0,2,4,0,4,2,3,3,2,3,3,3,4,2,3,0,3,3
4891,0,2,0,0,4,1,0,1,4,2,1,2,0,1,2,0,4,0
4892,0,1,1,0,3,4,0,0,0,2,3,2,0,0,1,0,2,0
4893,0,1,0,0,1,0,0,4,4,2,2,2,0,3,0,0,2,0
4894,1,3,4,1,0,3,0,0,1,1,0,3,3,0,4,1,0,3
4895,0,4,0,0,0,4,4,0,2,4,0,2,4,0,4,0,0,0
4896,1,4,3,4,2,3,0,1,0,3,2,3,1,3,4,0,4,0
4897,0,4,0,0,0,4,0,3,4,2,2,1,0,3,1,4,3,0
4898,3,3,1,0,0,2,0,0,0,1,4,3,3,4,1,2,0,4
4899,0,4,0,0,4,0,2,2,3,1,4,4,0,4,0,0,3,0
4900,4,1,4,3,0,1,0,4,0,2,4,2,1,0,1,4,4,1
4901,0,3,0,0,2,0,0,0,0,3,3,3,0,2,0,0,4,0
4902,0,4,1,1,1,3,1,3,3,2,3,3,1,3,4,0,3,3
4903,0,1,0,0,1,2,0,0,1,3,1,2,1,1,1,1,3,0
4904,0,2,1,0,0,4,0,1,4,1,4,2,1,1,1,1,2,2
4905,3,2,4,4,0,3,0,0,2,4,4,3,4,0,2,0,0,4
4906,0,4,0,0,0,1,0,1,4,3,3,2,1,2,3,0,1,0
4907,4,2,3,0,0,3,0,0,1,2,4,2,3,4,4,4,4,4
4908,0,3,0,0,2,0,0,1,4,3,4,4,0,2,4,0,1,4
4909,4,3,4,3,0,3,0,0,0,2,0,4,4,0,2,3,0,3
4910,4,2,4,0,0,1,0,0,4,4,3,3,1,4,4,3,2,3
4911,0,1,1,1,4,1,0,0,0,3,4,2,0,1,0,0,1,0
4912,3,4,2,2,0,4,0,0,3,1,0,4,2,0,2,2,0,4
4913,1,1,3,4,0,2,0,1,2,2,3,2,1,4,2,1,4,4
4914,4,3,0,0,1,4,0,4,0,3,3,3,3,2,4,0,4,1
4915,0,4,0,4,0,2,0,0,0,3,0,2,3,0,4,3,0,0
4916,0,2,0,0,2,0,0,0,4,3,3,1,1,2,4,0,4,1
4917,0,4,4,0,1,3,0,2,0,1,3,2,2,1,2,0,1,4
4918,0,2,1,0,1,1,4,1,1,3,3,2,0,3,1,0,4,0
4919,0,1,0,0,4,4,0,1,2,2,1,2,0,1,3,0,1,0
4920,0,1,4,0,3,4,0,4,0,3,1,2,4,1,4,0,0,0
4921,0,0,0,0,2,0,0,0,0,2,2,3,0,3,0,0,1,0
4922,1,2,1,1,4,2,0,0,0,4,1,1,3,1,3,2,1,4
4923,0,4,0,0,0,0,0,0,1,3,4,3,0,4,0,0,2,0
4924,0,1,1,0,4,1,0,0,0,1,2,2,0,3,1,1,3,0
4925,4,2,3,0,0,2,1,1,4,3,4,2,2,0,3,4,0,2
4927,2,3,2,1,1,4,0,0,0,1,2,1,1,1,3,4,4,2
4928,0,1,0,0,0,0,0,1,0,1,1,1,0,1,0,0,1,0
4929,0,3,1,0,1,3,0,1,1,3,1,2,0,3,1,0,1,0
4930,2,3,1,0,0,3,0,4,4,4,2,4,2,1,1,0,4,3
4931,0,2,0,0,1,1,0,4,0,3,3,4,4,4,0,0,4,0
4932,0,4,0,0,4,0,0,0,0,2,2,3,0,4,4,0,2,0
4933,1,1,2,0,0,1,0,0,1,1,4,1,2,1,2,4,4,3
4934,0,3,0,0,4,4,0,4,0,1,3,3,0,2,4,0,2,0
4935,0,1,4,3,0,1,0,0,0,1,1,1,1,0,2,1,0,2
4936,0,4,4,4,0,1,0,0,3,2,1,1,4,3,1,3,1,1
4937,0,4,0,0,1,0,1,3,4,2,2,2,0,3,1,0,3,4
4938,0,0,2,0,0,3,0,3,3,2,3,4,4,1,2,1,4,3
4939,4,2,4,4,0,2,0,0,0,3,4,4,2,1,4,1,0,4
4940,4,1,1,0,0,1,0,1,0,1,1,1,4,0,4,1,4,0
4941,0,3,2,0,0,3,0,0,0,4,4,2,3,1,2,0,4,0
4942,0,1,0,1,4,0,0,0,0,3,4,4,0,2,0,0,3,0
4943,4,3,3,0,4,2,0,3,3,3,4,3,3,4,2,4,4,3
4944,0,1,4,3,1,2,0,4,1,4,1,4,4,1,3,1,3,3
4945,0,1,0,0,3,0,0,0,0,2,3,2,0,4,4,0,0,0
4946,0,1,3,0,0,1,0,4,4,4,1,1,3,4,4,3,4,1
4947,3,3,3,1,0,3,0,0,0,1,1,1,3,1,2,0,3,3
4948,0,4,0,0,0,0,0,3,0,4,4,4,0,4,4,0,4,0
4949,0,4,4,0,3,2,0,0,3,4,1,4,3,1,1,0,1,1
4950,0,4,0,0,0,4,0,0,0,3,1,2,0,2,4,4,4,0
4951,0,2,3,0,4,0,0,0,0,2,3,2,0,1,4,0,1,0
4952,0,1,1,0,1,4,0,1,0,1,1,1,0,1,2,0,4,0
4953,0,2,1,0,0,4,0,0,3,2,4,3,2,0,1,0,1,0
4954,1,2,1,4,0,3,0,0,4,4,2,1,3,4,4,1,0,4
4955,3,3,1,0,3,2,4,0,3,2,3,1,2,4,2,1,1,3
4956,0,3,0,0,1,3,0,0,1,2,2,3,0,1,1,0,3,0
4957,0,1,1,0,1,1,0,0,0,2,1,1,0,2,4,0,2,0
4958,0,4,1,0,0,3,0,0,4,2,0,2,4,0,1,0,0,0
4959,4,2,1,4,4,1,0,0,4,3,1,4,3,1,2,4,4,4
4960,0,1,0,0,4,0,0,2,3,2,2,1,0,2,0,0,1,0
4961,0,1,4,0,0,0,0,4,0,3,3,2,0,1,1,0,2,0
4962,0,2,0,0,4,4,0,2,2,2,3,2,0,3,2,0,3,0
4963,0,1,2,0,0,4,0,0,1,1,4,2,3,0,2,1,0,0
4964,0,2,0,0,4,0,0,1,1,3,3,4,0,1,0,0,4,0
4965,3,4,4,1,4,4,0,0,0,2,1,3,3,4,3,2,3,3
4966,4,1,1,0,0,3,0,0,0,3,1,2,3,4,2,4,0,2
4967,0,1,4,0,0,1,4,4,3,1,4,4,1,4,3,0,4,1
4968,0,4,4,1,1,0,0,0,0,1,3,2,0,4,2,0,3,1
4969,0,0,0,0,1,0,0,0,0,3,1,2,3,0,3,0,0,0
4970,1,1,1,4,0,3,0,1,2,1,1,1,2,1,2,2,1,4
4971,4,1,1,4,4,1,0,0,0,2,1,1,2,1,2,4,1,4
4972,0,4,0,0,0,1,0,4,4,2,4,3,0,4,1,0,3,0
4973,0,4,0,0,0,0,0,1,0,3,3,3,4,1,0,0,2,0
4974,3,2,1,0,2,2,0,0,1,2,1,3,3,1,3,4,1,2
4975,2,2,0,2,0,2,0,0,1,2,0,4,3,0,2,1,0,1
4976,0,1,0,0,0,0,1,1,2,2,4,4,0,2,0,0,3,0
4977,0,3,2,0,0,1,0,0,0,3,1,4,3,0,1,3,0,0
4978,0,3,4,0,3,0,0,2,4,2,3,2,1,4,3,0,3,4
4979,0,4,4,0,0,1,0,4,1,4,4,3,1,0,1,4,4,0
4980,4,2,2,4,1,3,0,1,1,1,1,1,3,1,2,2,0,2
4981,1,1,4,2,0,2,1,0,2,1,4,2,3,0,2,4,0,4
4982,4,4,1,1,0,3,0,1,0,4,1,2,2,1,1,0,1,0
4983,0,2,0,0,2,1,0,0,0,2,1,2,0,2,4,0,4,0
4984,1,1,2,2,0,3,0,0,2,3,4,2,4,4,3,3,4,4
4985,1,3,4,4,0,2,0,0,1,3,0,2,2,0,2,2,0,4
4986,0,4,0,0,4,0,0,1,3,1,2,2,4,1,1,0,1,0
4987,0,3,0,0,4,0,0,0,3,2,1,4,0,4,2,0,4,0
4988,4,1,3,4,4,4,3,4,4,2,0,1,2,4,4,4,4,4
4989,4,3,2,3,0,2,0,0,4,1,3,2,3,3,3,1,3,3
4990,0,1,0,0,1,1,0,0,0,2,3,3,4,1,4,4,1,4
4991,0,2,1,0,0,1,0,0,0,4,3,3,0,4,0,0,1,0
4992,0,2,2,0,0,1,0,0,0,2,1,2,1,0,2,0,0,2
4993,0,1,0,0,1,4,0,0,3,3,2,2,0,4,1,0,2,0
4994,2,3,4,1,4,3,0,0,4,4,1,3,4,4,4,4,4,4
4995,0,3,1,3,4,4,0,0,0,2,1,1,4,1,2,0,4,4
4996,0,3,0,0,2,0,0,0,0,2,1,2,0,3,1,0,2,0
4997,3,1,4,0,0,2,0,1,1,3,2,2,4,1,4,4,3,4
4998,1,3,0,0,4,1,0,1,2,3,3,2,4,1,2,0,1,4
4999,0,1,0,0,1,0,0,0,0,3,1,2,0,2,0,0,3,0
5000,0,4,0,0,3,0,0,0,0,3,3,4,0,2,4,0,4,4
5001,0,3,0,0,4,0,0,4,4,4,1,3,0,2,4,0,1,0
5002,0,1,0,0,2,4,0,0,0,1,2,2,0,4,0,0,4,0
5003,1,4,1,3,4,3,0,0,0,4,2,2,4,1,3,1,2,0
5004,0,3,0,1,0,1,0,0,0,2,2,2,2,0,1,1,1,4
5005,0,1,0,1,1,1,0,1,4,3,1,1,3,0,2,0,4,4
5006,1,3,3,0,4,3,0,4,0,4,1,2,2,1,2,0,2,4
5007,1,2,0,4,0,4,0,0,0,3,0,3,3,0,1,1,0,1
5008,0,2,4,0,1,0,0,0,0,3,1,2,4,3,4,0,1,4
5009,1,4,2,0,0,0,0,1,0,4,4,4,0,2,1,1,4,4
5010,0,4,2,0,4,4,0,1,1,4,1,4,4,2,3,0,1,1
5011,0,0,0,0,4,0,0,1,0,3,3,1,2,4,3,0,1,0
5012,2,3,3,3,1,4,0,3,0,3,1,2,2,4,1,4,1,4
5013,0,2,0,0,4,4,1,4,2,1,2,3,4,4,1,0,3,0
5014,0,1,4,0,4,2,0,0,0,3,4,4,0,4,2,1,4,4
5015,4,4,1,0,0,4,0,0,4,2,2,2,3,0,4,3,0,1
5016,4,4,2,0,0,4,0,0,1,3,4,4,4,0,4,0,0,4
5017,0,4,0,0,2,0,0,1,1,2,1,3,0,4,4,0,3,0
5018,0,2,0,0,4,1,0,0,0,3,3,3,4,4,1,0,4,0
5019,0,3,4,1,3,0,0,3,4,2,1,2,4,2,1,4,2,4
5020,0,3,1,0,0,0,0,4,2,4,3,3,0,2,1,0,2,0
5021,0,2,2,0,4,3,0,2,2,4,3,2,4,1,1,0,1,3
5022,1,3,2,1,0,1,0,0,0,4,4,4,2,1,2,1,1,2
5023,1,2,1,0,1,3,0,3,2,3,1,3,0,3,1,0,3,0
5024,0,4,0,0,1,0,0,4,0,2,2,4,0,1,0,0,4,0
5025,2,1,2,1,0,3,0,3,1,1,2,2,3,4,1,1,3,2
5026,3,3,1,4,0,0,0,0,0,3,0,3,2,0,1,1,0,4
5027,1,3,3,4,2,1,0,0,2,3,4,2,1,1,1,1,1,3
5028,0,1,4,1,0,2,2,4,2,4,4,4,2,4,4,1,2,1
5029,0,3,1,0,1,3,0,3,1,3,3,2,4,1,1,0,4,4
5030,3,2,3,0,2,3,2,1,2,2,2,1,1,1,3,1,1,0
5031,0,3,0,0,0,1,0,0,4,4,1,2,1,4,4,0,4,0
5032,3,4,1,1,0,1,0,0,1,3,4,3,2,0,3,2,0,0
5033,1,3,3,3,1,2,0,0,0,2,3,2,3,4,3,1,2,1
5034,0,1,4,0,0,0,0,1,1,1,4,3,0,4,0,0,2,0
5035,0,3,1,1,2,3,0,0,0,4,2,3,1,4,2,3,1,3
5036,1,1,1,0,1,1,0,2,1,3,2,2,0,3,2,0,3,4
5037,0,2,0,0,0,1,1,4,2,3,4,2,0,3,0,0,3,0
5038,1,3,1,0,0,1,0,4,0,2,4,2,1,4,1,1,4,0
5039,0,4,1,0,1,0,4,2,4,1,2,1,0,1,1,0,4,0
5040,0,1,1,0,0,4,0,0,0,1,4,1,4,4,1,0,0,0
5041,4,2,2,4,0,3,0,0,1,4,2,1,4,4,1,4,0,1
5042,0,2,1,0,1,3,0,2,4,1,1,2,0,4,1,0,2,0
5043,0,1,0,0,0,0,0,2,0,1,3,3,0,3,1,0,4,0
5044,2,4,3,4,1,4,2,0,1,3,1,3,4,2,2,1,1,3
5045,0,3,0,0,1,0,0,4,0,1,2,2,0,3,0,0,1,0
5046,0,4,0,0,1,0,0,0,0,2,2,4,0,1,0,0,1,0
5047,4,1,3,0,0,3,0,0,1,4,1,1,2,4,2,1,0,0
5048,1,2,4,2,0,1,0,4,1,3,4,4,4,4,3,1,4,0
5049,0,1,1,0,2,4,0,4,4,3,3,3,4,2,1,0,2,0
5050,0,2,4,0,4,0,1,2,1,1,1,2,0,2,1,0,2,0
5051,4,1,0,0,3,4,0,0,2,1,2,1,1,1,1,0,1,0
5052,0,1,1,0,3,0,0,3,0,2,2,2,0,4,0,0,2,0
5053,0,1,1,4,1,1,0,0,0,3,1,3,4,0,1,0,1,4
5054,0,4,0,0,0,0,0,2,0,3,2,2,0,1,0,0,2,4
5055,0,3,0,0,4,0,0,0,0,3,2,2,0,4,0,0,2,0
5056,0,1,4,0,2,0,0,4,4,1,3,2,0,1,1,0,1,3
5057,3,4,2,4,0,2,0,0,0,1,0,2,1,0,3,3,0,1
5058,0,4,0,0,3,0,4,3,4,4,3,2,0,2,0,0,3,4
5059,0,1,0,0,4,0,0,0,1,1,3,3,0,4,0,0,1,0
5060,4,0,2,0,1,2,0,0,1,3,2,3,3,0,4,4,4,0
5061,3,4,4,0,2,3,0,1,3,3,4,4,0,2,4,0,2,1
5062,0,2,1,0,0,2,0,0,3,2,0,2,3,1,4,0,0,4
5063,1,1,1,0,0,3,0,0,2,2,1,2,3,1,2,4,1,4
5064,0,3,0,0,2,1,0,0,0,3,3,3,0,4,4,0,4,1
5065,0,4,0,0,4,4,3,4,4,4,4,4,0,4,4,0,4,4
5066,0,1,1,0,0,4,0,0,1,1,1,2,4,1,4,1,0,0
5067,0,4,1,0,0,1,0,0,0,1,1,2,0,2,1,0,1,0
5068,0,1,1,0,0,4,0,1,0,2,3,3,1,1,0,0,2,4
5069,0,4,0,0,0,4,0,4,0,4,1,2,0,4,4,0,4,0
5070,0,4,0,0,1,0,0,4,0,2,3,3,0,4,1,0,2,0
5071,0,1,4,0,4,0,0,1,1,3,1,2,0,1,0,0,1,0
5072,4,1,0,1,4,1,0,0,3,3,1,3,1,0,4,1,3,2
5073,0,3,2,0,0,1,0,0,2,4,4,4,3,4,1,1,4,0
5074,0,2,4,0,0,4,0,0,4,1,4,2,3,4,2,4,0,0
5075,0,1,4,0,4,2,0,3,0,2,1,2,0,1,2,4,2,1
5076,0,2,0,0,0,2,0,0,1,1,4,2,4,4,0,4,4,0
5078,0,3,1,0,0,0,0,4,4,3,4,4,2,4,0,2,4,1
5079,0,1,2,2,0,2,0,0,0,1,1,3,2,0,3,2,4,4
5080,0,1,2,0,1,0,0,4,4,2,2,3,0,1,4,0,1,4
5081,0,4,4,0,0,4,0,0,1,3,4,4,2,2,4,4,0,4
5082,4,1,0,0,0,4,0,0,0,2,1,1,1,0,1,1,0,2
5083,0,4,0,4,0,2,0,0,0,3,0,1,3,0,4,1,0,0
5084,0,1,0,0,1,4,1,2,4,1,4,3,0,4,3,0,2,0
5085,0,4,0,0,0,4,0,0,1,4,4,4,0,4,4,0,1,0
5086,4,3,3,0,0,4,0,0,0,2,4,4,1,1,1,3,0,1
5087,1,3,0,0,1,1,0,4,1,3,3,3,0,1,1,0,1,0
5088,3,1,1,0,0,1,0,0,0,3,1,1,2,0,3,4,0,4
5089,0,4,4,0,1,0,0,3,4,2,3,2,0,3,4,0,1,4
5090,0,2,0,0,0,0,0,0,0,2,2,3,0,2,1,0,3,0
5091,3,1,3,0,0,4,0,0,1,2,4,1,2,0,1,2,0,1
5092,4,3,1,0,0,1,0,0,0,4,0,4,1,0,2,3,0,1
5093,0,3,0,0,3,4,0,4,0,1,2,3,0,4,0,0,3,0
5094,0,1,1,0,1,1,0,2,1,4,2,1,4,4,2,1,4,1
5095,0,4,0,0,4,0,0,0,0,4,3,4,0,3,0,0,4,0
5096,4,4,2,4,0,4,0,0,2,4,1,4,3,1,3,3,0,1
5098,1,1,1,0,0,3,0,0,2,1,4,3,3,0,1,4,0,0
5099,4,4,4,1,0,3,0,0,4,2,4,3,3,1,3,2,4,2
5100,0,1,4,0,0,0,0,0,0,1,2,3,0,4,1,0,0,0
5101,0,1,1,0,1,1,0,1,1,2,2,2,0,2,3,0,3,1
5102,0,3,1,0,2,1,0,1,1,2,1,3,1,2,1,0,1,1
5103,4,4,4,0,0,2,0,4,3,2,4,4,2,0,4,1,0,0
5104,0,2,1,1,2,1,0,3,1,3,4,3,0,3,4,0,2,4
5105,1,4,4,0,0,4,0,4,4,3,4,4,1,4,3,3,4,4
5106,1,2,3,0,0,2,0,0,1,1,4,3,2,0,1,4,0,0
5107,0,2,2,0,0,2,0,4,4,1,1,1,4,0,3,4,4,0
5108,0,1,0,0,2,4,0,0,0,4,1,3,0,4,0,4,4,0
5109,0,3,0,0,3,1,0,3,0,2,2,4,0,2,1,0,1,0
5110,0,3,0,0,1,1,0,3,0,2,3,2,4,2,1,0,3,0
5111,4,1,1,2,4,2,0,1,1,2,2,2,2,2,1,1,3,2
5112,0,4,0,0,4,0,0,0,0,3,4,3,0,4,1,0,2,0
5113,0,4,2,0,1,0,0,4,0,1,2,3,2,4,2,0,1,4
5114,4,4,3,0,0,3,0,0,0,2,3,2,2,1,2,0,4,1
5115,4,1,3,0,0,1,0,0,0,2,4,1,1,1,3,0,4,0
5116,0,1,4,1,4,1,0,3,0,1,1,1,0,3,1,0,1,0
5117,0,1,1,0,1,1,0,1,1,3,2,1,0,2,0,0,3,4
5118,0,4,0,0,0,0,1,3,1,1,1,3,0,4,0,0,1,0
5119,0,1,0,4,3,1,1,2,1,1,1,1,0,2,4,0,1,0
5120,2,1,3,4,4,2,0,0,0,3,4,2,4,4,2,0,0,0
5121,4,4,0,0,1,4,0,3,1,1,3,3,4,2,3,0,2,0
5122,0,4,4,0,3,0,0,0,1,3,3,4,4,4,1,0,4,0
5123,0,4,1,0,1,1,0,3,1,4,3,3,0,3,3,0,4,1
5124,3,2,2,1,0,3,0,0,1,1,3,2,1,0,1,1,0,2
5125,0,4,0,0,1,0,0,2,1,3,3,3,0,3,1,0,2,0
5126,0,1,1,0,3,2,4,2,4,2,1,2,1,3,2,0,3,0
5127,0,4,2,4,4,3,0,0,0,4,4,4,3,4,2,4,4,4
5128,0,3,0,0,1,0,0,0,0,3,2,3,0,4,1,0,2,4
5129,0,1,0,0,0,0,0,0,0,4,2,2,3,4,4,1,3,0
5130,0,3,0,0,4,4,0,0,0,3,3,3,0,2,0,0,1,0
5131,0,1,0,0,0,0,0,0,0,1,3,1,0,1,0,0,4,0
5132,4,2,3,1,0,3,0,1,0,1,1,1,1,2,3,3,4,4
5133,0,2,4,4,4,3,0,1,0,1,2,2,4,3,2,1,3,1
5134,0,1,4,0,3,2,0,0,0,3,2,2,0,1,3,0,3,0
5135,0,2,0,0,2,3,0,1,0,4,2,1,0,3,0,0,3,0
5136,0,1,0,0,4,0,0,1,1,2,1,1,0,4,3,0,2,0
5137,0,4,0,0,4,0,0,1,0,4,4,4,0,4,0,0,2,0
5138,0,3,0,0,2,0,0,0,0,4,1,2,0,1,1,0,1,0
5139,0,1,0,0,4,1,0,0,1,2,1,3,1,1,1,0,1,0
5140,0,0,0,0,0,0,0,0,0,4,2,3,0,4,0,0,0,0
5141,0,2,1,0,2,4,0,2,2,1,4,3,0,3,1,0,2,4
5142,4,1,1,2,0,2,0,0,1,3,4,4,2,0,2,1,0,1
5143,4,3,2,1,0,0,0,0,0,1,1,2,3,0,1,3,0,2
5144,4,4,1,2,0,2,0,0,1,4,1,1,1,1,2,4,0,1
5145,0,4,4,0,4,4,0,0,0,3,3,4,0,1,1,0,1,0
5146,2,3,2,0,0,1,0,0,2,1,4,4,4,0,2,1,0,4
5147,0,4,4,0,1,0,0,1,4,2,2,3,4,3,1,0,4,0
5148,4,3,4,0,0,4,0,0,1,1,1,1,3,2,4,1,1,1
5149,0,1,1,0,2,0,0,0,0,2,2,3,1,1,1,0,4,0
5150,3,2,2,0,0,2,0,0,0,2,1,3,1,0,1,4,1,3
5151,1,1,1,0,4,1,0,0,0,1,4,2,3,1,2,1,4,1
5152,0,4,0,0,4,0,0,0,0,3,1,3,1,1,1,0,4,0
5153,0,2,1,0,0,0,0,0,4,4,3,3,1,4,1,0,4,0
5154,0,0,0,0,1,0,0,0,1,4,3,2,0,2,0,0,2,0
5155,0,2,1,1,0,4,0,0,1,1,0,3,3,0,3,1,0,1
5156,1,2,0,1,0,1,0,4,1,3,2,2,1,2,4,0,2,0
5157,0,4,0,0,1,3,4,1,4,2,1,2,0,2,0,0,3,4
5158,0,4,1,4,0,2,0,0,0,3,0,4,4,0,4,4,0,2
5159,4,4,3,0,1,3,0,0,0,1,0,2,2,4,1,0,0,1
5160,0,4,0,0,1,1,0,4,1,4,4,4,1,2,4,4,3,4
5161,4,4,3,4,0,4,0,0,0,2,0,3,4,0,4,0,0,3
5162,0,2,0,0,4,0,0,4,0,4,4,3,4,3,1,0,4,4
5163,0,1,0,0,0,0,0,1,0,2,3,3,0,4,4,0,1,0
5164,0,2,0,0,1,4,0,0,1,2,1,2,0,1,1,0,2,0
5165,2,4,2,0,0,1,0,0,2,4,0,2,4,0,3,1,0,4
5166,1,2,4,2,0,3,0,0,1,4,4,4,4,0,4,4,0,3
5167,4,3,4,4,0,4,0,0,4,3,0,3,2,0,2,3,0,4
5168,1,4,0,0,0,0,0,0,0,0,3,3,0,3,1,0,0,0
5169,0,3,1,4,0,1,0,0,0,3,0,4,4,0,1,0,0,0
5170,0,0,0,0,3,0,0,0,0,4,2,3,0,4,0,0,4,0
5171,1,3,1,0,0,1,0,0,0,1,3,2,3,4,3,1,1,0
5172,2,3,4,0,0,2,0,0,0,3,4,1,1,4,2,1,1,2
5173,0,1,2,4,2,3,0,3,4,4,2,2,0,1,2,0,3,0
5174,1,2,3,0,0,3,0,1,0,1,1,2,2,1,2,2,1,4
5175,0,2,0,0,0,0,0,1,3,2,2,3,0,3,1,0,2,0
5176,0,1,1,0,0,1,1,0,0,3,4,3,1,1,1,1,4,0
5177,0,4,4,0,0,3,4,0,1,2,4,4,1,0,4,1,0,0
5178,0,2,1,0,0,2,0,4,4,2,1,3,2,0,1,1,4,2
5179,0,0,0,0,3,0,0,0,0,3,2,1,0,0,0,0,0,0
5180,0,3,2,0,1,4,0,4,1,3,3,2,0,2,4,0,3,0
5181,0,1,1,1,0,2,0,0,1,2,1,1,1,1,1,1,0,2
5182,1,4,0,0,0,2,0,0,1,2,1,3,1,4,3,4,0,2
5183,0,0,0,0,0,0,0,0,0,2,2,1,0,0,0,0,4,0
5184,1,1,1,4,0,3,0,0,3,4,4,4,3,0,2,2,4,1
5185,0,2,0,0,4,0,0,4,4,1,3,3,0,3,1,0,3,3
5186,0,1,4,0,3,4,0,1,0,3,3,3,2,2,1,2,2,1
5187,4,1,2,0,0,2,0,0,2,3,1,4,2,4,2,1,0,1
5188,0,4,0,0,4,0,0,4,0,1,2,2,0,3,4,0,1,0
5189,2,3,0,0,0,0,0,2,0,3,4,2,1,4,2,1,2,0
5190,0,4,0,0,1,4,0,4,0,1,2,2,0,2,4,0,1,0
5191,0,1,4,0,1,1,4,3,4,4,4,4,0,3,1,0,3,0
5192,0,3,0,0,4,0,0,0,0,3,2,2,0,4,0,0,4,0
5193,0,1,1,0,1,2,0,1,1,2,3,1,0,1,0,0,3,4
5194,4,1,1,1,0,4,2,0,4,2,1,3,4,0,1,0,0,0
5195,2,3,4,4,0,1,0,1,1,3,4,2,1,4,3,4,4,2
5196,0,3,4,1,4,4,0,0,0,3,1,4,1,0,1,4,0,1
5197,0,3,0,0,0,4,0,0,1,2,4,4,4,0,4,0,1,0
5198,0,4,0,0,0,4,0,0,0,3,4,2,4,0,3,0,0,4
5200,1,1,4,4,0,1,0,4,4,3,1,1,4,4,3,1,2,4
5201,0,2,0,0,3,0,0,0,0,4,2,3,0,1,0,0,4,0
5202,2,4,3,2,4,3,0,0,1,2,2,4,2,0,2,4,0,0
5203,1,3,2,2,0,2,0,0,3,2,0,1,3,4,1,4,0,2
5204,0,0,3,4,2,4,0,0,1,3,4,3,0,1,1,0,4,0
5205,2,1,3,2,4,1,0,0,0,1,1,1,1,0,3,2,4,2
5206,1,3,0,0,4,1,0,0,0,3,2,2,0,1,1,0,2,0
5207,0,2,0,1,0,3,0,0,0,3,2,4,2,1,1,0,0,3
5208,0,1,1,0,0,2,0,1,3,1,4,1,4,1,2,0,1,1
5209,0,4,1,4,0,3,0,0,0,4,4,4,1,4,3,0,4,0
5210,4,3,4,0,0,3,0,0,0,3,1,2,3,1,3,3,3,2
5211,4,3,3,0,0,1,0,0,0,3,1,3,1,0,2,1,0,0
5212,0,4,0,0,4,0,0,0,4,3,2,3,0,1,4,0,1,0
5213,0,1,1,2,0,1,0,0,1,1,4,1,4,0,4,0,0,1
5214,0,4,4,0,2,1,4,2,1,3,3,2,2,4,1,4,3,0
5215,4,2,2,3,1,3,0,3,3,1,2,3,3,3,3,1,2,1
5216,0,2,1,0,2,3,1,1,0,2,2,2,0,1,2,0,2,4
5217,3,3,4,1,0,1,0,4,3,4,1,4,3,3,2,3,1,3
5218,0,1,0,0,3,0,0,0,0,1,2,4,0,2,0,0,1,0
5219,4,2,1,0,0,4,0,0,4,4,2,2,4,4,1,2,2,2
5220,0,1,0,0,2,2,0,0,0,3,1,2,0,3,0,0,1,0
5221,0,3,0,0,4,0,0,0,0,3,3,2,0,4,4,0,3,0
5222,0,4,0,0,4,0,0,4,0,3,4,3,0,3,3,1,1,0
5223,4,4,3,1,0,2,0,0,1,1,0,2,2,0,2,1,0,1
5224,1,2,3,2,0,3,0,0,0,3,3,3,3,2,3,0,3,4
5225,1,3,4,2,0,2,0,0,3,3,4,4,4,3,1,1,4,0
5226,0,2,1,0,1,1,0,2,0,3,4,3,0,2,3,1,1,0
5227,3,1,4,2,0,2,0,0,1,4,0,1,1,0,2,4,0,2
5228,0,4,0,0,0,1,0,1,0,4,1,4,4,1,4,4,1,4
5229,0,0,0,0,4,0,0,0,0,2,1,2,0,1,0,0,2,0
5230,0,1,1,0,0,0,0,1,2,3,4,2,4,4,1,0,4,4
5231,0,4,0,0,2,0,0,0,0,2,1,3,0,3,4,0,2,1
5232,1,2,1,4,0,4,0,0,0,1,1,2,3,0,4,3,0,0
5233,0,1,1,0,3,0,0,3,1,2,4,3,0,1,3,0,2,0
5234,0,3,0,0,1,0,0,0,0,4,2,4,0,4,1,0,2,0
5235,0,3,0,0,0,2,0,0,1,3,3,2,1,1,3,4,0,2
5236,0,3,1,0,4,1,0,4,1,3,2,3,0,2,1,0,2,4
5237,4,1,4,0,4,2,2,4,2,3,4,2,4,3,3,0,1,4
5238,0,3,1,0,0,2,0,0,0,3,0,1,1,0,1,3,0,1
5239,1,1,1,1,1,1,0,0,1,2,1,1,1,1,4,1,0,1
5240,4,3,2,3,1,2,0,0,2,2,4,3,3,0,3,3,0,3
5241,1,3,2,1,0,3,0,0,0,1,4,2,1,4,1,0,4,1
5242,0,1,0,0,2,1,0,1,0,3,3,3,1,2,2,0,2,4
5243,0,4,0,0,1,2,0,0,0,3,3,3,0,2,0,0,3,0
5244,0,2,4,0,3,2,4,2,1,3,3,2,0,4,4,0,1,1
5245,0,0,0,0,0,1,0,0,0,3,3,4,0,4,3,0,1,0
5246,0,3,1,1,0,1,0,0,0,2,0,2,1,0,3,2,0,4
5247,0,4,0,0,2,0,0,0,1,3,3,2,1,1,3,0,4,0
5248,0,2,0,0,0,0,0,0,0,3,0,4,4,0,2,1,0,0
5249,0,2,4,0,1,4,0,1,0,1,2,1,1,3,4,0,1,0
5250,1,2,2,0,0,1,0,0,4,3,0,1,2,0,1,2,0,4
5251,0,2,3,1,0,3,0,0,0,3,1,2,2,1,1,4,1,1
5252,0,2,4,0,1,0,0,1,4,3,4,3,4,2,4,0,2,0
5253,4,2,4,0,0,3,0,0,1,1,1,2,1,1,3,3,0,0
5254,0,4,0,0,4,0,0,4,0,3,4,3,0,4,4,0,4,0
5255,0,4,4,0,2,0,0,1,1,2,3,3,4,2,4,0,2,0
5256,1,1,1,1,0,3,0,0,1,1,3,4,3,1,2,4,4,2
5257,0,2,0,0,2,0,0,0,4,2,3,2,1,0,0,0,1,0
5258,1,3,1,4,0,3,0,0,0,3,4,4,3,0,3,1,4,3
5259,0,4,0,1,0,1,0,3,4,3,3,2,0,4,1,1,3,0
5260,2,4,3,4,0,4,0,0,4,4,1,3,4,0,3,3,0,4
5261,0,3,1,0,4,1,0,4,1,3,4,4,2,4,1,4,4,4
5262,0,4,4,0,4,4,0,0,0,2,3,2,0,3,4,0,4,0
5263,0,4,0,0,3,0,0,4,4,3,4,3,0,1,4,0,2,0
5264,0,2,0,0,4,1,4,2,4,2,2,3,1,1,0,4,1,1
5265,1,1,4,4,0,1,0,0,0,1,1,3,3,0,2,0,1,0
5266,0,3,2,0,0,4,0,0,4,2,1,2,3,4,1,1,0,4
5267,0,1,1,0,0,4,0,2,0,3,3,4,4,4,4,0,2,0
5268,4,1,0,1,0,0,0,0,1,4,0,3,2,0,1,1,0,0
5269,0,3,2,1,0,4,0,0,2,1,3,2,4,0,3,1,4,0
5270,1,1,1,0,0,2,0,0,2,3,0,1,2,1,1,2,0,3
5271,0,1,4,0,0,1,0,4,1,3,2,3,4,2,1,4,2,4
5272,0,2,4,0,0,1,0,0,0,2,0,3,1,0,1,2,0,3
5273,0,2,3,2,3,4,0,1,1,2,4,3,4,1,1,4,3,2
5274,0,4,1,0,0,3,0,0,0,1,2,3,0,0,3,0,0,0
5275,0,2,0,0,4,0,0,4,0,3,2,2,0,4,0,0,4,0
5276,0,4,4,0,0,4,0,0,0,3,3,2,0,1,4,0,2,0
5277,0,1,1,0,2,3,4,1,0,3,4,4,0,4,1,0,4,0
5278,0,4,0,0,2,0,0,1,1,2,4,3,0,4,0,0,4,0
5279,1,3,4,2,0,4,0,0,1,2,1,3,2,1,2,4,0,0
5280,4,1,2,0,0,0,0,0,0,4,0,4,2,0,1,1,0,4
5281,3,3,2,0,4,2,0,0,0,3,4,3,2,1,3,4,1,2
5282,4,2,2,0,0,3,0,0,1,4,1,2,2,2,1,4,3,4
5283,0,2,4,4,2,4,0,0,4,1,2,3,4,4,1,4,3,4
5284,0,2,0,0,0,0,0,1,0,0,2,1,0,4,0,0,1,4
5285,1,4,4,1,0,2,0,0,2,3,0,2,4,0,2,1,0,2
5286,0,4,0,0,2,1,0,4,4,3,4,3,0,2,1,0,4,0
5287,0,1,0,0,3,0,1,3,2,2,3,1,0,2,1,0,1,0
5288,3,3,3,0,0,4,0,0,0,4,1,4,4,1,2,0,1,4
5289,0,4,0,0,3,0,0,0,0,4,4,4,0,4,0,0,4,0
5290,3,0,0,0,0,0,0,0,0,1,1,3,1,0,1,0,0,0
5291,0,1,0,4,4,4,0,3,1,3,2,3,0,2,4,0,2,4
5292,4,1,1,4,0,1,0,0,2,1,0,3,1,0,3,1,0,0
5293,0,2,4,0,4,3,0,4,3,2,4,3,0,2,1,4,4,3
5294,0,4,0,0,0,4,4,4,0,4,1,1,0,1,4,0,3,0
5295,4,2,3,0,0,1,0,0,1,2,4,2,3,1,1,3,0,2
5296,0,3,0,0,1,0,0,0,0,1,2,3,0,2,0,0,1,0
5297,4,2,0,4,0,2,0,0,0,3,0,3,1,0,2,4,0,0
5298,1,3,0,3,0,1,0,0,4,1,0,3,4,4,2,4,0,2
5299,3,3,1,1,2,1,3,2,4,1,1,2,2,3,2,3,3,1
5300,0,1,1,0,1,0,0,2,4,1,3,2,0,2,3,0,2,0
5301,0,4,2,4,0,3,0,0,1,1,1,1,3,0,3,1,0,1
5302,1,1,1,1,1,3,0,0,0,2,0,1,3,0,1,1,0,0
5303,1,0,0,1,0,1,0,0,0,1,0,4,3,0,4,0,0,1
5304,0,3,1,1,0,0,0,0,0,1,1,3,0,0,2,1,0,4
5305,0,3,1,0,0,3,0,1,0,4,2,3,0,3,2,0,1,1
5306,1,4,4,4,0,4,0,0,4,2,0,4,4,0,3,3,0,3
5307,0,3,0,0,0,0,0,0,0,2,3,3,0,1,0,0,4,0
5308,4,4,3,2,0,2,1,2,4,2,1,1,4,2,4,0,4,0
5309,1,1,1,0,4,3,0,0,1,4,1,3,4,0,3,2,0,4
5310,3,3,1,2,1,2,0,0,1,4,3,2,4,4,2,1,2,1
5311,4,4,4,0,0,4,0,4,0,2,2,2,2,3,4,0,4,3
5312,4,3,1,4,0,4,0,0,1,3,1,2,1,1,2,2,1,2
5313,0,1,0,0,2,0,0,4,0,2,3,2,0,2,4,0,3,0
5314,0,4,0,0,3,0,0,0,0,2,1,3,0,1,4,0,4,0
5315,0,1,0,0,1,0,0,0,0,2,2,3,0,3,0,0,1,0
5316,1,4,4,4,2,3,1,0,3,2,1,2,1,2,3,3,2,2
5317,4,1,2,0,4,1,0,0,1,2,1,1,3,2,4,1,1,0
5318,4,4,3,3,0,1,0,4,0,4,4,4,4,3,1,4,4,4
5319,0,4,4,0,0,0,0,2,1,1,3,1,0,2,0,0,2,0
5320,0,1,0,0,1,0,0,1,0,2,1,1,0,3,0,0,3,0
5321,0,2,0,0,4,0,0,0,0,3,1,2,0,3,0,0,1,0
5322,2,3,2,1,2,1,0,0,0,2,4,2,1,0,2,2,1,2
5323,4,4,2,4,1,3,0,0,0,4,3,1,1,2,3,4,1,3
5325,0,3,0,0,4,3,3,4,3,3,3,2,1,4,3,0,3,0
5326,0,4,0,0,2,0,0,0,0,3,2,1,1,4,1,0,2,0
5327,0,1,0,0,0,4,0,2,0,1,3,3,0,3,4,0,1,0
5328,0,2,1,0,4,1,0,1,4,2,4,4,1,2,2,4,3,1
5329,0,2,1,0,3,0,1,4,2,2,1,2,0,2,1,0,4,0
5330,0,3,3,0,0,1,0,3,4,4,1,3,4,3,4,1,2,0
5331,0,2,2,4,0,2,1,0,1,4,4,4,4,0,3,4,0,3
5332,1,1,3,4,0,2,0,0,0,2,4,3,2,4,3,4,4,0
5333,2,4,2,0,3,4,4,3,1,3,1,3,1,0,3,0,2,1
5334,3,4,4,1,1,4,0,0,1,2,2,2,4,1,4,3,1,4
5335,0,3,0,0,1,0,0,0,0,3,2,2,0,4,0,0,4,0
5336,0,4,4,0,4,1,4,2,2,2,3,3,0,2,1,0,1,0
5337,0,4,0,0,0,3,0,2,1,1,3,1,0,4,2,0,2,0
5338,0,1,2,0,1,0,0,0,0,1,2,2,0,1,1,0,1,1
5339,3,2,2,4,0,1,0,0,4,3,0,2,4,0,3,1,0,1
5340,0,3,0,2,0,0,0,3,0,4,2,2,4,4,1,0,2,0
5341,3,2,3,1,0,2,0,0,4,3,1,4,3,0,1,2,0,4
5342,2,2,0,1,0,2,0,0,1,4,0,2,2,0,1,1,0,1
5343,0,4,0,0,0,0,0,1,1,1,3,2,0,3,0,0,3,0
5344,0,1,4,0,2,1,0,4,2,4,1,3,0,2,4,0,2,0
5345,0,3,4,0,1,4,3,4,4,2,1,2,0,1,1,1,2,0
5346,0,1,0,0,1,0,1,1,3,1,3,2,0,3,0,0,1,0
5347,0,2,0,0,0,3,0,0,0,1,3,3,0,0,1,0,3,0
5348,3,1,4,2,0,3,0,0,1,4,4,3,3,4,3,0,0,4
5349,0,4,4,0,1,4,0,0,0,4,1,2,4,3,2,0,4,0
5350,0,4,0,0,4,4,0,2,0,1,4,3,2,3,0,0,4,0
5351,1,2,4,1,0,2,0,0,2,1,1,1,2,1,1,1,0,2
5352,0,3,1,0,4,4,0,0,0,2,2,2,0,3,4,0,2,0
5353,0,3,0,0,3,4,0,0,0,4,3,2,0,1,4,0,1,0
5354,0,3,0,0,4,0,0,1,0,3,3,2,0,4,0,0,3,0
5355,0,0,0,0,2,0,0,1,1,2,3,3,0,3,0,0,3,0
5356,0,4,1,0,0,4,0,0,0,1,0,1,4,0,1,0,0,0
5357,0,2,1,1,4,2,0,4,4,4,4,4,3,2,1,1,4,1
5358,0,2,0,0,3,2,0,4,4,1,2,2,1,2,1,0,3,1
5359,0,3,4,0,2,0,0,3,0,2,2,3,3,2,3,4,3,0
5360,3,3,1,0,0,2,0,0,0,4,0,2,2,0,2,1,0,1
5361,0,3,4,0,4,0,1,1,2,2,1,2,0,3,1,0,2,0
5362,0,0,4,0,0,3,0,0,0,2,1,4,3,1,4,4,1,4
5363,4,1,1,0,0,3,0,0,3,2,0,1,4,0,4,1,1,0
5364,4,4,4,0,0,1,0,0,0,1,4,2,1,0,1,1,0,1
5365,0,2,3,2,4,2,0,0,3,1,2,1,3,4,3,1,2,1
5366,0,4,4,0,0,0,0,0,4,4,3,2,0,4,4,0,1,0
5367,0,2,0,0,4,4,0,1,4,2,1,2,0,3,0,0,2,0
5368,0,2,1,0,0,2,0,0,1,2,4,3,1,4,2,1,4,1
5369,0,3,0,0,3,0,0,0,0,2,3,3,0,0,0,0,1,0
5370,0,1,2,1,0,2,0,0,1,1,4,2,2,0,1,1,0,2
5371,4,2,4,4,0,2,0,0,2,2,0,3,4,0,2,1,0,4
5372,4,4,4,0,4,1,0,4,0,1,3,2,1,1,4,0,1,1
5373,1,2,0,0,1,3,0,0,0,1,2,2,1,4,1,1,2,1
5374,0,1,4,0,1,0,1,4,1,2,2,2,0,1,2,0,2,0
5375,0,2,0,0,3,1,0,0,0,2,2,3,2,0,1,0,3,1
5376,0,4,0,0,4,2,0,4,4,3,3,2,0,3,2,0,2,4
5377,1,2,4,0,0,4,0,0,1,4,4,2,0,4,4,0,0,0
5378,1,3,0,0,1,1,0,4,3,2,3,2,1,4,4,1,2,1
5379,4,1,3,0,0,2,0,0,4,4,0,1,2,0,3,3,0,1
5380,1,2,4,0,0,2,0,0,3,4,0,4,3,1,3,2,0,1
5381,0,2,3,0,0,1,0,0,2,3,1,2,1,0,1,4,4,2
5382,0,3,4,4,0,1,0,0,0,3,2,2,2,1,4,1,0,0
5383,0,2,4,0,0,3,0,0,0,3,2,2,0,4,1,0,0,0
5384,0,4,1,0,0,1,0,0,0,2,0,2,1,0,4,4,0,4
5385,4,3,1,0,0,4,0,0,1,3,4,3,1,4,3,4,2,4
5386,2,2,3,1,0,4,0,0,2,4,4,4,1,0,4,4,0,4
5387,0,4,1,0,0,3,0,3,0,3,3,3,0,2,2,0,1,3
5388,4,4,4,2,0,1,1,0,1,2,1,3,4,0,2,2,4,3
5389,0,3,1,0,0,1,0,0,0,2,2,2,1,0,1,2,0,4
5390,0,3,4,0,1,3,0,4,0,2,1,2,3,3,1,1,1,4
5391,1,1,2,0,0,0,0,0,1,2,4,3,2,0,3,0,1,1
5392,0,3,0,0,0,0,0,2,0,1,1,4,0,3,4,0,1,0
5393,4,4,1,0,0,1,1,3,3,3,2,3,1,0,4,3,4,0
5394,0,4,0,0,1,4,0,3,4,1,3,4,4,3,4,0,2,4
5395,0,3,0,0,1,2,0,4,1,1,2,1,0,2,4,0,2,0
5396,0,3,0,0,1,3,0,2,1,4,3,3,0,1,3,1,4,1
5397,1,2,3,4,3,4,0,4,0,1,2,4,2,4,2,1,4,4
5398,4,2,1,0,0,4,0,0,0,2,0,1,4,0,3,2,0,1
5399,0,4,4,0,2,0,0,1,0,3,2,2,4,4,4,0,2,0
5400,0,0,0,0,0,0,0,4,0,2,2,2,0,2,1,0,1,0
5401,0,3,0,0,3,1,0,1,0,3,3,3,0,2,0,0,0,0
5402,0,1,0,1,0,0,0,0,3,3,3,2,1,1,4,0,4,0
5403,0,1,4,0,4,3,0,4,4,3,3,2,0,3,4,0,2,0
5404,4,4,1,0,0,4,0,0,4,4,0,4,3,0,4,1,0,1
5405,4,2,1,0,0,0,0,1,0,2,1,2,0,2,2,1,2,0
5406,0,4,0,0,4,0,0,0,0,3,2,2,0,2,0,0,1,0
5407,0,2,0,0,1,4,0,0,0,3,2,3,0,2,4,0,2,0
5408,4,3,1,0,1,1,0,3,1,2,3,2,3,1,4,1,3,0
5409,3,1,3,3,0,1,0,4,0,2,1,2,3,3,1,0,2,4
5410,0,3,0,0,0,0,0,0,0,2,3,2,0,4,0,0,3,0
5411,0,4,0,0,2,4,0,4,0,2,4,3,0,2,4,0,3,0
5412,0,4,1,0,3,4,0,3,4,4,1,1,0,1,2,0,4,0
5413,0,1,1,0,4,2,2,4,3,3,2,2,1,2,3,1,1,4
5414,0,0,1,0,4,0,0,0,0,1,3,2,0,1,0,0,1,0
5415,2,2,1,4,0,3,0,0,1,3,0,3,1,0,1,3,0,4
5416,0,1,0,0,1,0,0,4,0,3,2,3,0,1,1,0,1,0
5417,1,3,1,0,1,2,0,3,1,3,4,3,4,3,2,0,2,1
5418,0,1,1,0,3,1,0,3,0,3,3,3,0,1,1,0,1,4
5419,4,4,2,3,0,4,0,0,1,3,4,2,2,0,2,1,0,2
5420,0,2,1,0,0,3,4,4,1,2,1,1,2,0,1,1,0,1
5421,2,2,1,0,1,4,0,4,0,3,4,4,4,4,2,1,4,0
5422,0,4,1,0,0,0,0,1,0,3,2,3,2,2,3,3,2,0
5423,0,1,1,0,4,4,1,3,4,3,3,2,1,3,4,0,3,0
5424,4,4,4,0,2,4,1,1,1,4,2,4,4,4,4,3,1,4
5425,0,3,0,0,1,0,0,0,0,3,1,1,0,1,4,0,2,4
5426,1,3,0,0,0,1,0,0,4,2,0,4,2,0,1,3,0,0
5427,0,4,0,0,4,4,0,2,2,3,3,3,1,3,2,4,3,4
5428,0,4,2,0,4,0,0,0,0,2,3,3,2,0,1,4,0,1
5429,0,2,0,0,4,4,0,0,0,2,2,3,0,4,0,0,4,0
5430,0,2,1,0,0,4,0,1,4,2,2,1,1,4,2,0,1,1
5431,0,3,1,0,4,0,0,1,1,2,3,2,1,2,3,0,3,0
5432,1,4,2,0,0,4,0,0,1,2,4,2,3,4,2,1,4,4
5433,0,1,1,0,0,3,0,1,2,1,4,3,0,0,1,2,0,4
5434,0,0,0,0,3,0,0,0,0,4,4,3,0,1,0,0,4,0
5435,0,4,0,0,0,1,0,0,1,1,4,1,1,0,4,1,0,0
5436,0,1,0,0,4,0,0,0,0,3,1,4,0,2,0,0,1,0
5437,0,2,2,1,4,4,0,0,1,3,1,1,2,1,4,0,0,0
5438,1,2,0,0,4,0,0,0,0,2,3,1,3,3,4,0,4,0
5439,0,4,1,0,1,4,0,1,1,2,4,2,0,1,1,0,3,1
5440,0,1,4,1,1,2,0,0,0,3,1,2,1,2,1,0,4,0
5441,0,4,0,0,4,0,0,1,0,1,2,2,0,1,4,0,4,0
5442,4,2,1,1,0,2,0,0,2,4,3,1,4,4,1,1,0,3
5443,0,1,4,0,1,0,0,2,4,1,2,2,1,2,4,0,1,0
5444,0,2,0,0,2,0,0,0,4,4,2,3,0,3,4,0,2,0
5445,4,2,1,2,0,1,0,1,0,3,3,4,2,3,2,4,1,3
5446,0,1,1,0,2,1,0,0,0,2,1,3,0,1,1,0,4,4
5447,0,0,0,0,1,0,0,0,0,1,2,1,0,1,1,0,1,0
5448,0,3,0,0,0,0,0,0,0,0,2,1,0,4,0,0,4,1
5449,0,3,0,0,4,0,0,0,3,4,3,4,1,4,1,0,3,1
5450,2,2,3,0,0,3,0,0,4,2,1,2,4,0,3,0,0,0
5451,0,3,4,0,2,0,0,0,4,3,2,3,0,3,4,0,4,0
5452,0,4,0,0,2,0,0,4,4,2,2,3,0,1,1,0,1,0
5453,0,3,0,0,3,4,1,1,3,1,1,3,0,3,1,0,3,0
5454,0,0,0,0,4,3,0,4,0,4,4,3,1,0,1,0,4,0
5455,0,3,0,0,2,0,0,0,2,1,1,2,0,4,1,0,3,0
5456,0,4,4,0,3,0,1,2,4,3,2,3,0,2,4,0,4,1
5457,0,2,3,1,0,3,0,0,0,2,4,2,2,0,3,4,0,4
5458,0,2,0,0,2,0,0,0,1,1,2,2,0,4,1,0,2,0
5459,0,2,1,0,0,2,0,4,3,3,1,2,1,4,1,0,2,1
5460,1,3,1,4,2,3,0,0,1,3,1,3,3,1,1,1,3,3
5461,0,2,2,0,4,2,4,0,0,3,3,4,4,1,2,0,4,1
5462,0,3,3,4,0,3,0,0,4,2,0,1,2,0,3,2,0,1
5463,0,3,0,0,1,0,0,1,1,3,3,2,0,1,1,0,1,0
5464,0,4,0,0,4,0,0,0,0,4,4,4,0,4,0,0,4,0
5465,1,1,2,0,4,1,0,0,0,4,1,1,4,4,2,4,1,0
5466,0,3,1,1,0,1,0,0,3,1,1,2,1,1,1,0,0,1
5467,0,4,0,0,1,0,0,4,0,2,1,3,0,3,1,0,4,4
5468,4,4,4,0,0,3,0,1,1,2,1,2,3,1,1,1,1,1
5469,0,2,4,4,2,3,4,3,2,2,3,1,4,4,3,0,1,1
5470,1,3,2,0,0,3,0,0,4,1,1,2,2,1,1,1,0,1
5471,0,1,0,0,3,0,0,0,0,2,2,3,0,2,0,0,2,0
5472,0,3,0,0,3,0,1,4,3,2,4,2,0,2,3,0,2,1
5473,3,3,4,1,4,0,0,0,4,2,4,2,1,3,3,2,1,3
5474,0,1,0,0,1,0,0,1,0,2,1,3,0,1,0,4,1,0
5475,4,3,2,1,1,4,0,0,0,1,1,1,3,1,4,4,0,2
5476,1,4,1,0,0,1,0,0,1,2,0,1,2,0,1,0,0,0
5477,0,3,4,0,0,0,0,4,3,1,2,2,4,1,0,0,2,0
5478,0,1,0,0,4,4,0,0,4,3,1,1,4,0,4,0,3,0
5479,0,2,4,0,4,1,0,2,2,4,3,2,1,1,4,0,2,0
5480,0,2,0,0,2,0,0,0,0,2,1,2,0,2,0,0,1,0
5481,1,4,2,4,0,3,0,0,1,1,0,3,3,0,2,2,0,1
5482,2,2,2,0,1,3,4,4,1,3,4,2,4,4,2,1,3,1
5483,0,2,0,0,1,1,1,3,2,2,3,2,4,1,0,0,2,0
5484,0,1,3,3,0,1,0,0,0,2,4,4,2,0,3,1,4,4
5485,0,2,1,0,1,4,0,4,4,3,3,4,0,4,3,4,1,4
5486,0,1,4,0,2,4,0,3,0,4,4,4,0,4,3,0,3,0
5487,0,4,0,0,0,1,0,0,0,3,3,3,4,4,2,1,3,4
5488,0,2,4,0,1,4,0,0,0,3,1,3,0,0,4,0,1,0
5489,1,3,4,4,0,1,0,0,3,1,4,1,3,0,3,3,0,2
5490,0,3,1,0,0,3,0,0,3,2,4,1,2,0,4,0,0,3
5491,2,1,3,2,0,3,0,0,0,3,4,1,4,4,2,3,0,4
5492,0,1,3,0,0,1,0,0,1,2,2,2,4,2,1,2,1,0
5493,1,3,3,1,1,0,0,1,4,2,4,3,3,4,4,2,4,1
5494,4,3,4,1,0,1,0,4,4,3,2,2,3,3,1,1,2,2
5495,0,4,0,0,0,0,0,0,0,2,2,3,4,2,4,0,0,0
5496,4,1,2,1,0,1,0,0,0,2,4,1,3,2,2,4,1,0
5497,0,3,4,0,4,0,1,0,1,2,4,4,2,2,0,1,4,0
5498,1,3,1,0,1,2,0,4,3,1,1,2,1,3,4,2,2,4
5499,4,4,0,0,0,1,0,0,1,3,0,2,2,0,2,2,0,1
5500,0,3,0,0,4,0,0,1,0,3,2,2,0,2,0,0,3,0
5501,0,3,4,0,0,0,0,0,0,3,2,3,0,4,1,0,0,0
5502,0,3,4,0,0,0,0,1,0,2,3,2,0,2,4,0,3,0
5503,4,3,1,0,4,0,0,0,3,3,1,4,4,1,1,3,3,0
5504,4,2,1,4,0,1,1,1,1,3,1,2,1,4,1,3,2,1
5505,0,2,1,1,0,1,4,4,4,3,1,2,4,4,3,4,4,4
5506,0,1,1,0,0,3,0,0,1,4,4,1,0,0,2,1,0,1
5507,3,1,1,4,0,2,0,1,0,1,4,2,2,2,3,0,1,0
5508,0,1,0,0,1,0,0,4,1,2,2,1,0,0,0,0,1,0
5509,0,4,1,0,0,3,0,0,4,3,0,3,0,0,4,1,0,0
5510,0,4,1,0,0,0,4,0,4,4,1,1,3,1,1,0,0,4
5511,0,1,2,0,0,2,0,0,4,1,0,2,1,0,2,1,0,0
5512,2,3,0,0,0,2,0,0,0,3,4,4,2,0,4,4,0,2
5513,0,2,1,0,0,0,0,0,4,0,3,2,0,4,0,0,1,1
5514,0,3,0,0,0,3,0,0,0,1,4,4,0,4,1,0,1,0
5515,0,3,0,0,4,3,0,3,4,4,3,3,0,3,1,0,3,0
5516,0,3,4,0,0,3,0,0,4,2,1,2,2,0,4,2,2,2
5517,0,1,4,0,1,1,2,3,1,4,3,2,4,2,2,0,2,0
5518,0,4,1,0,1,1,0,0,4,4,4,4,0,4,2,0,1,0
5519,0,4,0,0,3,0,4,1,2,3,2,2,0,3,1,0,2,0
5520,1,4,0,1,0,0,0,0,1,1,4,1,1,0,2,4,4,4
5521,3,3,2,0,0,3,0,0,0,1,0,1,1,1,2,4,0,2
5522,0,2,0,0,4,0,0,4,0,2,3,3,0,2,0,0,2,0
5523,0,1,0,0,1,0,0,0,0,3,1,3,0,3,0,0,4,0
5524,0,4,0,0,0,4,0,1,0,4,3,2,4,1,4,0,3,0
5525,0,3,0,0,0,0,0,0,4,3,2,3,0,3,4,0,1,0
5526,0,3,4,3,0,1,0,0,2,2,3,2,2,1,4,4,0,1
5527,2,2,4,1,0,3,0,0,4,2,0,1,4,0,4,1,0,1
5528,0,4,0,0,0,0,0,4,0,3,2,3,0,1,0,0,4,0
5529,1,4,2,4,0,2,0,1,1,2,1,2,3,1,4,1,1,2
5530,0,4,2,0,4,0,0,0,0,2,4,3,2,2,2,4,0,0
5531,0,0,0,0,1,0,0,2,4,4,3,4,0,0,0,0,1,0
5532,4,3,3,1,0,2,0,0,1,2,4,2,1,0,1,2,0,0
5533,0,0,1,0,4,0,0,0,0,3,2,3,0,1,0,0,4,0
5534,0,1,2,0,0,1,0,0,0,3,3,1,0,3,4,0,1,0
5535,0,4,0,0,1,0,0,3,0,4,4,3,0,3,4,0,4,0
5536,0,2,2,0,2,0,0,0,3,2,1,1,1,0,4,3,2,1
5537,0,4,0,0,4,0,0,1,0,2,1,3,0,3,0,0,1,0
5538,0,1,1,0,0,4,0,4,0,4,2,2,3,1,1,0,2,0
5539,0,2,4,0,0,4,0,0,0,3,4,2,3,0,1,3,0,3
5540,4,4,3,0,0,4,0,0,0,3,4,4,4,4,2,0,3,0
5541,0,3,1,1,0,1,0,0,0,1,0,4,3,0,1,3,0,1
5542,0,4,1,0,0,3,0,0,0,3,0,4,4,0,4,1,0,1
5543,0,1,0,0,0,4,0,0,0,0,4,3,0,0,4,0,0,3
5544,4,3,2,0,1,3,0,1,4,2,2,3,3,2,4,0,1,2
5545,0,4,0,0,1,0,0,1,0,2,4,2,0,1,4,0,3,0
5546,1,2,4,0,0,4,0,0,3,1,4,2,3,4,2,1,1,1
5547,0,4,3,4,1,1,0,0,0,2,2,1,2,1,1,1,0,1
5548,0,2,4,0,2,1,0,2,2,4,4,2,0,2,1,0,4,0
5549,4,4,2,0,0,4,0,0,4,3,1,1,1,0,3,3,0,2
5550,0,3,1,1,1,0,1,1,1,4,3,2,3,2,1,0,3,4
5551,0,0,0,0,0,0,0,0,0,2,1,2,0,1,0,0,0,0
5552,1,3,1,0,4,2,0,0,1,4,4,2,2,0,4,1,4,1
5553,0,2,0,0,3,3,0,0,0,2,3,2,0,4,1,0,4,0
5554,3,1,2,0,3,1,0,4,1,4,1,3,2,4,3,1,2,1
5555,1,4,3,0,0,2,0,0,0,2,1,2,1,0,1,1,0,4
5556,1,4,4,0,4,2,0,4,0,4,3,3,3,0,1,3,4,4
5557,4,2,1,0,3,4,0,1,1,1,3,2,2,1,2,1,2,2
5558,0,4,0,0,1,0,1,4,2,1,1,2,1,4,1,0,3,0
5559,0,1,0,0,2,0,0,0,0,1,3,3,0,3,0,0,2,0
5560,0,1,1,2,0,4,0,4,1,1,1,1,4,1,3,0,1,4
5561,3,2,4,1,4,4,4,4,3,3,2,3,4,4,4,3,4,1
5562,4,2,4,0,0,3,0,0,4,2,2,2,2,3,1,1,0,0
5563,0,3,0,0,2,0,0,2,0,4,3,2,0,2,1,0,1,0
5564,2,4,1,1,0,1,0,0,4,1,1,3,3,0,2,2,2,3
5565,0,3,1,0,1,4,0,0,4,3,3,1,3,0,2,4,0,0
5566,0,4,0,0,0,0,0,3,0,3,3,2,0,4,4,0,1,0
5567,0,2,0,0,2,3,4,2,3,2,2,3,0,2,4,0,2,4
5568,0,4,0,0,0,4,0,0,4,2,3,3,3,3,4,2,2,4
5569,1,2,1,0,3,1,4,1,2,2,3,2,1,1,3,0,2,0
5570,4,3,3,2,0,2,0,0,2,2,4,3,4,2,1,2,0,1
5571,0,0,4,0,1,0,4,3,4,3,4,4,1,1,1,0,3,0
5572,0,0,0,0,1,0,0,0,0,1,2,1,0,2,0,0,4,0
5573,0,4,3,4,0,2,0,0,0,1,0,1,2,0,2,3,0,4
5574,0,1,1,0,0,0,1,3,4,1,1,1,0,1,1,0,0,1
5575,0,2,1,4,1,1,0,1,0,2,1,2,1,2,3,2,1,1
5576,0,4,4,0,0,1,0,4,0,4,4,3,1,3,2,0,1,4
5577,4,2,4,4,1,3,1,3,3,2,2,2,1,2,4,2,2,3
5579,0,4,2,0,2,0,0,2,2,4,3,3,4,3,1,1,1,4
5580,4,1,1,0,4,4,1,3,2,2,2,2,2,4,0,0,3,1
5581,0,3,0,0,2,0,0,0,0,1,1,2,0,2,1,0,2,0
5582,1,3,2,4,1,1,0,0,1,1,1,1,2,1,2,3,1,3
5583,4,1,4,0,3,3,0,2,2,2,3,2,4,4,2,0,4,0
5584,1,3,0,0,4,1,0,0,0,2,4,4,2,4,2,2,4,2
5585,0,0,0,0,1,0,0,1,1,3,1,2,0,0,4,0,1,0
5586,0,1,0,0,4,4,0,4,0,3,4,3,0,0,0,0,4,0
5587,0,3,0,0,4,0,0,1,2,1,4,3,0,2,0,0,2,0
5588,0,4,0,0,3,0,0,1,0,3,2,3,0,1,0,0,3,0
5589,1,1,2,1,0,1,0,0,0,1,1,2,2,0,1,2,0,4
5590,3,3,4,1,0,4,0,0,1,3,0,4,4,4,4,4,0,4
5591,0,1,0,0,0,1,0,1,0,2,2,3,0,1,1,0,1,4
5592,4,2,2,1,1,3,0,0,1,2,3,3,3,1,3,1,3,4
5593,0,4,3,0,0,3,0,0,0,4,0,3,2,0,3,2,0,0
5594,4,0,3,2,0,2,0,0,4,2,0,4,3,0,1,1,0,4
5595,0,4,0,0,2,4,0,0,4,2,2,3,0,4,0,0,1,0
5596,1,2,4,0,4,4,0,0,1,2,4,2,1,1,1,4,0,0
5597,3,3,3,0,0,2,0,4,1,4,4,4,3,3,4,0,4,4
5598,0,4,4,3,2,2,0,3,4,3,3,3,1,3,1,0,4,1
5599,0,4,0,0,4,0,0,0,0,3,2,2,0,2,4,0,4,0
5600,0,4,4,0,4,0,0,0,0,3,2,3,0,2,4,0,3,0
5601,0,2,4,4,1,4,0,0,2,4,1,2,4,0,4,3,0,3
5602,1,2,1,1,2,3,0,0,4,3,4,3,4,4,1,1,4,2
5603,0,1,0,0,0,0,0,3,1,4,3,3,0,4,3,0,3,0
5604,0,2,0,0,3,1,0,3,4,3,2,3,0,1,2,0,2,0
5605,0,3,0,0,4,0,0,0,0,1,2,2,0,1,1,0,4,0
5606,0,2,0,4,0,4,4,0,1,1,4,1,2,0,2,3,0,2
5607,1,3,3,4,0,0,0,0,1,4,0,3,2,0,4,3,0,1
5608,0,4,0,0,0,0,0,0,0,4,1,1,0,3,0,0,4,0
5609,4,2,4,1,0,2,0,0,1,1,0,2,3,0,3,1,0,2
5611,0,4,3,0,1,1,0,0,0,4,4,3,0,3,4,0,4,0
5612,0,1,3,0,0,1,0,0,1,1,0,1,4,0,2,0,0,0
5613,0,3,0,0,1,0,0,1,0,3,3,2,0,3,4,0,2,0
5614,0,4,0,0,3,4,0,0,0,2,2,4,4,4,4,0,4,0
5615,1,1,4,1,0,4,0,0,0,3,1,2,0,0,1,0,1,1
5616,1,1,2,1,4,3,0,0,0,1,4,3,3,4,1,0,0,0
5617,3,1,2,1,0,3,0,0,0,4,4,4,3,3,3,1,1,4
5618,4,3,0,0,0,4,0,3,0,3,1,2,0,1,0,0,1,1
5619,3,3,1,2,4,1,0,0,2,4,1,3,2,0,2,3,3,1
5620,0,1,0,0,4,0,0,2,2,3,3,3,0,3,3,0,4,4
5621,0,2,2,0,1,3,1,2,4,2,1,2,4,1,2,4,2,0
5622,0,4,1,0,0,4,0,4,1,2,1,1,1,3,3,1,3,0
5623,4,2,4,1,0,3,0,0,1,1,1,4,3,0,1,4,0,0
5624,4,1,0,0,0,4,0,0,0,1,1,1,2,0,2,2,1,3
5625,0,3,1,0,4,4,0,0,0,1,2,4,0,3,4,0,4,0
5626,0,3,0,0,2,0,0,0,0,0,4,2,0,1,0,0,1,0
5627,0,4,1,0,4,0,0,0,1,3,2,1,1,1,1,0,0,1
5628,0,3,0,0,2,1,0,3,0,2,2,2,0,1,4,0,2,1
5629,4,3,1,2,2,4,2,3,3,2,2,2,3,3,4,0,3,4
5630,4,3,3,2,0,1,0,4,1,4,4,4,2,0,3,4,0,0
5631,0,3,1,0,1,1,1,2,3,3,3,3,0,2,4,0,3,0
5632,0,1,1,1,0,3,1,4,4,1,1,2,0,1,2,4,4,0
5633,0,4,4,0,3,3,0,0,4,2,4,4,0,1,3,0,1,4
5634,0,4,1,4,0,4,1,0,4,3,1,3,2,1,4,2,1,4
5635,0,3,0,0,1,1,0,0,0,1,1,1,0,1,1,0,1,0
5636,1,2,0,0,4,1,4,4,1,2,4,2,2,4,3,1,1,1
5637,0,4,1,0,0,1,0,1,1,4,3,2,4,1,1,1,1,1
5638,3,1,1,0,4,2,4,1,1,4,3,3,4,2,1,0,2,0
5639,2,4,1,0,0,3,0,0,4,2,4,4,3,0,3,1,0,1
5640,0,1,0,0,4,0,0,0,0,4,3,3,0,4,0,0,1,0
5641,0,1,3,0,4,0,0,0,0,3,3,2,1,4,3,0,2,0
5642,4,2,1,3,0,1,0,3,1,4,2,2,1,4,4,1,3,0
5643,1,3,1,2,0,1,0,4,2,3,4,3,2,4,1,1,4,1
5644,0,3,3,1,4,3,1,1,4,1,4,4,3,2,2,2,1,4
5645,3,3,3,1,0,1,0,0,0,1,0,1,2,0,4,1,0,4
5646,0,4,4,0,3,1,0,3,4,3,2,4,0,4,4,0,3,0
5647,4,2,3,4,0,4,0,0,4,1,1,3,2,0,4,1,0,1
5648,3,4,4,1,0,2,0,0,4,1,1,1,2,4,1,3,3,4
5649,0,4,1,0,4,0,0,2,0,1,4,3,1,2,3,0,3,0
5650,0,2,0,0,1,0,0,3,0,4,4,3,0,3,0,0,2,1
5651,2,2,3,2,4,2,0,0,0,2,3,3,1,3,1,2,4,3
5652,0,3,1,0,0,3,0,0,4,2,0,2,1,0,2,2,0,1
5653,0,4,1,0,1,3,0,4,4,3,3,2,0,4,1,0,3,0
5654,2,2,2,0,0,2,0,0,0,3,3,3,4,0,1,4,4,4
5655,0,1,1,4,0,4,0,0,3,1,4,3,4,4,2,2,4,0
5656,0,0,0,0,0,0,0,0,0,0,1,3,0,1,0,0,4,0
5657,1,1,1,4,0,2,1,1,4,2,3,3,4,3,1,1,1,4
5658,4,4,4,2,0,2,0,0,0,1,4,3,3,0,2,2,4,3
5659,0,3,0,0,3,0,0,0,0,1,3,1,0,4,1,0,1,0
5660,0,3,0,0,3,2,0,1,2,4,3,3,1,4,0,0,4,0
5661,0,1,2,0,0,2,0,2,2,2,1,2,2,1,2,4,4,1
5662,0,3,1,0,3,4,0,0,0,3,1,2,1,1,2,0,3,4
5663,3,2,3,0,4,3,0,0,1,2,4,3,2,3,2,1,2,4
5664,0,3,1,1,0,2,0,0,0,2,1,3,3,3,4,4,4,0
5665,0,0,1,0,0,0,0,3,0,3,3,1,0,4,0,0,2,0
5666,1,4,1,0,0,4,0,1,0,2,3,2,2,0,3,3,0,4
5667,0,3,0,0,4,0,0,3,3,2,2,1,4,3,1,0,2,1
5668,0,4,4,0,4,0,0,0,4,3,2,3,0,1,4,0,4,0
5669,0,2,3,4,1,3,0,1,1,3,1,2,4,3,4,4,1,3
5670,0,3,2,0,0,2,0,0,0,3,4,4,3,0,2,1,4,4
5671,0,1,1,3,1,3,0,0,0,4,3,3,2,4,1,4,2,0
5672,0,4,0,0,4,4,0,4,4,2,4,4,0,4,1,0,1,0
5673,0,4,4,4,0,1,0,0,0,3,3,2,4,2,4,0,4,0
5674,0,4,3,0,4,3,0,2,1,1,2,2,0,4,1,0,3,0
5675,0,1,0,0,4,0,0,0,0,3,2,4,0,4,1,1,3,0
5676,0,4,1,0,0,4,0,0,0,4,4,3,2,4,3,0,1,0
5677,0,2,0,0,4,0,0,0,0,3,3,3,0,4,0,0,4,0
5678,0,4,3,4,0,3,0,0,0,2,4,4,3,0,1,2,0,2
5679,4,4,1,1,0,1,0,0,1,3,4,2,4,0,2,4,4,4
5680,0,2,4,0,0,1,0,2,4,2,2,2,3,4,4,0,3,0
5681,1,1,3,2,0,4,0,0,1,1,1,3,2,2,2,1,4,0
5682,1,4,4,4,0,3,0,0,4,2,4,4,1,0,1,0,0,4
5683,1,1,0,1,0,2,4,0,4,3,4,4,1,0,2,4,0,4
5684,0,1,0,0,0,4,0,4,0,3,1,3,4,3,3,0,2,0
5685,0,0,0,0,0,0,0,1,4,2,3,4,0,1,4,0,2,0
5686,0,1,3,0,0,1,4,0,3,2,4,1,1,0,3,3,0,1
5687,2,1,4,0,0,2,0,0,1,4,1,2,4,4,3,4,1,0
5688,0,1,0,0,3,4,0,4,0,3,3,3,4,1,4,0,3,2
5689,0,3,1,0,0,1,0,1,0,2,1,1,0,2,4,0,4,0
5690,4,4,1,0,1,4,0,1,4,1,1,2,4,3,3,0,2,0
5691,1,2,3,1,0,2,4,4,3,1,2,4,2,4,4,1,4,2
5692,0,1,4,0,3,4,0,1,0,1,2,1,0,1,0,0,1,0
5693,0,3,4,0,0,2,0,0,1,1,0,3,1,0,1,4,1,3
5694,3,4,4,4,0,4,0,0,2,3,0,4,3,0,1,0,0,0
5695,0,3,1,0,0,0,0,0,0,3,4,4,3,4,3,0,0,0
5696,0,3,1,0,1,2,0,2,2,3,1,2,4,1,4,0,2,0
5697,2,1,1,3,0,1,0,0,0,1,1,1,3,0,2,4,1,0
5698,1,1,2,3,0,2,0,3,4,3,2,1,2,4,2,2,1,2
5699,4,2,1,2,0,1,0,1,0,1,1,2,2,1,1,3,1,0
5700,0,1,0,0,3,1,1,4,3,3,2,2,0,2,0,0,2,0
5701,0,4,4,0,2,2,0,4,4,1,2,3,0,3,3,0,3,4
5702,4,3,1,3,1,2,0,0,4,1,1,3,4,4,4,4,0,0
5703,1,3,3,4,0,2,0,0,0,1,4,4,2,4,3,2,4,1
5705,0,3,2,0,2,1,0,0,1,2,2,2,2,3,1,1,2,3
5706,0,1,0,0,4,0,0,1,0,2,2,2,0,1,0,0,1,0
5707,1,3,2,1,0,1,0,0,2,2,4,4,4,0,3,4,0,0
5708,1,4,1,1,0,3,0,4,1,3,4,1,1,4,4,1,2,2
5709,0,1,0,0,1,0,0,0,0,2,2,2,0,4,0,0,2,0
5710,0,3,1,0,0,4,0,1,4,3,1,3,1,1,4,4,1,2
5711,0,4,2,0,1,1,0,1,3,2,1,1,3,1,1,3,0,0
5712,0,3,1,3,0,1,0,0,4,2,0,1,4,0,4,4,0,4
5713,0,3,0,0,0,1,0,0,0,1,0,3,2,0,1,2,0,1
5714,0,2,0,0,0,0,0,0,0,2,2,1,0,0,4,0,3,0
5715,1,4,4,3,0,1,0,0,1,2,4,3,1,4,3,4,0,3
5716,2,4,0,2,0,2,0,0,0,2,1,4,1,0,2,4,0,1
5717,0,1,1,4,0,1,0,0,1,2,1,2,4,0,1,4,0,1
5718,0,1,1,0,1,0,0,0,0,1,1,1,0,1,0,0,1,0
5719,0,1,0,0,1,0,0,0,0,2,3,2,0,4,3,0,4,0
5720,0,0,0,0,1,3,0,1,0,2,4,1,0,2,1,0,2,0
5721,0,4,1,0,0,3,4,2,3,4,3,2,2,2,2,4,3,3
5722,1,4,1,1,0,3,0,0,0,1,4,4,2,0,1,0,0,3
5723,0,3,0,0,4,0,0,1,0,2,3,4,4,2,0,0,1,0
5724,1,4,4,3,0,1,0,0,4,4,0,1,3,0,4,4,0,0
5725,2,3,1,2,1,2,0,1,1,1,3,3,2,4,2,4,2,1
5726,4,2,1,1,0,1,0,4,0,2,4,4,4,4,2,2,0,4
5727,0,1,1,1,0,3,0,0,1,1,0,3,1,0,2,4,0,1
5728,4,2,0,0,0,1,4,1,1,2,3,3,0,1,4,4,3,4
5729,0,0,0,0,1,1,2,2,1,3,3,2,0,4,0,0,3,1
5730,1,3,4,0,0,2,1,0,1,2,3,1,1,0,3,0,0,0
5731,0,2,2,0,0,1,0,0,1,3,1,4,2,0,2,4,0,3
5732,0,2,1,0,0,4,0,0,4,1,4,1,1,0,4,0,0,4
5733,0,3,0,0,4,0,0,4,1,3,1,2,0,1,4,0,4,1
5734,0,2,4,0,3,0,0,0,4,3,3,4,0,2,3,0,1,1
5735,0,0,0,0,3,0,0,0,1,4,2,3,0,3,0,4,4,0
5736,0,4,3,4,0,4,0,0,0,3,4,3,3,0,1,1,4,0
5737,0,3,0,0,0,2,0,3,1,3,3,3,0,3,4,0,1,0
5738,0,0,2,0,3,1,0,0,0,2,2,3,0,3,4,0,4,0
5739,2,2,2,2,0,3,0,4,0,4,4,3,1,4,3,4,4,4
5740,2,3,4,0,1,1,1,0,1,2,1,2,3,1,3,2,1,1
5741,0,2,4,0,1,0,0,3,0,2,3,3,0,4,0,0,1,0
5742,1,3,4,1,0,3,0,0,2,3,2,2,1,1,3,1,2,0
5743,0,3,1,0,1,0,0,1,0,2,1,1,0,1,1,0,3,0
5744,0,2,3,0,2,1,0,4,0,3,2,3,4,3,4,0,1,0
5745,0,3,4,0,3,0,0,3,4,2,1,3,0,3,1,0,1,4
5746,4,3,3,0,0,1,0,0,2,1,4,3,2,0,2,3,0,2
5747,1,1,0,0,0,4,0,0,0,1,2,1,2,0,1,0,0,0
5748,0,1,0,0,1,0,0,4,0,2,2,3,0,1,0,0,1,0
5749,0,0,4,0,0,0,0,0,1,1,0,3,0,0,1,0,0,0
5750,0,4,2,0,1,1,0,2,4,3,3,3,0,2,2,0,3,0
5751,3,2,4,0,0,4,0,0,0,1,4,1,3,0,2,1,4,0
5752,1,3,3,1,0,2,0,0,3,2,1,3,3,0,4,4,0,0
5753,4,1,1,0,0,2,0,0,0,2,1,1,1,3,1,4,3,2
5754,4,1,3,0,0,0,0,0,0,3,0,4,2,0,2,3,0,3
5755,0,4,0,0,0,0,0,4,0,3,3,2,0,2,0,0,4,0
5756,0,1,1,0,2,0,0,2,4,1,1,2,0,3,4,0,3,4
5757,0,4,0,1,3,4,0,4,4,3,2,3,1,2,3,0,2,0
5758,0,2,4,0,0,0,0,0,0,2,0,4,0,0,1,1,0,0
5759,0,1,3,0,0,0,0,0,0,3,0,3,2,0,1,2,0,0
5760,1,1,1,0,0,2,0,0,1,3,1,2,2,0,2,0,0,1
5761,4,3,4,2,0,4,0,0,4,2,4,3,3,0,4,3,0,0
5762,3,1,4,1,0,3,0,0,3,2,0,4,1,0,3,2,0,2
5763,0,0,0,0,1,0,0,0,0,3,2,3,0,3,0,0,2,0
5764,0,0,0,0,0,1,0,0,0,3,3,2,0,3,2,0,4,0
5765,0,3,0,0,0,0,0,2,0,1,1,2,0,4,1,0,2,0
5766,0,2,0,0,0,0,0,0,0,1,1,2,1,3,1,0,2,0
5767,0,1,4,0,1,1,1,1,1,3,1,1,0,4,0,0,2,0
5768,2,1,4,0,4,4,0,0,0,2,4,3,3,0,1,4,4,4
5769,0,4,0,0,1,0,0,0,0,2,3,3,0,1,0,0,3,0
5770,3,3,4,0,0,0,0,0,0,4,4,4,3,0,3,1,0,0
5771,0,0,0,0,0,0,0,4,0,1,1,1,0,3,1,0,1,0
5772,0,4,1,0,4,0,0,4,4,2,1,1,4,3,4,0,3,4
5773,0,4,4,0,0,3,0,0,0,2,1,2,1,0,4,0,0,1
5775,4,2,1,0,0,0,0,0,1,3,4,3,2,1,3,4,0,4
5776,0,2,0,0,1,0,0,1,0,2,2,2,0,1,0,0,2,0
5777,0,4,1,0,1,4,0,1,0,4,1,2,4,1,3,0,3,0
5778,0,3,0,0,1,0,0,1,0,2,3,2,0,2,1,0,2,0
5780,0,0,0,0,2,1,0,0,0,2,3,2,0,4,4,0,3,0
5781,3,2,0,4,0,1,0,0,2,2,4,2,2,4,1,4,4,3
5782,0,3,2,0,3,2,4,2,0,4,1,3,0,4,4,0,2,1
5783,0,3,4,0,3,3,2,1,1,3,4,3,0,4,4,0,3,4
5784,4,2,4,0,0,4,0,0,1,1,2,2,3,0,1,1,0,1
5785,0,4,0,0,4,0,3,0,2,4,4,3,0,4,1,0,3,0
5786,0,1,1,0,4,0,0,4,1,2,2,2,0,4,1,0,2,0
5787,0,1,1,4,0,1,0,0,0,3,1,3,1,0,3,0,1,0
5788,0,2,0,0,2,0,0,0,0,4,2,3,0,1,0,0,1,0
5789,0,3,0,0,3,4,4,1,3,1,2,1,4,3,2,0,3,0
5790,0,2,4,0,0,4,0,0,0,2,4,2,4,0,2,1,0,0
5791,1,4,4,0,0,3,0,0,4,1,0,1,3,0,3,1,0,2
5792,0,2,1,4,0,3,0,0,1,3,1,2,1,0,1,1,0,3
5793,4,2,2,1,0,3,0,0,4,3,0,1,2,1,1,4,1,3
5794,0,2,1,3,4,3,0,0,2,1,4,1,2,1,1,2,4,2
5795,0,4,4,0,3,4,0,0,0,1,3,3,0,1,4,0,3,0
5796,0,2,0,0,1,0,0,4,0,1,4,2,0,2,2,0,1,0
5797,1,2,0,0,0,4,0,0,1,4,0,3,2,4,1,0,0,0
5798,0,4,0,0,0,4,0,0,0,2,2,3,4,2,2,2,1,4
5799,0,1,1,0,0,0,0,3,4,1,2,2,1,1,1,0,3,0
5800,0,3,4,0,2,0,0,4,1,3,4,2,0,3,4,0,3,0
5801,0,1,2,0,0,4,0,0,0,1,4,2,2,0,1,0,0,0
5802,0,4,0,0,4,0,0,0,4,2,3,3,0,1,0,0,1,0
5803,0,4,4,0,2,3,0,0,0,4,2,3,1,4,4,0,0,0
5804,4,3,3,1,0,1,0,0,0,1,0,1,1,0,1,2,0,4
5805,0,2,0,0,3,0,0,0,0,1,2,3,0,1,0,0,3,0
5806,0,4,0,0,0,0,0,0,0,3,2,3,0,2,0,0,0,0
5807,4,1,2,0,0,2,0,0,0,4,0,1,3,0,1,0,0,1
5808,1,4,2,0,4,1,0,1,0,1,2,3,2,1,2,2,3,3
5809,0,3,4,0,1,1,0,2,1,2,2,2,0,1,0,0,4,4
5810,3,1,4,4,0,4,0,0,3,4,4,2,3,4,2,4,0,4
5811,3,1,1,0,4,2,0,4,1,1,3,1,1,1,4,1,1,1
5812,0,2,1,0,0,4,0,4,0,3,2,2,0,1,1,1,1,0
5813,3,2,3,0,0,1,0,0,4,1,4,2,2,0,4,3,0,4
5814,2,2,0,0,0,2,0,0,4,4,0,2,2,0,1,0,0,4
5815,0,0,0,0,0,0,0,0,0,2,2,2,0,0,1,0,0,0
5816,4,3,4,4,4,3,0,0,1,4,4,4,4,4,2,3,2,3
5817,1,1,2,4,0,1,0,0,1,4,4,1,4,0,4,4,0,1
5818,0,1,0,0,3,0,0,1,0,1,4,4,0,4,0,0,3,1
5819,0,2,0,0,0,2,0,0,2,2,0,3,1,0,1,1,0,1
5820,0,4,4,0,0,1,0,0,0,2,1,1,3,0,4,0,0,0
5821,0,4,0,0,3,0,0,0,0,3,1,4,0,1,0,0,4,0
5822,0,3,0,0,1,2,0,1,1,2,2,2,0,2,4,0,1,0
5823,4,3,3,2,1,3,0,3,4,1,1,2,2,4,2,3,1,4
5824,4,4,4,4,0,2,0,0,0,3,0,3,1,0,4,3,0,4
5825,2,2,2,0,0,1,0,0,2,1,0,2,4,0,3,1,0,3
5826,2,1,1,0,0,3,0,0,0,1,4,1,1,0,1,0,0,4
5827,0,4,2,0,4,4,0,2,1,1,4,3,0,3,4,0,4,0
5828,1,1,4,0,1,2,0,0,3,3,1,4,1,0,1,0,2,1
5829,0,2,3,2,0,2,0,0,2,1,1,2,2,0,2,1,0,2
5830,4,3,1,1,0,3,1,0,4,4,4,2,3,4,3,1,4,1
5831,1,3,4,0,1,2,0,4,3,2,4,3,1,4,2,0,1,0
5832,1,4,0,0,0,2,0,4,3,3,2,3,2,3,3,0,1,0
5833,0,1,4,0,0,2,0,0,0,3,4,3,1,0,4,1,0,0
5834,0,4,4,0,3,4,0,1,1,4,4,2,0,3,1,0,2,0
5835,0,1,3,1,0,2,0,0,0,2,3,3,2,1,2,2,1,2
5836,0,2,0,0,0,0,0,0,0,3,2,2,1,4,0,0,4,0
5837,0,1,0,0,1,3,4,0,3,1,2,2,4,2,3,0,2,2
5838,0,4,4,0,4,4,1,2,1,3,3,3,0,1,1,0,2,0
5839,1,2,4,1,0,3,0,0,2,1,1,3,1,0,1,1,0,1
5840,0,1,4,0,3,3,0,3,1,3,3,2,0,4,1,0,3,0
5841,4,3,3,4,4,3,0,4,3,3,1,2,4,4,3,1,4,0
5842,1,2,0,1,0,0,0,1,4,2,1,1,3,0,4,1,0,4
5843,0,1,4,0,2,0,0,0,0,2,1,3,0,2,0,0,4,0
5844,0,0,1,0,3,1,0,4,0,3,4,3,0,2,4,0,4,4
5845,0,2,1,0,0,0,0,0,0,2,2,4,1,0,0,1,4,4
5846,2,4,4,4,0,3,0,0,0,3,3,3,2,1,4,0,4,0
5847,1,4,3,2,0,3,3,0,2,2,3,4,4,4,3,3,3,4
5848,0,1,1,1,0,4,2,1,1,1,4,3,0,4,1,0,4,0
5849,0,3,1,0,0,0,0,2,4,3,3,2,3,3,3,0,3,0
5850,3,0,0,0,0,2,0,0,0,2,0,1,2,0,3,0,0,0
5851,3,1,2,4,0,4,0,0,0,2,4,1,2,0,2,1,4,0
5852,2,4,3,4,3,2,0,0,1,1,3,2,1,3,1,3,1,0
5853,0,3,0,0,4,1,0,0,4,4,1,4,3,1,1,4,1,4
5854,0,3,0,0,4,0,4,1,2,4,1,2,0,1,4,0,4,4
5855,0,2,0,0,1,4,0,0,0,2,1,1,0,1,1,0,3,0
5856,0,2,0,0,4,4,0,0,0,3,4,3,4,1,4,0,4,4
5857,0,0,0,0,0,0,0,0,0,3,2,3,0,0,0,0,1,0
5858,0,1,4,0,3,0,2,3,1,3,2,3,0,4,1,0,1,0
5859,0,2,0,0,0,1,0,0,4,1,4,2,0,4,3,0,1,0
5860,0,1,1,0,1,4,1,1,1,2,2,1,0,2,4,0,1,0
5861,4,0,4,0,0,4,0,4,0,1,1,2,1,3,3,1,1,1
5862,0,3,0,0,3,0,0,0,0,1,1,3,0,1,0,0,1,0
5863,0,1,1,1,0,1,0,4,1,2,1,1,1,1,1,4,3,3
5864,0,3,0,0,1,0,0,0,0,1,1,2,0,1,0,0,4,0
5865,0,3,1,0,4,1,0,3,4,2,3,3,0,2,4,0,4,0
5866,0,0,0,0,2,1,0,4,0,2,2,1,0,4,0,0,3,1
5867,0,1,1,0,2,0,0,3,0,1,3,4,0,4,1,0,4,0
5868,4,1,3,1,1,2,0,0,0,1,2,4,1,1,2,2,2,2
5869,0,4,0,0,4,3,0,0,4,3,2,3,0,4,4,0,4,3
5870,1,4,1,0,0,1,0,0,1,2,0,4,2,4,3,1,0,4
5871,0,4,0,0,4,0,0,1,3,4,1,2,0,2,2,0,4,0
5872,2,1,1,2,0,1,0,0,0,2,4,2,3,1,2,1,0,1
5873,0,2,0,0,1,4,0,2,4,3,1,2,0,1,1,0,3,0
5874,4,3,3,0,4,3,0,0,0,2,4,2,2,4,2,3,4,4
5875,4,4,4,1,4,3,0,4,1,2,1,2,4,1,3,4,1,1
5876,0,3,1,0,0,2,0,0,3,3,4,2,4,4,2,0,0,0
5877,0,1,0,1,0,3,0,0,2,4,1,3,2,0,2,4,1,4
5878,1,4,3,3,0,3,0,0,0,4,0,4,3,0,4,3,0,1
5879,0,1,1,0,3,3,3,1,1,2,3,2,4,2,0,0,2,0
5880,0,3,1,0,1,1,0,0,0,3,2,3,3,0,4,1,3,0
5881,2,2,1,2,0,4,0,0,0,4,1,3,4,1,1,1,0,4
5882,0,1,0,0,4,0,0,0,0,2,3,2,0,3,0,0,4,0
5883,0,3,1,0,2,3,0,0,1,2,3,3,0,2,1,0,2,0
5884,0,3,4,0,1,4,0,0,3,1,1,4,3,1,2,4,4,0
5885,0,1,3,4,4,1,0,0,2,4,4,4,4,4,4,4,0,3
5886,4,1,2,1,0,0,0,0,4,1,0,3,3,0,3,1,0,4
5887,0,1,1,0,0,0,0,0,0,1,3,3,0,3,2,0,4,0
5888,0,3,1,0,0,2,0,0,0,1,0,3,1,0,1,1,0,1
5889,0,2,3,0,2,3,0,0,1,3,2,2,1,2,4,1,1,4
5890,0,4,0,0,2,0,4,4,4,3,2,2,0,4,0,0,0,0
5891,2,3,4,0,4,2,0,4,0,2,4,2,4,4,3,4,4,3
5892,0,3,0,0,1,0,0,0,1,3,2,2,1,1,1,0,3,0
5893,0,3,4,0,4,1,0,3,0,4,3,2,0,1,4,0,0,0
5894,4,2,4,0,0,3,1,0,4,1,0,2,1,0,3,2,1,4
5895,1,0,3,2,0,1,0,1,2,4,0,1,1,0,3,1,0,1
5896,0,3,0,0,4,0,0,0,0,2,2,3,0,3,0,0,0,0
5897,2,1,4,3,0,2,0,0,2,1,4,4,4,0,4,0,4,4
5898,0,1,0,0,4,0,0,2,3,3,3,2,0,2,0,0,1,0
5899,0,4,2,1,0,4,0,0,0,1,4,2,4,4,2,2,0,2
5900,1,3,1,1,4,3,0,0,0,1,2,1,1,1,1,4,4,0
5901,1,1,2,2,1,2,0,0,0,1,0,4,1,0,2,1,0,0
5902,0,4,3,0,3,2,0,1,4,3,3,2,1,4,4,0,1,0
5903,1,2,3,0,0,3,0,0,1,2,0,4,3,1,3,1,0,2
5904,0,2,0,0,0,1,0,2,1,1,1,2,4,4,1,0,2,0
5905,0,1,4,0,1,4,4,1,1,2,1,2,0,2,3,0,2,0
5906,0,1,0,0,0,0,0,1,0,1,2,3,0,0,0,0,3,0
5907,0,1,0,0,4,4,0,0,0,2,2,2,0,1,1,0,2,0
5908,0,3,0,0,0,0,0,1,1,1,3,3,0,2,1,0,4,0
5909,2,3,1,4,0,2,0,0,1,2,1,2,4,1,1,4,1,4
5910,3,2,4,0,0,0,0,0,4,2,4,1,3,4,1,4,2,3
5911,0,3,3,4,4,4,0,2,4,3,2,2,3,1,1,1,1,3
5912,0,3,0,0,3,0,0,1,1,3,3,3,0,1,0,0,4,0
5913,0,2,1,0,4,0,0,0,0,3,2,4,0,4,0,0,4,0
5914,0,2,1,0,1,3,1,4,4,4,4,4,3,4,1,4,4,2
5915,1,4,1,4,0,2,0,2,2,2,4,4,2,4,1,1,4,0
5916,0,2,4,0,0,1,4,1,1,1,4,4,4,1,4,0,3,4
5917,0,1,0,0,1,1,0,0,1,2,2,2,0,1,1,0,1,0
5918,0,2,4,1,0,4,0,0,0,2,0,2,3,0,3,3,0,0
5919,0,4,4,3,4,2,4,0,1,2,4,3,1,2,1,1,1,2
5920,0,4,0,0,0,0,0,0,0,3,3,3,0,1,0,0,4,0
5921,0,4,0,0,0,4,0,0,0,3,2,3,0,1,1,0,3,0
5922,3,4,4,0,1,2,0,0,1,4,1,2,1,0,3,3,1,0
5924,2,1,0,1,1,2,0,0,3,3,1,2,1,0,3,1,1,1
5925,0,3,1,0,4,4,1,4,4,2,4,3,4,4,2,4,4,2
5926,0,0,0,0,3,3,0,0,0,1,2,2,4,0,4,0,4,0
5927,0,3,3,1,0,2,0,1,2,2,1,3,1,2,3,2,3,4
5928,0,4,0,0,4,0,0,0,0,2,2,2,0,2,0,0,4,0
5929,0,2,4,0,4,0,0,1,0,2,2,3,0,3,0,0,3,0
5930,1,3,1,0,3,3,0,2,4,1,1,1,1,4,2,3,2,4
5931,0,0,0,0,1,1,0,0,0,4,2,2,0,2,4,0,1,0
5932,4,4,1,4,0,2,0,1,1,2,3,3,3,2,1,1,3,2
5933,0,3,3,0,0,4,0,0,0,2,2,4,0,4,4,0,4,4
5934,1,1,4,0,0,3,4,4,2,1,4,4,2,4,3,1,1,1
5935,0,3,0,0,2,0,1,4,3,3,4,2,0,2,3,0,2,0
5936,1,2,4,0,4,2,0,0,4,1,4,3,2,4,2,1,4,1
5937,0,0,3,0,1,4,0,1,4,1,4,2,1,1,2,1,1,0
5938,1,1,2,1,1,1,0,0,4,1,2,1,2,1,3,2,4,1
5939,2,2,1,0,4,2,1,4,1,2,4,4,1,4,2,2,4,3
5940,0,4,4,0,0,1,1,2,3,3,3,3,1,1,4,0,3,0
5941,0,4,0,0,0,3,0,3,1,3,3,2,0,2,3,0,3,0
5942,2,4,2,0,0,3,4,4,1,1,1,2,3,1,2,2,3,3
5943,0,1,2,0,3,1,0,1,1,2,2,3,4,3,4,0,2,1
5944,1,2,4,1,0,3,0,0,1,3,4,1,1,0,1,4,0,0
5945,0,1,1,0,3,1,0,4,0,2,2,3,4,2,1,0,2,0
5946,0,0,4,0,0,0,4,1,0,4,2,1,4,1,1,0,1,0
5947,0,4,1,0,1,4,0,1,4,2,4,4,3,2,1,4,1,1
5948,1,1,1,1,0,4,0,0,2,4,4,4,2,0,3,2,0,3
5949,0,4,4,0,4,4,4,0,0,3,4,4,0,0,4,0,4,0
5950,1,1,4,2,0,3,0,0,1,4,2,3,3,0,1,1,1,2
5951,0,1,0,0,2,0,0,2,1,3,1,1,0,1,0,0,2,0
5952,0,2,0,0,3,0,0,0,0,3,3,2,0,4,0,0,0,0
5953,0,2,2,4,2,4,0,1,0,1,4,3,1,4,3,1,4,0
5954,1,3,4,0,0,2,0,4,1,4,4,2,3,4,1,0,4,4
5955,0,3,0,0,3,0,0,0,0,3,2,3,0,0,0,0,4,0
5956,2,1,1,0,0,2,4,4,1,1,0,2,1,0,3,2,1,1
5957,4,4,2,2,0,3,0,4,0,3,2,1,1,4,1,4,1,1
5958,0,1,0,0,0,4,1,0,1,3,1,1,0,0,3,4,1,0
5959,0,3,0,0,3,2,0,4,2,3,4,3,0,1,2,0,2,1
5960,1,0,0,0,4,2,0,0,1,4,4,4,4,4,1,0,4,1
5961,0,1,4,0,0,0,0,2,0,1,4,3,0,4,0,0,4,0
5962,0,0,0,0,0,0,0,0,0,3,4,2,0,4,0,0,1,0
5963,4,1,0,0,1,3,0,0,4,1,4,1,2,4,1,4,1,4
5964,0,4,0,0,3,0,0,0,1,3,2,3,0,2,0,0,4,0
5965,0,2,1,0,0,4,0,2,0,3,2,2,3,1,3,4,3,0
5966,4,4,0,0,0,1,0,0,0,3,4,4,3,0,1,1,0,0
5967,1,3,3,0,0,4,0,0,4,3,1,1,2,0,1,3,0,4
5968,1,2,0,0,4,2,0,0,1,1,1,3,4,0,4,2,1,1
5969,0,4,0,0,3,0,0,0,0,2,3,3,0,1,1,0,4,0
5970,1,1,1,1,0,3,0,0,4,2,0,1,4,0,1,4,0,1
5971,4,4,4,0,1,3,4,0,2,3,4,4,1,4,3,2,3,4
5972,0,2,0,0,4,3,0,2,2,4,1,3,0,3,1,0,2,4
5973,0,2,4,0,1,0,0,4,3,4,3,2,0,3,3,0,3,0
5974,0,3,1,0,4,1,1,3,4,2,3,2,0,3,1,0,2,0
5975,0,1,1,1,1,4,0,0,3,2,1,2,2,1,1,3,2,4
5976,4,4,4,0,0,2,0,0,0,3,1,4,1,1,1,1,0,3
5977,0,4,2,1,0,2,0,4,4,2,4,4,3,0,2,4,4,0
5978,0,2,1,0,1,1,0,0,4,2,1,2,1,2,1,1,1,0
5979,1,4,1,0,0,4,0,0,0,3,3,3,4,4,4,0,1,0
5980,0,4,0,0,0,0,4,4,1,3,3,4,0,4,4,0,1,0
5981,1,1,3,1,0,1,0,0,0,1,3,2,0,4,1,1,4,0
5982,0,4,0,0,1,2,3,4,2,1,1,1,0,2,4,0,3,0
5983,0,1,1,0,1,1,0,0,0,4,1,2,1,0,3,1,0,4
5984,0,2,2,0,0,4,0,0,0,1,0,2,2,0,1,2,0,0
5985,0,3,0,0,0,0,0,0,0,2,1,3,0,0,1,0,0,0
5986,0,2,0,0,4,0,0,0,0,4,2,2,0,0,0,0,1,0
5987,0,3,0,0,4,0,0,0,0,2,2,3,2,1,4,1,0,0
5988,0,1,2,0,0,1,0,0,3,3,2,3,4,1,2,0,1,0
5989,0,2,0,0,3,0,0,0,0,3,3,3,0,1,0,0,2,0
5990,0,2,0,0,1,1,0,0,1,3,1,1,1,0,4,4,0,1
5991,0,2,0,0,0,1,0,0,1,3,2,3,4,2,4,0,4,0
5992,0,4,0,0,0,0,0,0,0,3,2,3,0,1,0,0,1,0
5994,0,1,0,0,0,0,0,0,0,4,3,3,0,4,1,4,3,0
5995,0,1,0,0,1,1,0,0,0,2,2,2,0,3,4,0,2,1
5996,1,4,4,4,1,2,0,0,1,1,1,2,1,0,2,2,1,1
5997,0,4,0,0,0,0,0,0,3,1,0,2,4,0,4,0,0,0
5998,0,3,2,0,0,4,0,4,3,4,1,2,0,3,4,0,3,0
5999,1,4,2,1,0,2,0,0,1,2,0,2,1,0,2,1,0,1
6000,0,4,4,0,4,3,0,0,2,2,4,4,4,1,4,4,1,0
6001,2,2,4,4,0,3,0,0,2,1,0,2,2,0,4,0,0,0
6002,0,1,0,0,2,0,0,1,4,3,2,3,0,4,1,0,4,0
6003,0,1,0,0,0,1,0,0,0,2,1,1,1,4,3,1,0,1
6004,0,3,1,0,0,4,0,0,4,2,2,3,4,0,3,0,2,0
6005,4,2,1,0,0,2,1,0,4,1,1,1,2,0,2,2,4,3
6006,1,1,1,0,1,1,0,0,3,2,1,1,2,1,2,2,1,3
6007,0,4,2,0,2,4,0,0,0,4,3,3,0,2,4,0,1,0
6008,0,3,2,0,4,1,0,1,4,2,1,2,2,3,1,4,1,2
6009,0,1,0,0,4,0,0,0,0,2,3,2,1,0,0,0,0,0
6010,0,0,0,0,0,4,4,4,0,3,3,2,0,1,4,0,0,0
6011,4,1,1,0,0,3,0,0,0,4,0,1,3,0,3,0,0,0
6012,0,1,1,1,0,4,0,0,1,0,1,2,4,1,2,1,1,0
6013,0,4,0,0,0,0,0,0,4,0,2,2,0,4,0,0,0,0
6014,0,0,0,0,0,0,0,0,0,2,3,3,1,0,0,0,1,0
6015,3,1,0,2,0,3,0,0,0,3,0,3,2,0,2,3,0,1
6016,0,1,0,0,4,0,0,0,0,1,2,2,0,1,1,0,4,0
6017,0,2,0,0,3,3,0,3,2,2,3,3,0,4,1,0,3,4
6018,0,2,0,0,1,0,0,0,0,3,3,3,0,4,0,0,1,0
6019,0,2,1,2,2,4,0,4,3,2,3,3,4,1,3,4,3,3
6020,3,2,0,4,0,3,0,0,3,2,3,2,3,3,2,1,3,4
6021,1,4,1,1,1,3,0,0,0,2,2,3,2,4,1,3,4,3
6022,0,4,2,0,4,3,0,4,2,3,4,3,1,2,3,3,1,0
6023,0,3,0,4,0,3,0,0,4,2,4,2,3,4,2,0,0,2
6024,0,4,0,0,0,4,0,0,4,3,1,4,0,1,1,0,4,0
6025,0,1,1,0,4,1,0,1,1,1,2,1,0,1,4,0,3,1
6026,0,3,3,0,4,1,1,2,3,3,3,1,0,2,1,0,1,0
6027,0,4,0,0,4,0,4,1,1,2,2,1,0,2,0,0,1,0
6028,0,4,0,0,1,0,0,0,0,3,2,2,0,4,0,0,3,0
6029,1,2,4,4,0,3,0,0,1,2,4,3,2,0,3,1,0,1
6030,0,0,0,0,1,0,0,0,0,2,2,2,0,2,0,0,1,0
6031,0,2,0,0,1,1,1,0,3,1,2,3,0,4,4,0,1,0
6032,0,1,0,0,0,0,0,4,4,1,2,2,0,4,4,0,3,4
6033,4,2,1,0,3,3,0,2,3,3,2,2,4,4,2,0,2,4
6034,0,3,0,0,2,0,0,0,0,2,2,3,0,3,0,0,2,0
6035,0,3,2,4,0,3,0,0,1,3,0,2,2,0,2,1,0,0
6036,0,2,2,0,0,1,0,0,4,2,0,2,3,0,2,0,0,4
6037,0,1,0,0,3,3,0,2,2,3,2,3,4,2,1,0,2,0
6038,4,2,1,0,4,2,1,1,1,1,4,2,2,1,1,4,1,0
6039,0,3,1,0,4,0,0,0,0,4,4,4,0,0,4,1,4,3
6040,0,3,0,0,4,4,0,0,4,3,3,4,0,4,0,0,0,0
6041,4,0,0,0,0,3,0,4,2,1,2,1,3,4,1,0,0,0
6042,3,2,1,0,3,2,1,0,2,2,1,2,1,2,1,3,3,1
6043,0,2,0,0,2,4,0,1,1,1,2,3,4,2,0,0,2,4
6044,0,4,4,0,1,4,4,2,2,3,1,3,4,3,4,0,3,0
6045,0,4,0,0,1,0,0,2,0,1,1,2,0,3,1,0,3,4
6046,0,4,1,0,3,1,1,1,1,1,2,3,1,2,4,0,3,0
6047,0,3,1,0,4,2,1,1,3,2,2,3,1,1,2,0,4,0
6048,0,4,0,0,0,0,0,0,0,3,2,2,0,3,4,0,3,0
6049,0,4,4,0,4,4,0,0,0,4,3,4,0,0,4,0,4,0
6050,0,2,2,1,0,2,0,0,1,1,4,3,2,4,3,2,2,0
6051,0,0,3,0,0,4,0,0,3,2,4,4,4,4,4,0,0,0
6052,0,4,0,0,0,0,0,0,0,1,1,2,0,4,4,0,0,0
6053,0,3,0,0,2,0,0,0,0,1,3,3,4,2,0,0,3,0
6054,0,1,2,0,1,0,0,1,1,1,3,2,0,2,1,0,1,4
6055,0,3,4,3,0,2,0,0,3,3,4,3,4,4,1,1,3,2
6056,4,1,1,2,0,1,0,0,1,4,4,3,2,0,3,1,4,2
6057,0,2,0,0,0,4,1,3,1,1,1,2,0,3,4,0,1,0
6058,0,1,0,0,0,4,0,1,2,1,4,3,0,3,1,4,2,4
6059,4,1,1,0,0,2,3,4,1,4,3,4,2,4,2,4,1,3
6060,0,4,0,0,3,1,0,3,3,4,4,2,4,2,0,0,3,0
6061,1,3,0,0,0,0,0,0,0,3,3,2,4,1,4,3,3,0
6062,0,0,4,0,1,4,0,1,4,2,3,1,0,3,3,0,1,0
6063,0,1,0,0,0,1,1,3,0,4,1,2,0,4,2,0,3,0
6064,0,3,0,0,4,0,0,0,4,3,3,3,0,4,4,0,2,0
6065,0,1,4,0,0,4,0,0,0,1,4,2,1,0,1,0,4,0
6066,0,4,4,0,4,0,0,1,0,4,2,3,0,1,4,0,4,4
6067,4,2,1,2,3,2,0,0,1,1,4,1,1,4,4,4,0,0
6068,4,4,0,1,0,4,0,0,4,1,0,1,2,0,2,1,0,0
6069,0,4,2,0,4,3,4,4,4,2,2,3,4,1,2,0,2,0
6070,1,1,2,0,4,2,1,4,2,2,2,4,1,1,2,2,1,1
6071,1,3,3,0,0,2,0,0,1,1,2,1,1,0,4,1,0,4
6072,1,2,1,4,0,4,0,0,1,1,1,2,2,1,2,2,1,3
6073,0,1,0,0,0,1,0,3,4,2,2,3,0,3,2,0,3,4
6074,0,1,4,0,1,3,0,4,2,2,2,2,0,4,2,0,2,4
6075,0,4,0,0,3,0,0,0,0,2,3,3,0,3,0,0,1,0
6076,4,1,0,0,0,4,0,0,3,2,2,2,3,1,4,2,3,4
6077,0,4,0,0,2,1,0,1,4,1,3,3,4,4,1,0,3,0
6078,1,2,1,0,0,1,0,0,0,1,1,1,4,0,1,2,0,3
6079,1,2,4,3,0,2,0,0,3,2,0,3,3,1,3,4,0,4
6080,1,4,4,0,0,3,0,0,4,4,4,3,2,0,4,3,1,2
6082,0,3,0,0,4,0,1,2,4,3,2,2,0,2,3,0,4,0
6083,4,2,2,0,0,3,0,0,4,1,4,1,2,0,1,4,0,4
6084,0,0,0,0,1,0,0,1,0,2,3,3,0,2,0,0,4,0
6085,0,1,1,0,1,1,4,4,4,3,4,3,1,2,1,0,4,0
6086,0,1,0,0,1,0,0,1,2,3,3,3,0,2,1,0,4,4
6087,1,0,2,0,0,4,0,0,4,4,4,3,4,4,4,3,0,1
6088,1,4,1,4,0,4,0,0,1,2,0,1,3,0,2,0,0,0
6089,4,1,0,0,0,1,0,0,0,0,4,3,4,3,1,0,3,0
6090,0,2,0,0,1,0,1,1,4,4,1,3,0,1,0,0,3,0
6091,1,1,0,0,0,0,0,0,0,2,0,2,3,0,1,0,0,0
6092,1,2,3,0,1,1,0,4,2,1,1,1,4,2,2,4,0,0
6093,0,1,1,0,4,4,0,3,1,3,2,2,1,3,4,0,4,0
6094,0,3,1,0,0,0,0,0,1,1,1,1,0,0,2,3,0,3
6095,0,4,2,0,3,1,0,2,4,4,3,3,0,2,2,0,4,4
6096,3,2,2,1,0,1,0,1,2,3,1,2,3,0,3,3,0,2
6097,0,4,0,0,0,4,0,3,1,3,2,2,0,3,4,0,3,0
6099,2,1,1,0,0,1,0,4,4,4,1,2,1,1,2,2,4,0
6100,0,1,1,4,0,3,3,1,4,1,1,2,3,2,2,2,3,4
6101,0,2,0,0,1,0,0,1,4,1,2,3,1,2,4,0,2,0
6102,1,2,4,1,0,3,0,0,1,1,3,4,2,0,3,0,0,1
6103,0,3,0,0,1,0,4,2,4,4,2,4,0,3,0,0,2,0
6104,0,3,0,0,1,0,0,0,0,2,3,3,0,4,0,0,1,0
6105,0,4,4,0,1,1,0,0,0,1,3,2,0,2,4,0,1,1
6106,0,2,0,0,4,0,0,0,0,4,2,2,0,1,1,0,3,0
6107,2,3,1,4,0,1,0,0,0,4,4,4,4,2,3,4,4,4
6108,0,4,0,0,1,0,0,0,0,3,3,4,0,0,0,0,4,0
6109,1,3,3,0,0,3,0,0,0,2,1,2,2,0,4,0,0,1
6110,2,3,0,0,0,1,0,0,4,4,1,1,1,1,3,3,0,4
6111,0,3,0,0,1,3,0,4,4,1,1,1,0,3,2,0,1,0
6112,0,1,4,0,4,0,0,4,4,3,3,2,1,1,0,0,2,0
6113,4,3,4,0,0,4,0,0,4,4,0,4,4,0,4,3,0,4
6114,0,1,4,3,4,3,0,0,4,2,2,3,0,0,4,0,0,0
6115,0,4,1,0,0,4,0,4,0,4,3,3,4,4,2,0,3,0
6116,0,2,4,0,0,4,0,0,1,3,1,2,3,0,1,1,0,0
6117,0,4,4,1,3,1,0,1,4,1,4,2,0,3,4,0,4,4
6119,0,4,3,0,0,2,0,1,0,2,1,2,3,3,3,1,4,2
6120,0,3,0,0,0,1,3,2,1,3,4,3,0,2,1,0,3,0
6121,0,3,4,0,0,1,0,0,1,3,3,2,2,4,4,1,0,2
6122,0,1,0,0,4,4,0,4,0,1,2,1,0,4,0,0,4,4
6123,1,3,1,1,0,0,4,4,1,2,3,4,2,4,1,4,3,1
6124,4,1,1,0,0,3,0,0,0,4,0,1,3,0,1,2,0,1
6125,0,1,3,2,0,2,0,0,0,1,1,1,2,1,3,3,0,1
6126,0,4,0,0,0,0,0,4,4,2,3,4,1,2,0,4,3,0
6127,0,3,1,0,4,1,0,0,0,2,3,2,0,1,4,0,1,0
6128,2,3,4,1,1,2,2,0,2,3,1,4,1,1,4,4,0,4
6129,1,2,4,4,0,2,0,0,0,2,2,2,2,4,1,1,1,1
6130,0,1,2,0,0,3,0,0,1,1,1,2,2,1,1,2,0,2
6131,4,2,0,0,1,4,0,4,4,3,1,2,4,1,4,2,2,4
6132,1,2,1,3,0,4,0,0,0,2,4,1,1,0,1,0,0,2
6133,1,1,3,4,0,4,0,4,2,3,1,1,4,1,1,4,0,4
6134,4,4,1,1,0,4,0,0,1,2,4,3,2,4,2,3,0,1
6135,0,4,0,1,3,2,0,4,3,4,3,3,4,2,4,0,2,0
6136,0,4,1,0,1,1,0,1,1,1,2,1,2,4,2,4,4,4
6137,0,1,1,0,0,2,0,0,3,3,1,1,1,0,2,3,0,2
6138,1,1,1,0,1,2,0,0,3,1,4,2,1,4,1,0,4,3
6139,3,3,1,0,0,3,0,0,2,3,0,3,3,0,1,3,0,3
6140,0,3,1,0,4,1,0,3,0,1,1,1,1,1,4,0,4,4
6141,1,2,1,0,0,1,0,0,1,3,0,3,3,0,2,2,0,3
6142,1,2,1,2,1,4,0,0,1,4,1,1,3,1,1,2,4,1
6143,0,4,2,0,3,4,0,0,0,2,2,3,1,2,4,4,3,0
6144,0,4,4,1,0,1,0,0,0,0,0,4,4,0,0,0,0,4
6145,0,1,0,0,1,4,4,1,1,3,1,2,4,2,1,0,2,0
6146,0,3,3,1,0,3,0,0,4,4,0,4,4,0,3,1,0,0
6147,0,1,0,0,0,4,1,4,3,3,3,3,0,3,4,0,2,0
6148,0,3,0,0,0,1,0,3,0,3,1,2,1,1,1,1,2,0
6149,1,1,1,3,3,3,0,0,2,1,1,1,2,1,1,4,3,2
6150,0,2,4,0,0,1,0,0,0,1,1,2,1,0,1,0,0,1
6151,0,4,0,0,1,4,1,2,4,1,3,3,0,4,3,3,3,1
6152,2,1,3,4,0,1,0,0,1,4,4,4,2,0,2,4,4,4
6153,0,4,4,0,1,1,0,4,2,4,2,2,0,2,2,4,3,1
6154,0,1,1,0,2,1,0,4,4,3,4,2,0,3,4,0,2,0
6155,0,4,1,0,1,1,4,1,4,3,4,2,3,4,0,0,2,0
6156,0,0,0,0,0,1,0,0,0,1,2,1,0,1,0,0,4,0
6157,4,3,1,0,2,1,0,3,0,2,3,4,4,1,4,1,3,4
6158,0,4,0,1,0,1,0,0,1,1,0,3,0,0,2,0,0,0
6159,0,4,0,0,3,3,0,3,0,2,4,4,0,4,4,0,3,1
6160,0,2,3,2,0,3,0,0,1,1,1,1,1,0,3,0,1,0
6161,0,3,3,0,3,3,0,4,0,4,1,2,0,1,2,0,2,3
6162,4,0,0,4,0,3,0,0,1,4,4,2,2,4,2,2,0,4
6163,0,3,3,0,3,1,2,2,3,3,1,3,4,1,2,4,1,4
6164,0,2,4,4,0,2,0,0,1,1,1,2,3,2,2,0,1,1
6165,1,2,4,0,0,1,0,0,4,2,0,1,4,0,4,3,0,0
6166,0,4,0,0,4,0,0,0,0,3,3,3,0,0,0,0,4,0
6167,0,1,1,0,4,1,0,1,2,3,1,2,4,3,4,1,2,4
6168,1,1,1,0,0,4,0,1,0,1,1,1,1,1,1,0,0,0
6169,4,1,4,1,0,1,0,0,3,2,0,2,4,0,2,3,0,3
6170,0,1,4,0,1,4,0,4,0,1,2,1,0,4,4,0,1,4
6171,0,3,3,0,4,1,0,1,0,2,1,3,0,3,2,0,2,0
6172,0,1,0,0,4,0,0,2,0,1,3,3,0,4,0,0,3,4
6173,1,3,1,0,0,0,0,0,0,3,4,2,2,0,1,1,0,1
6174,4,4,1,0,4,3,1,1,1,1,4,4,0,1,2,0,3,4
6175,0,4,0,0,1,1,2,1,2,1,3,2,0,2,4,0,1,4
6176,1,2,4,3,0,1,0,1,1,1,1,1,3,1,4,1,1,0
6177,4,4,4,0,0,1,0,2,0,1,3,1,4,1,3,4,0,4
6178,0,3,4,0,1,0,0,1,0,4,2,3,0,4,1,0,4,0
6179,0,4,1,0,0,4,0,4,0,3,4,3,2,3,2,0,4,3
6180,0,2,4,0,4,4,0,2,2,2,3,3,4,3,2,0,1,1
6181,2,1,4,4,4,3,0,0,0,4,4,2,4,1,2,1,0,1
6182,0,3,0,0,4,4,0,0,0,4,2,3,0,4,4,0,2,0
6183,4,4,1,1,0,2,0,4,2,4,1,2,2,3,4,3,1,4
6184,0,3,3,0,4,2,0,4,3,2,4,4,4,3,4,3,2,0
6185,0,2,0,0,0,4,0,0,3,3,1,2,3,0,0,3,0,3
6186,0,1,0,0,1,0,0,0,0,2,2,3,4,1,2,0,1,0
6187,4,2,2,0,1,1,0,1,0,2,1,1,4,2,4,4,1,4
6188,0,3,1,4,0,2,0,2,4,1,2,2,3,2,1,0,3,4
6189,0,2,4,0,1,1,0,2,4,3,3,3,4,3,4,0,2,1
6190,0,4,4,0,3,1,0,3,0,2,3,3,0,4,3,0,4,4
6191,0,3,4,0,4,0,0,4,1,3,2,1,0,3,1,0,1,0
6192,1,4,3,3,0,4,0,0,0,3,2,3,4,1,2,4,4,0
6193,0,4,0,0,4,1,0,1,0,2,1,1,4,1,1,4,1,1
6194,0,3,1,0,0,3,0,0,1,2,0,2,1,0,2,1,0,3
6195,0,0,0,0,2,1,0,1,4,1,1,2,0,1,1,0,4,0
6196,4,4,3,0,0,1,0,0,4,1,1,3,4,0,3,2,1,1
6197,0,1,1,0,2,1,0,1,1,3,2,3,4,2,0,0,2,0
6198,0,1,1,0,0,1,0,0,0,2,1,1,1,1,2,1,1,1
6199,0,1,0,0,0,1,3,4,1,2,2,2,0,4,1,0,1,0
6200,0,0,4,1,0,1,0,1,2,1,1,1,0,4,1,1,3,1
6201,0,3,1,0,1,3,0,2,4,4,3,3,0,1,1,0,4,0
6202,1,1,3,3,0,1,3,0,1,1,1,3,2,0,3,4,0,3
6203,0,2,1,1,0,2,0,1,4,2,1,1,1,1,1,0,4,1
6204,0,4,0,0,4,0,0,0,0,4,1,3,0,2,3,0,1,0
6205,1,2,3,0,1,4,0,1,3,1,1,1,4,0,2,0,1,3
6206,0,2,0,0,3,0,0,0,0,2,3,3,0,1,4,4,4,0
6207,1,1,0,0,0,4,0,4,0,1,1,1,4,4,1,0,0,0
6208,1,0,0,0,0,0,0,4,2,2,1,1,4,0,1,0,0,0
6209,0,2,0,0,1,0,0,0,4,1,2,4,0,4,0,0,3,0
6210,1,1,1,1,3,1,0,0,0,1,1,1,1,1,1,0,1,0
6211,0,3,2,0,1,1,0,4,3,1,4,1,4,1,2,4,1,1
6212,0,4,4,0,3,1,0,2,0,3,2,3,0,1,2,0,2,0
6213,0,3,1,0,1,2,3,3,3,1,2,2,0,2,1,0,1,1
6214,4,1,3,4,1,1,0,0,3,3,1,3,3,3,1,0,2,0
6215,0,3,0,0,3,2,0,1,0,2,3,3,0,2,1,0,2,4
6216,1,2,3,1,4,4,1,4,3,2,2,1,3,4,2,3,0,4
6217,1,2,1,3,0,0,0,0,0,2,1,4,1,0,2,1,0,1
6218,0,1,1,1,0,2,0,0,1,2,4,2,2,0,2,1,0,1
6219,1,1,0,0,0,1,0,4,3,4,3,3,1,3,2,0,4,0
6220,1,4,0,0,0,2,0,1,1,2,1,4,3,0,4,1,0,4
6221,0,4,0,0,1,0,4,4,4,4,2,2,0,4,3,0,0,0
6222,1,1,1,0,0,1,0,0,0,2,0,2,3,0,4,3,0,4
6223,0,3,2,0,0,4,0,0,4,2,4,1,4,4,1,2,1,3
6224,2,3,4,1,0,3,0,0,0,1,3,1,2,4,4,4,4,3
6225,0,1,0,0,0,4,0,3,0,2,2,1,0,1,0,0,1,0
6226,1,1,1,0,0,3,0,4,3,3,3,1,2,2,3,0,4,4
6227,0,3,1,0,1,4,0,1,3,2,4,2,1,2,3,1,2,1
6228,3,3,1,4,0,3,1,0,4,3,4,2,1,4,4,2,0,4
6229,0,1,4,0,0,4,4,0,3,4,0,4,4,0,2,0,0,0
6230,4,3,2,0,0,1,0,0,4,3,4,4,3,4,2,3,0,3
6231,0,4,1,0,0,4,0,0,4,1,4,3,1,3,1,4,0,3
6232,0,3,0,0,0,0,0,4,0,1,2,3,4,1,3,0,3,0
6233,0,3,0,0,1,0,0,0,1,2,2,2,0,0,4,0,0,0
6234,0,3,0,0,4,4,0,1,1,4,3,2,0,2,1,0,1,0
6235,0,4,0,0,4,0,0,0,4,1,2,2,0,4,0,0,0,0
6236,4,1,3,1,1,3,0,1,1,1,1,2,4,4,1,1,1,3
6237,0,1,0,0,0,0,0,1,1,2,3,3,1,4,1,0,0,0
6238,0,3,3,1,0,2,0,0,4,4,0,3,2,0,4,1,0,2
6239,0,4,1,0,1,2,0,0,2,3,1,2,1,0,1,0,1,1
6240,0,4,0,0,3,1,0,2,1,4,3,3,2,2,1,0,4,0
6241,0,4,0,0,0,4,0,0,0,2,0,1,3,0,4,0,0,0
6242,0,1,2,1,0,2,0,0,1,1,4,2,1,0,3,0,0,4
6243,0,1,0,1,1,4,0,0,1,2,1,1,2,1,1,3,1,4
6244,0,0,0,0,4,0,0,1,4,2,2,1,0,3,4,0,4,1
6245,2,4,4,4,0,4,0,1,4,3,3,3,1,2,3,4,4,4
6246,0,2,0,0,1,0,0,0,0,2,3,2,0,4,0,0,0,0
6247,3,1,3,1,0,1,0,0,1,4,1,4,4,1,3,3,0,1
6248,0,3,0,0,0,1,0,0,0,4,2,1,0,4,0,0,2,0
6249,0,0,0,0,4,1,0,0,0,2,2,2,0,1,1,0,2,0
6250,0,3,1,0,3,0,0,0,3,1,2,1,1,4,1,0,1,0
6251,1,3,3,0,0,1,0,0,4,3,1,2,4,4,1,1,4,3
6252,0,2,2,0,0,1,0,0,2,3,4,2,2,0,4,1,4,1
6253,0,3,0,0,3,3,1,4,2,3,3,3,0,1,1,0,1,0
6254,1,2,1,0,0,3,0,0,1,2,4,1,1,4,1,1,0,2
6255,0,4,0,0,3,1,0,4,0,3,3,2,0,1,1,0,3,0
6256,0,3,4,0,0,2,0,0,4,3,1,3,3,4,4,4,0,4
6257,0,3,2,0,0,1,0,0,1,3,4,1,3,0,2,1,4,1
6258,1,2,1,0,4,1,0,2,0,1,3,2,2,3,1,2,3,1
6259,2,2,4,0,0,3,0,0,3,1,0,1,1,0,4,0,0,4
6260,0,4,0,0,0,0,0,0,0,1,2,3,1,4,4,0,3,0
6261,1,2,1,0,0,4,0,0,0,1,1,2,2,1,4,0,0,4
6262,0,0,0,0,0,1,0,0,0,3,1,2,0,4,0,0,1,0
6263,0,2,1,0,4,1,0,0,1,3,3,3,1,0,0,0,4,4
6264,3,3,3,0,0,3,4,0,4,2,4,4,3,1,3,1,4,4
6265,0,2,1,0,0,4,0,0,2,2,0,2,1,0,2,1,0,1
6266,0,4,4,4,1,0,0,4,1,3,3,2,3,1,3,0,0,0
6267,4,2,3,1,0,3,0,0,4,4,4,4,3,0,3,4,0,2
6268,0,3,0,0,1,0,0,4,0,4,4,4,0,1,4,0,3,0
6269,0,2,4,0,0,3,0,4,4,3,0,2,3,4,2,1,4,4
6270,0,2,0,0,3,0,0,0,0,3,2,2,0,1,0,0,1,0
6271,0,3,0,0,0,0,0,3,3,1,3,2,0,3,0,0,3,0
6272,0,0,0,0,0,0,0,0,0,2,2,3,0,0,0,0,0,0
6273,0,2,1,0,1,4,0,0,0,2,4,1,1,4,3,1,1,2
6274,0,1,0,0,1,0,2,3,2,1,1,2,0,2,1,0,1,0
6275,0,3,4,0,1,4,0,1,1,4,3,1,0,4,4,0,1,0
6276,3,4,2,4,0,4,0,0,4,2,4,4,4,0,3,3,0,1
6277,4,3,0,4,4,3,2,4,2,2,1,2,2,3,2,3,3,2
6278,4,3,3,0,0,4,0,0,0,4,3,3,3,3,1,3,0,3
6279,2,2,3,0,4,2,0,0,0,2,4,4,1,1,2,0,4,0
6280,4,1,2,3,0,2,0,0,1,1,4,2,3,0,1,2,0,0
6281,0,1,1,0,4,1,0,1,1,2,1,2,1,1,1,1,1,1
6282,1,3,2,0,0,0,0,0,1,3,1,2,3,0,1,3,0,2
6283,0,3,4,3,4,2,0,2,3,4,3,1,1,4,2,1,1,1
6284,0,2,0,1,4,4,0,1,1,2,4,2,1,1,2,0,1,0
6285,0,2,4,0,4,4,0,3,4,4,3,3,0,2,0,0,2,0
6286,0,1,0,0,4,1,0,1,4,1,2,2,0,2,0,0,4,0
6287,4,3,2,3,0,2,0,0,0,1,0,1,1,0,3,4,0,4
6288,0,1,3,0,0,1,0,0,0,2,0,1,4,0,1,0,0,2
6289,0,3,1,0,0,3,0,0,0,3,4,2,4,0,3,1,0,1
6290,2,2,0,1,0,1,0,0,1,2,4,3,3,4,2,4,0,3
6291,1,4,4,0,1,3,0,0,1,4,1,1,3,1,2,3,1,4
6292,0,1,0,0,1,3,2,2,2,3,3,2,0,3,4,0,1,3
6293,0,2,0,0,0,1,0,0,0,2,0,3,2,0,1,4,0,3
6294,0,1,0,0,1,0,0,0,0,2,2,1,0,0,1,0,1,0
6295,0,3,0,0,4,0,0,4,1,2,2,1,0,1,0,0,3,0
6296,0,2,1,0,2,0,1,2,1,3,2,2,0,4,1,0,1,1
6297,0,1,4,0,0,1,0,0,0,3,1,1,3,0,2,0,0,0
6298,0,2,0,1,0,4,0,0,1,1,4,3,0,4,0,1,0,0
6299,1,0,1,0,0,3,0,0,1,1,4,1,1,0,1,1,0,1
6300,1,3,2,0,2,4,0,0,3,3,2,3,4,4,3,0,4,0
6301,0,4,3,0,4,3,0,4,0,1,2,1,1,4,2,3,3,4
6302,3,1,0,0,0,4,0,0,0,4,1,3,3,0,4,4,1,4
6303,1,2,1,3,0,4,0,0,1,3,4,3,1,4,1,2,0,3
6304,4,3,4,0,4,1,0,4,4,1,4,3,4,2,2,4,4,2
6305,0,1,0,0,4,0,0,4,1,1,3,2,0,4,4,0,2,0
6306,0,2,0,0,0,0,0,4,0,1,2,2,0,0,0,0,4,0
6307,0,2,1,1,0,1,0,0,0,2,4,2,1,1,3,0,0,1
6308,0,1,4,0,0,2,0,1,3,3,1,4,0,0,3,0,1,0
6309,1,3,2,2,0,2,0,0,3,1,4,1,4,1,2,4,0,2
6310,1,2,1,3,1,4,0,0,1,1,4,2,3,0,2,2,0,1
6311,0,3,0,0,2,0,0,0,0,2,1,3,0,4,0,0,1,0
6312,0,4,0,0,0,4,4,1,1,1,1,2,4,0,0,0,0,0
6313,0,1,1,0,1,0,0,1,4,4,2,1,0,2,1,0,2,0
6314,0,4,4,4,2,4,0,4,3,3,2,2,4,4,1,0,3,4
6315,0,3,1,0,0,0,0,0,0,1,0,3,4,0,2,3,0,0
6316,0,1,0,0,0,1,0,1,1,2,1,3,1,0,1,4,0,0
6317,1,4,3,0,0,2,0,0,4,0,0,3,1,0,3,1,0,1
6318,0,3,1,0,3,1,1,3,2,3,3,1,0,1,1,0,2,1
6319,0,3,2,0,1,1,0,4,1,3,2,2,0,3,1,1,2,1
6320,0,1,0,0,0,0,0,4,0,3,1,2,0,2,1,4,4,0
6321,2,2,3,4,1,4,1,4,2,4,2,4,3,4,3,2,3,2
6322,0,3,0,0,2,0,0,0,4,3,3,2,0,1,0,0,3,0
6323,4,3,2,2,0,2,0,0,1,1,1,1,2,0,1,0,0,3
6324,0,4,4,0,2,4,0,1,0,1,1,2,0,1,1,0,1,0
6325,1,3,2,1,4,1,0,1,1,1,1,1,2,4,3,2,4,1
6326,0,1,0,0,1,1,0,0,2,2,2,1,4,2,1,0,3,3
6327,0,4,0,0,0,0,0,3,4,2,1,2,0,2,4,0,3,0
6328,0,1,0,0,2,1,0,0,0,3,2,3,0,0,1,0,0,0
6329,0,2,1,0,0,2,0,1,1,4,3,3,0,0,2,1,0,1
6330,0,0,0,0,0,4,4,0,4,0,1,1,0,0,4,0,0,0
6331,1,4,3,0,0,4,0,0,4,4,0,4,3,0,1,4,0,4
6332,0,3,1,0,4,4,0,0,4,3,2,3,0,4,4,0,4,0
6333,1,1,3,1,0,2,0,0,1,2,1,4,4,1,1,2,0,4
6334,0,1,1,0,1,0,0,0,0,4,2,1,0,2,1,0,4,0
6335,0,3,0,4,0,1,0,4,0,4,4,1,4,4,1,0,0,1
6336,0,4,0,0,4,0,0,3,4,2,2,2,0,2,4,0,2,0
6337,0,1,0,0,0,1,0,1,1,2,2,2,0,3,3,0,3,0
6339,0,4,2,0,2,1,0,0,4,3,3,2,0,0,4,0,0,0
6340,0,1,0,0,2,0,0,0,0,1,3,3,0,3,1,0,1,0
6341,1,2,1,0,0,0,0,4,0,0,1,3,2,4,4,4,4,2
6342,0,4,0,0,3,0,1,0,3,2,1,1,0,0,0,0,4,0
6343,0,1,0,0,0,1,0,0,4,1,0,2,1,0,3,0,0,0
6344,0,2,3,2,3,4,0,4,0,1,3,3,1,1,2,1,4,4
6346,0,3,0,0,4,0,2,4,3,4,3,1,0,2,0,0,2,1
6347,0,3,4,0,4,2,0,0,0,3,4,2,4,0,4,4,0,4
6348,0,2,0,0,2,4,0,4,4,2,2,2,0,1,3,0,1,4
6349,0,3,1,0,0,0,0,1,0,1,4,1,4,1,2,0,2,0
6350,0,3,4,0,3,4,0,3,2,4,3,4,0,3,4,0,1,0
6351,0,1,0,0,1,0,0,1,4,4,2,3,0,1,4,0,2,0
6352,1,2,0,4,0,4,0,0,2,1,1,1,4,1,3,1,0,1
6353,0,1,0,0,3,0,0,2,2,3,3,2,0,3,4,0,2,4
6354,0,1,4,0,0,0,0,1,2,1,1,1,1,4,1,0,1,0
6355,2,4,1,0,0,2,3,4,3,1,2,3,4,4,2,0,2,0
6356,0,4,3,0,0,1,0,0,0,4,1,1,0,1,1,1,0,3
6357,1,1,4,0,1,1,4,2,3,3,1,1,0,1,1,0,1,0
6358,1,3,4,1,4,0,3,1,1,2,1,1,2,3,2,0,0,2
6359,0,1,1,0,0,1,0,0,0,2,1,1,0,3,4,1,2,1
6360,0,4,3,2,0,2,0,0,4,4,1,3,4,0,4,3,0,0
6361,0,4,0,0,2,0,0,0,0,2,1,2,0,4,0,1,1,0
6362,2,3,3,4,4,2,0,1,2,4,1,4,3,3,1,4,1,3
6363,0,1,3,0,2,0,0,0,4,1,2,1,0,1,3,0,1,0
6364,0,3,0,0,1,2,1,4,2,3,2,2,4,4,2,4,4,0
6365,0,3,1,0,4,1,0,0,1,3,4,3,2,0,1,0,0,1
6366,0,4,0,0,3,0,0,0,0,3,1,2,0,1,0,0,4,0
6367,0,1,4,0,4,1,0,2,2,3,3,1,0,1,0,0,4,1
6368,0,1,1,0,0,1,0,0,2,1,0,3,0,0,1,0,0,1
6369,0,3,1,0,4,0,0,2,0,2,3,3,0,1,4,0,4,0
6370,0,3,3,3,0,4,0,0,0,2,1,3,4,4,3,0,0,0
6371,0,3,3,0,4,2,0,2,3,1,2,2,3,2,3,0,3,2
6372,0,1,4,0,3,3,0,1,4,2,4,3,0,2,3,4,2,4
6373,4,4,0,0,2,0,0,4,4,3,3,3,0,4,4,0,1,0
6374,3,4,2,4,4,4,0,0,1,4,3,4,1,2,4,3,4,1
6375,0,0,1,0,0,1,0,1,2,3,0,1,0,0,2,1,4,1
6376,3,1,4,0,2,2,0,1,1,2,3,3,1,2,3,0,4,0
6377,0,0,0,0,0,2,0,1,3,2,4,4,0,2,4,0,1,1
6378,0,4,0,0,4,0,0,0,0,4,4,4,0,4,0,0,4,0
6379,0,3,2,0,0,2,0,0,3,3,4,4,4,4,4,1,4,1
6380,0,3,4,1,1,4,3,1,2,1,1,2,1,4,0,2,1,3
6381,0,2,1,0,1,4,0,1,1,2,1,1,0,2,4,0,2,0
6382,0,1,3,1,0,2,0,0,1,1,0,3,1,0,3,1,0,3
6383,0,2,0,0,0,0,0,1,1,3,3,2,0,2,0,0,4,0
6384,2,1,3,4,0,3,0,0,0,3,0,2,2,0,3,2,0,4
6385,0,1,0,0,0,0,1,1,1,2,4,3,0,2,1,0,3,0
6386,0,2,3,0,0,1,0,0,0,1,0,2,3,0,3,0,0,0
6387,0,2,2,1,4,3,0,0,4,3,4,2,1,4,2,4,0,4
6388,1,1,1,0,0,4,0,0,1,3,0,1,1,0,1,1,0,1
6389,0,1,1,4,0,1,0,0,1,4,1,4,3,4,3,4,0,1
6390,0,4,1,0,4,0,1,2,4,1,3,3,4,3,4,4,3,4
6391,0,3,1,0,0,0,0,4,0,2,2,3,0,3,1,0,2,0
6392,0,1,0,0,4,1,0,1,1,3,2,1,3,4,1,0,3,1
6393,0,0,1,1,0,4,0,0,4,1,1,1,0,1,1,0,0,0
6394,0,3,4,0,4,2,0,4,1,3,3,3,1,1,3,0,2,0
6395,0,4,2,0,0,2,0,0,4,4,3,4,4,4,4,0,4,0
6396,0,4,0,0,1,4,0,4,0,2,2,2,0,2,1,0,4,0
6397,1,4,4,0,0,1,0,0,0,4,0,1,3,0,2,1,0,4
6398,0,1,0,0,0,4,1,3,4,3,1,2,0,4,4,0,2,0
6399,0,4,1,0,0,1,0,4,1,3,3,1,3,0,3,2,2,1
6400,4,4,2,1,0,3,0,4,4,4,1,1,3,1,3,4,4,4
6401,0,2,4,0,0,0,0,1,1,4,3,3,0,3,0,0,3,0
6402,1,2,0,0,0,1,0,0,0,2,0,3,4,0,4,0,0,4
6403,4,4,2,0,2,1,0,2,2,4,4,3,3,2,1,1,1,0
6404,2,4,0,0,4,3,0,0,3,1,1,2,2,0,3,1,0,4
6405,0,0,1,0,0,0,0,0,1,1,3,2,1,0,1,0,4,0
6406,0,2,4,0,1,4,3,3,2,3,4,2,0,4,4,1,2,1
6407,0,4,3,0,0,1,0,0,0,2,0,2,1,0,4,0,0,4
6408,3,3,4,0,0,3,3,0,1,4,1,1,1,4,3,3,4,2
6409,4,4,4,0,0,0,0,0,4,4,1,4,4,4,2,2,0,4
6410,0,4,3,4,0,1,0,0,0,1,1,2,1,0,4,0,0,0
6411,2,1,3,4,4,4,0,0,2,4,3,4,1,1,4,1,1,4
6412,0,2,0,0,1,0,4,1,4,2,2,2,0,4,1,0,3,0
6413,0,2,0,0,3,3,1,4,1,2,2,2,0,1,4,0,4,0
6414,1,1,2,1,0,2,0,0,1,2,1,1,3,1,2,3,1,4
6415,0,4,0,0,4,1,2,0,0,1,2,2,0,1,2,0,1,0
6416,0,1,0,0,4,0,0,3,3,3,3,3,4,2,0,0,1,0
6417,0,0,0,0,0,0,0,0,0,2,1,1,0,0,1,0,0,0
6418,4,4,2,2,0,2,0,0,1,4,4,2,2,3,1,0,4,2
6419,0,4,0,0,1,0,4,3,4,2,2,2,1,1,4,0,2,4
6420,0,1,1,0,0,1,0,4,2,2,1,1,1,1,1,0,1,0
6421,0,3,2,0,0,0,0,0,3,1,4,1,3,0,2,1,4,0
6422,0,4,0,0,3,0,0,1,2,2,3,2,0,4,0,0,2,4
6423,0,1,4,0,4,2,0,0,1,1,1,2,1,1,2,1,4,1
6424,3,4,1,1,0,3,0,0,3,4,0,4,2,0,2,0,0,4
6425,0,4,0,0,4,0,0,0,0,1,2,1,0,4,0,0,1,0
6426,0,1,1,0,4,0,2,1,2,2,2,2,0,2,4,0,3,0
6427,4,3,1,0,1,4,0,0,4,1,1,1,4,2,4,0,1,0
6428,1,2,4,0,0,4,0,0,1,3,1,4,2,0,1,1,0,1
6429,0,2,1,0,1,4,0,4,3,1,1,3,4,2,2,0,2,0
6430,4,4,0,0,0,4,1,1,1,2,2,2,1,2,0,0,3,0
6431,1,1,1,4,0,3,4,0,3,1,4,1,3,4,3,4,3,3
6432,0,4,1,0,4,1,0,0,0,3,4,2,4,3,2,0,3,0
6433,0,2,0,0,0,0,0,0,0,2,2,2,0,4,0,0,2,0
6434,0,4,0,4,2,1,0,4,0,4,1,3,4,3,1,0,1,0
6435,1,3,4,1,1,3,1,2,2,3,1,3,1,2,3,2,2,4
6436,3,1,1,1,0,3,0,0,4,0,2,3,3,2,2,2,1,0
6437,0,3,0,0,0,4,0,4,3,1,4,3,4,4,4,0,4,1
6438,0,4,0,0,0,1,0,4,0,2,4,4,0,4,4,0,4,0
6439,1,1,2,2,0,4,0,0,0,1,2,4,4,4,4,1,1,3
6440,1,4,4,1,2,3,0,4,4,2,4,3,1,3,1,1,4,0
6441,4,4,4,3,1,3,0,4,0,3,4,4,3,3,2,1,0,0
6442,3,4,1,3,0,3,0,0,1,4,0,4,3,0,3,1,0,0
6443,1,1,3,1,4,4,0,0,1,2,3,1,3,1,1,2,1,2
6444,0,4,1,0,4,1,0,2,4,3,3,2,0,3,3,0,2,0
6445,4,4,4,4,0,2,0,4,4,3,4,4,1,1,4,1,1,3
6446,4,4,3,0,0,1,0,0,0,4,1,3,4,0,4,0,0,0
6447,0,4,0,0,0,0,0,0,0,2,3,2,0,1,3,0,1,0
6448,4,1,0,0,0,0,0,0,0,1,3,2,1,1,1,2,1,4
6449,1,2,4,0,4,3,0,0,0,2,1,1,4,1,3,2,1,4
6450,4,2,1,1,0,0,0,0,4,3,4,3,4,4,2,1,0,1
6451,0,4,0,0,3,0,0,1,4,4,4,4,4,3,4,0,2,0
6452,0,2,0,0,4,1,0,0,0,2,2,2,0,4,1,0,1,0
6453,0,2,0,0,3,0,0,4,0,1,2,3,1,4,0,0,1,0
6454,2,3,1,4,0,1,0,0,3,2,0,2,1,0,4,1,0,4
6455,0,4,4,0,4,0,0,4,1,4,4,4,0,4,4,0,3,0
6456,3,4,1,3,0,1,0,0,0,1,2,2,2,0,1,2,0,3
6457,0,1,0,2,3,2,0,1,3,4,2,3,4,1,4,1,3,0
6458,0,4,2,0,1,2,0,1,4,3,1,2,4,1,4,2,1,0
6459,4,1,2,0,4,4,0,3,4,1,4,2,3,1,1,4,3,1
6460,0,3,3,0,0,4,0,0,4,4,4,4,3,4,2,0,1,1
6461,4,2,1,0,1,3,0,0,4,1,1,2,3,3,2,0,4,0
6462,0,2,0,0,0,1,3,1,4,1,1,2,0,4,1,0,4,0
6463,1,4,4,1,0,2,0,4,3,4,4,4,1,4,3,3,0,1
6464,1,3,1,0,0,1,0,0,0,1,0,1,1,4,4,1,0,1
6465,1,1,4,1,3,3,3,1,4,4,3,2,2,4,2,4,1,1
6466,0,4,4,0,3,3,1,1,1,2,1,1,0,2,3,0,3,1
6467,0,0,0,0,2,0,0,0,0,0,1,2,0,0,0,0,1,0
6468,0,4,1,0,4,4,0,1,4,2,3,3,4,3,4,4,4,3
6469,0,4,0,0,1,0,2,4,1,3,2,3,0,3,0,0,3,0
6470,2,1,1,0,0,1,4,1,1,1,0,1,1,4,1,1,1,1
6471,2,4,1,1,0,1,1,1,1,1,4,1,1,1,1,1,0,1
6472,0,3,4,0,4,4,0,0,0,1,2,4,1,4,3,0,4,0
6473,0,4,0,0,2,4,0,1,0,2,2,3,0,4,1,1,4,1
6474,4,2,1,0,1,3,2,0,1,3,4,3,0,3,1,0,1,0
6475,0,0,0,0,0,0,0,4,0,3,4,4,4,4,1,0,4,0
6476,0,3,0,0,1,1,0,3,2,2,4,3,0,4,1,0,2,4
6477,1,3,4,0,0,1,0,0,0,1,4,4,1,2,0,0,2,0
6478,0,2,0,0,0,4,1,3,2,3,4,2,0,4,1,0,2,0
6479,0,0,0,0,1,0,0,4,4,4,3,4,0,4,0,0,2,0
6480,1,3,4,4,4,4,0,0,3,1,1,2,2,0,1,3,0,4
6481,0,4,4,0,1,1,0,0,0,3,4,4,0,1,1,0,1,0
6482,0,3,4,0,0,3,0,0,3,1,4,4,0,4,4,2,0,4
6483,0,0,0,0,0,3,0,0,3,2,1,3,0,0,2,4,0,0
6484,0,1,1,0,0,0,0,2,3,3,3,1,0,3,1,0,3,0
6485,1,4,3,0,3,3,0,0,4,4,4,1,4,4,4,4,4,4
6486,0,4,1,0,3,3,0,1,1,1,3,4,0,3,0,0,1,0
6487,0,4,0,0,1,0,0,0,0,2,4,4,0,4,0,0,1,0
6488,1,1,4,0,0,1,0,4,0,2,3,3,0,2,3,0,3,0
6489,4,1,3,1,4,1,0,0,3,4,4,4,4,4,2,1,0,3
6490,3,3,2,1,0,1,0,0,0,1,4,3,1,1,4,2,0,4
6491,0,1,4,0,0,2,0,0,0,4,4,4,4,4,4,4,4,2
6492,1,3,2,0,2,3,0,0,4,2,2,3,0,4,2,1,4,0
6493,0,4,2,4,0,4,0,0,0,3,4,4,2,0,4,3,4,4
6494,3,1,0,3,0,4,0,0,2,1,0,3,4,0,4,0,0,0
6495,1,1,1,0,2,2,0,0,3,3,3,2,3,4,3,0,1,1
6496,1,2,1,0,2,3,3,4,1,1,4,3,2,1,1,2,2,3
6497,4,3,1,2,4,2,0,0,0,2,1,4,2,0,3,3,0,0
6498,0,2,1,0,0,4,0,0,2,2,2,3,2,4,3,1,4,0
6499,0,0,3,0,4,1,0,0,0,4,0,4,1,1,4,0,1,0
6500,0,3,4,0,3,0,0,0,0,3,3,3,4,4,1,0,4,4
6501,0,2,4,4,4,2,1,1,2,1,4,3,2,1,2,2,0,3
6502,0,3,0,0,4,0,3,4,4,3,3,3,0,2,4,0,4,0
6503,0,4,4,0,3,1,0,0,0,3,2,3,0,4,1,0,4,0
6504,4,3,4,0,1,2,0,3,0,2,2,1,0,3,1,0,4,1
6505,0,4,0,0,4,1,0,4,4,4,4,4,0,4,1,0,4,0
6506,1,3,3,1,0,4,1,0,2,1,1,1,4,0,2,3,1,1
6507,0,3,1,0,3,1,4,3,1,3,3,3,0,4,4,0,2,1
6508,0,1,4,0,3,0,0,4,4,2,1,1,0,3,4,0,4,0
6509,0,0,0,0,1,0,0,0,0,0,1,1,0,1,0,0,1,0
6510,4,3,0,1,0,1,0,0,1,1,0,3,1,0,1,1,0,1
6511,0,4,0,0,4,0,0,1,4,4,1,1,0,1,0,0,1,0
6513,4,4,1,1,0,4,0,0,4,1,1,1,3,0,4,0,0,0
6514,2,1,3,0,1,4,1,1,2,1,1,2,1,1,2,0,3,4
6515,4,3,4,0,1,3,0,0,4,1,3,4,1,1,3,2,2,4
6516,4,2,2,0,0,4,2,0,3,1,0,1,4,0,2,2,1,1
6517,1,1,1,1,1,1,1,1,2,4,4,1,1,2,1,1,4,1
6518,0,1,1,0,1,1,0,3,4,1,1,1,0,2,4,0,3,0
6519,1,3,1,0,0,0,0,0,2,2,1,2,3,0,4,1,0,0
6520,0,3,0,0,1,0,0,0,0,3,1,2,0,2,4,0,1,0
6521,0,4,4,0,2,1,0,3,4,3,3,2,0,4,1,0,2,4
6522,0,4,0,0,0,2,0,0,1,4,2,4,1,3,1,2,0,0
6523,0,3,2,0,0,2,0,0,4,1,1,3,2,0,1,0,0,0
6524,0,4,3,0,4,2,0,0,0,3,1,3,2,1,4,2,1,1
6525,0,1,0,0,0,2,0,0,4,2,4,2,1,0,1,2,4,1
6526,0,0,0,0,3,3,0,2,1,2,2,4,0,4,1,0,3,1
6527,0,3,0,0,4,0,0,2,1,3,2,2,0,4,4,0,3,0
6528,1,2,1,1,0,4,1,0,4,3,4,1,1,0,3,0,0,3
6529,0,4,0,0,0,0,0,3,4,3,2,4,1,2,1,0,3,0
6530,0,0,4,0,4,4,0,0,4,1,4,4,4,3,0,0,4,4
6531,4,1,3,0,0,3,0,0,1,1,0,4,2,0,4,3,0,1
6532,0,1,1,0,4,1,4,2,0,3,3,2,0,1,2,0,2,0
6533,0,1,4,4,0,1,0,0,4,2,4,3,4,0,3,1,0,1
6534,4,3,4,0,0,2,0,0,0,2,1,4,2,1,3,4,1,1
6535,0,4,0,0,0,2,0,0,2,4,2,4,4,4,2,3,4,1
6536,0,4,0,0,3,0,0,4,4,2,3,3,0,3,0,0,4,0
6537,0,1,0,0,3,0,0,0,0,4,3,3,0,0,4,0,4,0
6538,0,1,2,0,1,1,0,0,0,1,1,2,4,2,3,2,1,2
6539,0,4,0,0,4,3,0,1,4,3,3,3,0,3,4,0,2,4
6540,0,1,1,0,0,0,0,0,0,2,2,2,0,4,1,0,0,0
6541,0,1,0,0,4,1,1,4,2,4,3,2,0,2,0,0,4,0
6542,0,2,0,0,0,4,3,1,1,0,3,3,0,4,1,0,1,0
6543,4,4,3,2,2,2,4,3,3,4,1,2,3,0,2,0,0,1
6544,0,3,0,0,4,0,0,4,1,3,3,3,0,3,0,0,4,0
6545,0,1,0,0,3,0,0,2,0,1,1,2,4,2,1,0,2,0
6546,4,1,4,0,0,4,0,0,4,4,0,4,4,0,4,4,0,3
6547,1,3,4,2,1,4,0,3,4,4,1,2,2,2,3,3,1,1
6548,2,4,3,3,0,3,0,0,3,2,0,2,4,0,2,4,0,1
6549,0,2,1,0,0,4,0,4,1,3,3,3,0,1,0,0,2,0
6550,0,1,0,0,1,4,0,0,0,3,4,3,0,1,4,0,1,0
6551,3,4,3,1,0,2,1,1,3,1,1,1,4,0,3,2,1,2
6552,4,1,3,1,0,4,0,0,3,1,4,3,4,0,3,2,0,1
6553,0,3,0,1,0,4,0,0,2,2,2,2,3,1,1,2,1,3
6554,4,3,1,0,0,2,4,1,0,2,3,2,1,4,2,0,4,1
6555,0,3,0,0,3,0,0,2,0,4,2,3,0,4,4,0,3,0
6556,0,3,0,0,2,1,0,3,1,4,3,2,0,3,3,0,3,4
6557,0,2,2,0,0,3,0,0,1,4,0,4,2,0,1,2,0,0
6558,4,4,2,1,2,3,1,1,3,1,1,1,3,1,2,1,1,4
6559,0,1,2,0,3,4,4,1,3,3,4,3,0,2,4,0,1,0
6560,0,1,0,0,3,0,0,0,0,1,3,3,0,2,0,0,4,0
6561,0,4,4,0,0,4,1,0,2,1,1,2,2,0,1,3,1,2
6562,0,4,0,0,4,0,0,0,0,2,4,3,0,0,0,0,3,0
6563,4,2,2,0,0,3,0,1,3,4,1,2,3,1,2,1,1,4
6564,0,3,0,4,0,1,0,0,0,3,0,1,1,0,3,2,0,3
6565,0,0,0,0,0,1,2,1,2,3,3,3,0,2,2,0,3,0
6566,4,3,0,1,0,2,4,0,1,1,4,2,0,0,1,2,0,3
6567,1,3,1,0,3,4,0,4,0,3,3,3,1,4,2,1,2,1
6568,0,1,1,0,0,4,0,4,2,4,4,2,1,2,3,0,3,0
6569,0,1,4,0,2,1,0,4,1,3,2,2,0,4,0,0,3,0
6570,0,1,1,0,4,4,4,2,4,4,4,2,1,2,1,0,3,1
6571,1,3,0,0,3,4,1,1,1,3,2,2,1,1,1,0,2,1
6572,1,3,1,1,0,4,0,0,4,1,3,4,4,1,1,1,0,1
6573,0,0,0,0,1,0,0,4,4,4,3,3,0,2,0,0,1,0
6574,0,4,0,0,4,1,0,1,4,2,3,2,4,3,1,0,3,0
6575,4,3,3,2,0,1,0,0,1,2,3,3,1,1,3,4,1,1
6576,0,4,0,0,4,0,0,0,1,0,2,2,0,4,0,0,3,0
6577,0,3,0,0,4,0,0,1,3,3,3,3,1,3,0,0,2,0
6578,0,3,0,0,0,1,0,0,4,2,2,1,1,2,1,0,1,0
6579,0,2,0,0,4,1,0,2,3,3,3,3,0,2,0,0,3,0
6580,0,2,4,0,3,4,0,0,3,1,2,2,1,2,4,1,2,0
6581,0,3,1,3,0,2,0,0,0,2,0,4,4,0,4,2,0,4
6582,4,2,1,0,4,4,0,2,0,3,2,3,0,4,0,0,3,1
6583,0,4,0,0,0,1,0,0,1,3,1,2,1,3,1,0,3,0
6584,0,3,2,3,0,0,0,0,0,2,0,2,3,0,2,4,1,3
6585,0,4,0,0,0,1,0,0,0,2,1,2,1,2,1,1,2,1
6586,2,2,4,4,0,2,0,0,2,4,4,4,4,4,3,2,1,4
6587,4,1,4,1,0,4,0,0,2,2,0,1,2,0,2,2,0,0
6588,0,4,0,0,4,0,0,3,4,4,4,3,0,4,4,0,1,0
6589,4,1,4,2,0,2,4,0,1,4,4,4,2,1,2,3,4,0
6590,0,3,0,0,4,4,0,1,0,3,3,2,0,4,0,0,2,0
6591,0,4,2,0,0,2,0,0,0,1,0,2,3,0,3,0,0,1
6592,0,4,4,0,0,4,0,1,0,2,3,3,4,4,4,4,1,4
6593,1,1,3,0,0,1,0,1,3,2,4,4,4,1,3,1,0,1
6594,4,2,4,0,4,1,0,0,4,1,3,3,3,4,4,1,1,4
6595,0,2,0,0,0,1,0,0,0,3,4,2,0,4,4,2,0,0
6596,0,1,4,1,0,4,0,0,3,4,4,4,4,1,3,1,0,0
6597,1,3,2,0,0,4,0,0,3,3,1,1,2,0,1,4,0,2
6598,0,2,0,0,2,0,0,0,0,3,2,3,0,1,0,0,2,0
6599,0,1,4,0,0,0,0,0,0,2,4,3,0,3,4,0,4,0
6600,4,3,4,3,3,1,4,4,1,1,1,2,3,3,1,2,1,4
6601,0,1,0,0,2,1,0,4,0,4,3,3,2,2,2,0,2,0
6602,0,2,0,0,4,0,0,1,2,1,1,2,0,3,0,0,3,0
6603,0,4,3,0,3,1,3,4,4,3,3,4,4,3,1,0,2,0
6604,0,3,1,0,1,4,0,2,4,3,2,1,4,1,0,0,3,4
6605,0,4,4,0,1,4,1,0,0,4,2,3,0,2,1,0,2,1
6606,4,1,1,0,2,4,3,4,3,2,1,1,3,3,1,1,3,3
6607,3,3,2,0,0,1,0,0,1,3,1,1,2,3,1,1,2,2
6608,0,4,0,0,1,1,0,3,0,3,3,4,0,4,0,0,4,4
6609,2,1,3,1,0,3,0,0,4,1,0,3,2,0,1,0,0,0
6610,0,1,0,0,0,0,0,0,0,1,2,1,0,1,4,0,2,0
6611,0,4,0,0,3,4,0,0,0,1,3,2,0,1,4,0,1,0
6612,3,3,3,4,1,3,0,4,4,3,4,3,3,4,2,3,4,1
6613,3,3,2,0,0,2,0,0,0,4,4,3,4,1,3,2,0,1
6614,0,4,0,0,3,4,0,3,2,2,2,2,0,1,2,0,3,0
6615,0,4,1,0,4,1,1,1,2,0,3,2,0,4,0,0,4,0
6616,0,3,1,0,0,4,0,1,4,3,3,3,2,4,4,4,4,4
6617,1,4,0,4,0,4,0,0,4,1,4,3,4,0,3,4,0,2
6618,3,2,1,0,0,4,0,0,2,2,0,4,1,0,2,1,0,0
6619,0,4,4,0,4,4,1,3,1,4,3,2,4,4,4,0,3,0
6620,0,1,0,0,4,4,0,0,0,2,2,3,1,2,1,0,3,0
6621,0,2,0,1,3,1,0,1,0,2,3,4,2,4,4,4,3,0
6622,2,1,3,4,0,2,0,1,1,4,2,2,1,3,2,2,2,1
6623,0,1,1,0,0,0,0,0,0,3,3,2,4,4,1,4,4,3
6624,0,3,0,0,3,2,2,1,4,1,2,2,1,4,4,0,1,4
6625,0,1,0,0,4,3,0,4,3,2,3,3,0,2,1,0,4,1
6626,1,1,3,4,0,4,0,0,4,3,1,3,4,3,3,0,0,1
6627,0,4,0,0,0,2,0,1,3,1,3,2,0,1,3,0,3,0
6628,0,2,4,0,4,1,0,0,0,3,2,2,0,4,1,0,1,0
6629,0,3,0,0,0,4,0,0,2,3,0,4,4,0,4,0,0,0
6630,4,1,3,1,4,1,0,0,4,1,4,3,3,4,3,2,0,1
6631,4,0,0,0,0,3,0,0,4,2,0,3,0,0,1,0,0,3
6632,4,2,1,4,0,3,0,0,3,4,1,4,2,0,3,2,0,1
6633,0,2,4,1,0,3,4,0,4,1,1,2,4,2,4,0,4,4
6634,2,4,2,4,0,1,4,0,1,3,3,2,1,4,2,1,4,2
6635,0,3,0,0,0,1,0,0,0,2,2,2,0,3,4,0,4,0
6636,0,4,4,0,3,4,0,1,1,2,2,1,0,2,0,0,1,0
6637,0,4,2,1,4,2,0,4,2,2,4,4,4,3,1,3,4,4
6638,2,1,3,0,1,4,0,3,4,4,4,2,4,2,4,4,4,0
6639,0,4,0,0,2,1,0,1,1,4,4,2,4,2,4,0,4,0
6640,0,0,0,0,1,1,0,0,0,1,2,2,0,4,0,0,3,0
6642,1,3,1,0,0,4,0,0,1,3,0,2,1,0,1,0,0,0
6643,0,1,1,0,1,1,0,2,0,3,3,2,0,2,1,2,3,1
6644,3,1,4,1,0,2,0,0,0,4,0,3,3,0,4,4,0,0
6645,4,3,4,0,1,3,4,2,1,4,1,2,1,2,4,0,2,4
6646,0,1,1,0,3,0,0,3,3,1,2,2,0,1,1,0,2,0
6647,3,3,4,2,0,2,0,0,2,3,0,1,1,0,3,2,0,3
6648,0,4,0,0,1,0,0,0,0,1,2,2,0,1,4,0,3,0
6649,0,2,1,0,0,4,0,0,0,3,1,1,0,1,1,0,3,1
6650,0,4,4,0,0,1,0,4,4,4,4,4,4,4,4,1,1,3
6651,0,1,0,0,3,0,0,3,4,3,3,2,0,1,0,0,1,0
6652,3,3,0,0,0,0,0,0,0,1,1,2,4,0,1,0,0,0
6653,0,3,2,2,0,1,0,0,0,2,0,2,3,0,2,0,0,0
6654,0,3,2,0,0,3,0,0,0,4,4,4,1,0,3,1,4,0
6655,1,3,2,2,1,3,0,1,2,3,2,2,1,1,1,4,4,4
6656,1,1,0,1,0,3,0,4,0,2,4,3,4,1,4,4,1,1
6657,0,1,0,0,1,0,0,0,0,4,4,3,0,1,2,0,2,0
6658,0,2,0,0,0,4,0,0,0,3,1,3,2,0,1,3,1,1
6659,0,4,0,0,4,0,4,1,2,2,4,2,0,1,0,0,4,1
6660,3,1,1,3,0,4,0,0,0,3,1,2,3,1,3,3,2,3
6661,0,2,2,3,0,2,0,0,2,4,4,3,2,0,4,3,0,3
6662,0,2,1,0,0,1,0,0,1,1,1,1,2,0,3,0,0,0
6663,0,1,4,0,0,4,3,3,3,2,4,3,1,1,2,1,4,0
6664,1,4,1,1,0,1,0,0,1,1,1,3,3,0,3,1,0,1
6665,0,1,1,1,0,3,0,0,1,1,1,2,2,4,1,4,0,1
6666,4,4,4,0,1,3,4,4,3,3,3,4,3,4,4,0,4,3
6667,0,4,2,1,2,1,0,0,0,4,1,3,3,0,4,3,2,0
6668,0,4,0,0,4,0,0,4,0,2,3,3,0,4,0,0,3,0
6669,1,3,2,1,4,3,0,4,1,3,3,2,4,4,3,1,2,1
6670,0,2,0,0,0,4,0,0,1,1,3,3,4,1,1,3,3,1
6671,0,3,0,0,0,0,0,0,0,0,1,3,0,3,3,0,0,0
6672,0,4,0,0,1,4,1,4,4,4,2,3,0,0,0,0,1,0
6673,0,1,1,0,0,1,0,0,1,1,0,1,1,0,3,0,0,0
6674,0,4,0,0,1,0,0,1,1,1,2,2,0,1,0,0,1,0
6675,0,0,0,0,1,0,0,4,0,3,3,2,0,4,0,0,3,0
6676,0,3,0,0,4,4,0,3,3,2,4,3,1,4,0,0,3,0
6677,0,3,4,0,0,4,0,0,2,1,4,1,3,3,4,0,4,4
6678,0,4,4,0,0,4,0,1,2,2,4,2,4,0,3,4,0,3
6679,0,1,0,0,0,0,0,0,0,4,4,4,1,0,0,0,4,1
6680,0,2,0,0,1,1,3,3,1,2,1,1,4,3,3,1,2,1
6681,0,4,1,0,0,2,0,0,4,1,1,2,3,0,3,1,4,1
6682,4,4,3,0,0,3,0,0,2,4,0,2,1,0,2,3,0,4
6683,0,4,1,0,3,1,1,4,1,2,1,3,1,4,1,2,4,1
6684,0,4,1,0,0,0,0,0,0,3,3,2,0,2,1,0,2,0
6685,0,0,1,0,0,4,0,0,1,4,0,2,4,0,0,0,0,1
6686,3,0,4,0,0,2,0,0,3,1,4,1,1,1,1,2,0,0
6687,0,2,3,4,0,2,0,0,1,3,1,2,1,0,1,2,0,1
6688,0,2,3,0,0,2,0,0,2,1,1,3,3,0,4,4,0,3
6689,0,1,1,0,0,3,0,0,2,1,0,1,2,0,1,2,0,2
6690,1,3,2,3,1,1,0,0,2,4,1,2,4,2,2,4,1,3
6691,0,1,2,4,0,2,0,1,1,1,1,1,1,2,3,0,3,3
6692,0,4,0,0,0,0,0,0,4,4,0,4,3,0,1,0,0,0
6693,0,4,0,0,0,0,0,0,0,4,0,2,0,0,0,0,0,0
6694,0,2,0,0,1,2,1,1,3,3,3,2,0,3,1,0,3,2
6695,0,2,4,0,1,1,1,3,4,1,1,2,1,1,1,1,1,1
6696,0,4,0,0,3,0,0,0,1,4,3,4,0,1,4,0,3,0
6697,0,4,1,0,4,4,1,1,3,2,2,2,0,2,0,0,3,4
6698,0,2,4,0,3,4,0,1,3,2,2,3,0,2,4,4,3,0
6699,0,4,1,0,0,4,0,3,4,2,3,4,0,3,3,0,2,1
6700,1,2,1,1,0,1,0,1,2,2,1,2,2,1,3,1,1,3
6701,1,4,2,3,4,4,2,1,4,2,3,3,2,4,4,4,3,0
6702,0,1,2,0,3,3,0,3,2,2,3,3,4,2,1,0,3,0
6703,0,2,1,3,0,3,0,2,1,2,1,2,1,4,4,0,2,4
6704,0,4,0,0,4,1,4,2,2,2,2,2,1,4,4,0,3,1
6705,0,4,4,0,2,1,0,4,4,4,4,4,4,2,4,1,1,0
6706,4,2,0,0,1,4,0,1,2,2,1,2,1,4,3,3,1,4
6707,0,1,2,3,1,3,0,1,1,1,1,4,1,1,1,4,1,1
6708,0,4,0,0,1,4,0,0,0,2,4,3,4,0,2,0,3,0
6709,0,3,2,0,0,4,0,0,0,2,4,3,2,4,4,1,4,0
6710,0,2,1,0,0,4,0,0,1,2,0,2,4,0,1,1,0,4
6711,3,3,1,0,2,1,0,4,3,4,4,2,1,4,4,2,4,2
6712,0,4,0,0,0,4,0,0,0,4,0,4,4,0,3,2,0,0
6713,0,0,0,0,0,0,0,1,0,1,2,2,0,1,0,0,3,1
6714,0,3,1,0,3,3,0,1,1,1,1,2,4,2,1,0,2,4
6715,0,4,3,0,4,2,4,0,1,1,4,2,1,3,1,0,3,3
6716,0,2,1,0,0,1,0,4,1,3,2,3,0,3,1,3,4,0
6717,1,2,1,0,4,1,2,1,3,3,1,2,3,1,4,0,1,1
6718,1,2,3,2,1,3,0,0,4,1,2,1,1,4,3,2,1,0
6719,0,1,0,0,4,0,0,0,0,1,3,2,1,4,0,0,0,0
6720,0,3,0,0,4,1,0,0,0,1,2,1,0,1,4,0,2,0
6721,0,2,1,1,0,3,1,2,4,2,4,2,3,1,3,3,2,1
6722,0,2,0,0,3,0,0,1,4,2,3,3,0,2,0,0,2,0
6723,0,4,1,0,2,3,2,3,2,1,3,1,2,1,1,3,3,0
6724,0,4,0,0,4,0,0,4,0,4,4,4,0,3,4,0,4,0
6725,0,1,2,0,0,1,0,2,1,3,2,3,1,1,3,4,1,0
6726,0,1,2,3,0,2,0,0,1,1,4,2,1,0,1,0,2,1
6727,0,1,0,0,0,1,0,4,1,2,2,3,0,3,3,0,2,0
6728,1,1,1,0,0,1,0,0,4,1,0,3,3,0,2,0,0,0
6729,0,2,3,0,4,1,0,2,1,3,1,2,4,1,1,1,1,0
6730,0,2,1,0,0,4,0,1,3,1,0,1,1,0,2,1,0,1
6731,1,1,2,0,4,4,0,0,1,2,1,2,3,1,2,0,1,0
6732,4,1,1,1,0,1,3,0,2,4,0,4,1,0,1,4,0,2
6733,0,3,0,0,2,0,3,1,3,2,2,2,0,3,3,0,1,0
6734,0,4,4,0,4,2,0,4,4,2,3,3,4,4,3,0,3,1
6735,0,1,1,0,0,2,1,1,3,3,4,3,3,1,1,4,4,0
6736,0,4,0,0,4,0,3,2,1,4,4,4,0,4,0,0,4,0
6737,4,3,1,0,0,3,0,0,0,1,0,2,4,0,1,1,0,0
6738,0,3,0,0,1,4,0,4,4,3,0,4,2,0,3,0,0,0
6739,1,4,1,1,0,1,0,4,1,4,4,4,2,0,1,2,0,2
6740,0,3,4,4,0,2,0,0,1,3,3,1,1,4,4,4,2,0
6741,0,3,0,0,0,0,0,1,0,1,2,2,0,1,4,0,2,0
6742,0,1,0,0,0,1,0,0,1,2,2,2,0,4,1,0,3,0
6743,0,0,0,0,0,0,4,2,1,2,1,1,0,1,0,0,3,0
6744,0,3,1,0,1,4,0,2,1,2,1,3,1,2,4,0,2,1
6745,0,4,0,0,0,1,0,2,4,2,4,2,0,1,1,0,2,0
6746,0,3,4,1,0,1,0,0,0,4,1,1,4,0,1,4,0,2
6747,4,0,4,2,0,4,0,0,2,2,1,1,1,0,4,2,1,1
6748,0,3,4,0,1,2,0,0,0,2,1,4,3,1,3,2,1,4
6749,4,4,3,2,0,1,0,0,2,4,1,3,3,4,3,4,2,4
6750,1,1,0,0,0,3,0,1,0,4,2,3,0,1,4,0,1,0
6751,0,1,0,0,1,0,0,4,0,1,2,2,0,3,0,0,4,0
6752,0,1,0,0,1,0,0,4,0,3,2,1,0,4,1,0,2,0
6753,1,3,0,3,0,3,0,0,3,3,3,4,3,1,2,0,4,2
6754,0,2,1,4,0,4,0,0,0,1,1,3,2,0,2,2,0,1
6755,0,2,3,1,1,0,0,0,1,3,1,3,2,4,1,1,0,0
6756,0,3,2,0,0,1,0,0,4,3,4,4,4,4,4,4,0,0
6757,0,1,1,0,0,3,4,2,1,3,3,3,4,2,4,0,1,4
6758,0,3,0,0,1,0,0,2,1,3,1,3,0,3,0,0,3,0
6759,1,3,0,0,0,4,0,0,0,1,0,3,1,0,3,0,0,0
6760,4,4,0,0,3,2,1,3,4,1,3,2,4,2,1,0,2,0
6761,2,2,0,1,0,3,0,4,2,3,4,1,1,0,2,4,0,4
6762,1,1,1,2,0,3,0,0,2,3,4,4,1,1,1,0,4,0
6763,0,4,4,0,1,3,0,0,0,3,4,2,4,4,4,0,4,0
6764,3,3,0,0,0,2,0,4,0,4,1,3,1,2,3,3,4,4
6765,0,3,1,0,4,1,3,2,1,3,3,3,0,2,1,0,2,0
6766,0,4,3,0,0,4,0,3,1,2,2,1,4,2,1,1,2,2
6767,0,3,4,0,1,4,3,2,3,1,4,3,0,4,2,0,4,0
6768,0,4,0,0,2,1,1,1,2,1,3,2,0,2,4,0,2,0
6769,0,3,0,0,4,0,2,4,0,1,3,3,0,2,0,0,2,0
6770,3,1,1,0,2,2,0,0,4,2,3,2,0,3,4,1,2,1
6771,0,4,4,0,0,0,4,4,4,1,2,2,4,4,1,1,2,0
6772,0,2,1,1,0,1,0,0,1,4,1,2,1,4,3,0,0,0
6773,2,4,4,0,0,3,0,0,3,4,4,2,2,0,2,2,0,1
6774,0,1,0,0,2,0,1,1,2,3,3,4,0,1,1,0,2,0
6775,0,3,1,0,4,0,0,2,3,1,2,2,0,3,2,0,2,0
6776,0,1,4,0,4,0,4,2,3,4,2,3,4,3,0,0,2,1
6777,0,1,0,0,4,3,1,4,4,2,1,2,0,1,3,0,3,1
6778,2,3,3,3,1,3,1,1,1,4,1,4,4,1,3,4,1,0
6779,0,2,0,0,2,0,0,0,0,2,2,2,0,2,1,0,4,0
6780,0,4,0,0,3,1,1,0,4,3,4,3,0,3,3,0,1,0
6781,0,2,4,2,0,4,4,4,3,4,3,2,3,3,3,2,2,4
6782,1,2,1,0,1,3,1,2,2,1,2,2,3,2,2,4,1,1
6783,0,4,3,0,0,1,0,0,1,4,1,1,4,1,2,0,0,0
6784,0,2,3,0,0,4,0,0,0,2,4,2,3,0,2,4,3,4
6785,1,1,1,2,4,2,0,1,2,3,1,1,3,4,1,1,1,4
6786,4,2,3,0,0,4,0,0,4,3,0,3,4,0,2,3,0,0
6787,0,4,1,0,1,1,0,4,0,3,4,2,4,3,1,0,4,0
6788,0,1,3,0,1,4,0,4,4,2,2,2,0,2,4,0,4,4
6789,0,1,4,0,0,0,0,0,4,3,3,2,0,3,3,0,1,0
6790,1,2,1,4,2,3,2,1,2,2,2,2,3,3,2,3,3,4
6791,0,4,0,0,4,0,0,0,0,3,2,4,0,2,1,0,1,0
6792,0,3,4,0,2,3,0,0,0,1,3,2,4,2,3,4,1,4
6793,0,1,2,0,1,1,4,1,1,2,1,1,2,1,1,1,1,4
6794,1,4,3,0,3,3,0,0,3,3,4,4,1,4,4,0,2,0
6795,0,1,0,0,3,4,0,2,0,4,2,1,0,2,1,0,2,1
6796,0,3,4,0,0,2,0,0,4,1,4,2,1,4,1,1,0,0
6797,0,1,0,0,4,0,0,1,1,4,3,2,0,3,3,0,2,0
6798,0,1,1,0,4,0,0,1,4,1,1,2,0,4,4,0,1,4
6799,0,2,0,0,0,0,0,0,1,3,2,2,0,3,4,0,3,0
6800,0,4,0,0,4,1,0,4,4,2,1,2,0,4,0,0,4,0
6801,1,3,1,1,0,0,0,0,2,3,0,2,2,1,4,2,4,4
6802,0,2,0,0,0,1,0,0,4,3,0,3,1,0,2,3,0,1
6803,0,4,0,0,4,3,0,1,0,2,1,2,4,2,3,0,4,0
6804,0,0,1,0,0,4,0,0,1,3,2,2,1,4,3,0,4,0
6805,4,2,4,0,3,4,4,2,2,2,3,3,2,2,1,4,2,1
6806,3,1,4,1,0,1,0,0,3,1,4,4,1,1,3,4,0,4
6807,0,3,4,3,0,4,0,1,0,3,4,4,2,1,2,0,3,1
6808,0,1,1,0,1,3,0,4,1,3,4,3,1,4,3,1,3,0
6809,0,1,0,0,4,4,0,0,0,1,1,1,0,3,1,0,0,0
6810,0,4,1,0,1,2,3,1,2,3,1,1,0,4,1,1,2,0
6811,0,3,0,0,2,0,0,4,3,1,2,3,0,1,1,0,1,0
6812,0,1,4,2,2,2,0,0,3,3,4,2,2,1,2,2,4,2
6813,0,3,4,0,2,0,0,0,0,1,1,2,0,2,0,0,2,0
6814,0,1,2,4,4,1,0,4,0,3,2,4,4,4,4,0,1,0
6815,0,3,4,0,4,3,0,0,0,1,1,1,3,0,2,1,1,2
6816,0,3,1,0,2,1,0,1,0,2,3,2,0,3,1,0,2,3
6817,0,3,3,0,0,3,0,0,3,1,1,1,3,0,3,4,1,0
6818,0,3,4,0,4,0,0,1,4,2,2,3,0,1,0,0,2,4
6819,2,1,2,0,0,4,0,0,2,1,1,2,3,0,2,0,0,2
6820,0,0,4,0,1,4,0,0,1,3,1,1,0,1,1,0,4,0
6821,4,2,3,3,0,3,0,0,4,2,0,3,2,0,2,3,0,0
6822,0,3,1,0,0,3,0,0,2,2,4,3,2,0,2,4,4,0
6823,0,3,1,0,0,0,0,4,0,1,4,2,0,3,4,0,3,0
6824,0,4,0,0,3,0,0,4,1,1,1,2,0,1,1,0,2,0
6825,0,3,0,0,0,0,0,0,0,3,4,2,1,0,2,0,0,0
6826,1,1,4,0,0,1,0,0,4,2,4,1,3,2,1,0,0,1
6827,3,1,0,1,0,3,0,0,3,2,4,2,3,0,3,0,0,0
6828,2,3,3,1,1,3,2,4,3,3,1,2,4,3,3,3,4,1
6829,1,1,3,0,0,2,0,0,0,2,0,2,2,0,2,2,0,3
6830,0,1,1,0,4,4,3,2,4,2,3,3,0,3,4,0,3,0
6831,0,0,0,0,0,0,0,0,0,1,1,1,0,4,0,0,1,0
6832,0,3,3,0,0,2,0,4,1,3,4,3,2,4,3,4,4,1
6833,2,3,2,3,0,3,0,0,4,1,0,2,3,4,4,4,1,0
6834,0,1,0,0,1,1,0,0,0,3,3,4,0,3,0,0,3,0
6835,0,3,3,0,0,4,0,0,1,2,0,2,2,4,2,0,0,2
6836,4,3,4,3,1,1,0,0,1,4,1,1,1,2,1,2,3,0
6837,0,3,1,1,4,3,0,0,4,1,1,1,2,4,3,4,3,1
6838,0,2,0,0,0,0,1,2,3,3,3,3,4,2,4,0,4,0
6839,0,1,1,2,3,2,0,0,1,1,2,2,1,1,2,2,2,3
6840,4,4,0,0,2,0,0,0,0,3,1,3,4,4,1,0,3,0
6841,0,3,1,0,0,3,2,0,3,3,1,3,3,1,1,0,1,4
6842,0,0,0,0,0,0,0,0,0,4,4,4,0,0,4,0,4,0
6843,0,2,0,0,4,1,0,3,4,1,2,1,0,3,0,0,1,0
6844,0,1,3,0,1,4,0,0,3,2,4,4,2,1,1,0,4,1
6845,1,2,2,4,0,2,0,0,2,4,2,3,4,4,4,4,4,4
6846,0,1,4,1,0,3,0,0,0,3,0,2,1,0,2,1,0,0
6847,3,1,1,3,0,3,0,0,3,4,1,3,4,0,3,3,0,1
6848,0,4,0,0,1,3,0,1,0,1,4,4,0,3,4,0,3,0
6849,0,3,0,0,1,0,0,0,4,2,1,3,0,3,1,0,4,4
6850,0,3,0,0,1,3,0,4,3,2,1,2,0,1,0,0,2,0
6851,0,1,1,0,3,4,4,3,4,3,2,2,0,3,1,0,2,3
6852,4,4,1,0,0,0,0,0,1,1,4,1,1,0,4,3,0,0
6853,0,1,4,0,1,0,0,4,0,3,1,1,4,4,4,0,0,0
6854,0,1,0,0,3,1,0,2,3,1,3,2,0,1,0,0,3,0
6855,0,4,3,0,0,3,0,0,1,2,1,1,1,0,3,2,0,4
6856,0,2,4,0,0,2,0,4,4,2,4,3,3,4,2,2,2,4
6857,0,3,1,0,0,4,0,0,1,1,1,1,0,0,1,0,0,3
6858,0,1,0,1,4,4,3,3,2,2,2,3,0,1,1,0,2,4
6859,0,2,0,0,0,2,3,2,1,2,1,3,3,2,2,1,2,0
6860,1,2,2,0,0,1,0,4,3,3,1,2,2,2,2,1,4,3
6861,0,1,1,4,0,3,0,0,4,1,0,1,3,0,2,2,0,4
6862,2,4,3,0,0,0,0,0,1,4,0,1,4,0,4,1,0,3
6863,1,3,2,4,0,2,0,0,4,2,4,4,2,0,2,2,0,3
6864,4,2,4,1,3,2,3,4,1,3,4,3,1,2,2,1,4,1
6865,0,3,1,0,4,1,0,3,0,1,1,2,0,2,4,0,1,0
6866,0,1,0,0,4,0,1,4,4,1,1,1,0,4,1,1,1,0
6867,0,2,4,0,4,4,0,4,3,2,2,2,2,2,4,2,1,2
6869,0,0,0,0,0,4,0,1,0,3,4,2,0,2,1,4,2,4
6870,0,1,1,0,0,1,0,1,3,1,0,1,1,1,4,1,0,0
6871,0,2,0,0,3,1,0,2,1,3,1,3,4,1,0,0,2,0
6872,0,3,4,0,0,2,0,0,4,2,1,3,1,4,1,1,4,4
6873,1,1,1,0,0,1,0,0,1,1,4,1,2,4,2,3,4,4
6874,1,2,0,2,0,1,0,0,4,1,1,2,4,0,3,1,1,3
6875,0,4,0,0,4,1,0,0,0,2,3,3,1,1,1,0,0,0
6876,4,2,2,1,0,4,0,0,4,4,1,1,1,0,2,2,1,4
6877,1,2,2,0,0,1,0,0,3,1,0,4,1,0,4,1,0,1
6878,0,1,2,0,0,3,0,1,3,4,0,1,2,4,1,2,1,1
6879,0,1,1,0,0,2,0,0,2,4,4,2,2,0,1,0,0,0
6880,0,0,0,0,0,4,0,3,0,1,1,2,4,4,1,0,1,0
6881,0,2,0,0,4,1,0,0,4,2,2,2,1,1,1,1,4,0
6882,1,1,1,1,0,3,0,0,0,1,4,3,4,0,1,1,4,3
6883,0,3,4,0,0,0,0,1,0,1,2,1,2,2,1,2,2,1
6884,0,4,0,0,4,4,0,1,4,2,3,3,0,1,1,1,1,0
6885,4,1,1,1,0,2,0,0,1,1,0,3,2,4,4,4,0,1
6886,0,1,0,0,1,0,4,1,1,3,4,3,1,3,2,0,2,0
6887,0,4,0,0,4,4,0,0,3,2,2,3,0,2,4,0,4,0
6888,4,1,4,3,0,2,0,0,4,2,1,1,3,0,2,4,1,4
6889,0,3,0,0,1,0,0,0,0,3,1,2,0,0,0,0,1,0
6890,4,4,2,4,4,4,0,0,4,1,4,2,1,0,2,4,0,4
6891,2,0,2,0,0,1,0,0,0,1,0,1,4,0,3,0,0,0
6892,0,4,1,0,1,0,0,0,1,3,1,1,0,3,1,3,4,1
6893,1,3,0,0,4,0,0,0,4,2,1,4,0,3,0,0,3,0
6894,0,2,1,0,3,3,0,2,3,2,3,2,0,2,1,0,2,0
6895,0,2,4,0,0,4,0,0,0,2,0,4,3,0,4,0,0,0
6896,0,1,1,0,0,3,1,0,1,1,1,1,1,0,3,2,0,0
6897,0,3,0,0,2,4,0,1,0,3,2,2,0,2,4,0,3,0
6898,0,1,0,0,0,3,4,4,2,3,1,2,2,0,1,3,0,4
6899,0,4,4,0,0,1,0,4,0,4,4,4,1,4,4,0,4,0
6900,0,4,4,0,3,0,3,1,3,1,1,2,1,1,1,0,1,0
6901,0,3,0,0,3,0,0,4,4,2,3,1,0,3,0,0,3,0
6902,0,3,1,1,0,3,0,1,1,2,3,4,1,3,1,1,4,0
6903,0,2,0,0,1,1,1,1,1,1,3,3,0,2,1,0,2,0
6904,0,3,3,0,4,2,2,3,2,1,4,3,1,1,2,0,1,0
6905,0,4,0,0,2,1,2,4,2,3,3,2,4,2,4,0,2,0
6906,1,1,1,0,4,0,4,3,3,2,4,3,4,1,1,4,4,0
6907,4,4,4,4,3,2,0,3,1,3,1,1,1,4,1,4,1,2
6908,0,1,1,0,4,2,0,0,0,2,3,3,0,4,2,0,2,0
6909,0,3,0,0,0,0,0,0,0,4,0,1,0,0,1,0,0,0
6910,4,0,4,0,1,3,4,4,4,4,2,3,4,1,4,4,2,4
6911,0,2,0,0,4,3,0,1,3,1,3,1,0,3,3,0,4,0
6912,0,0,1,0,0,3,3,3,3,1,4,4,4,0,4,0,4,4
6913,0,1,1,2,0,2,1,2,2,1,4,2,1,2,3,1,3,3
6914,0,3,0,4,2,3,0,0,0,4,3,3,0,4,1,0,4,0
6915,0,4,0,0,3,1,0,4,0,3,2,3,0,2,3,0,2,0
6916,2,2,4,3,4,3,0,0,4,4,1,1,1,0,3,2,1,4
6917,0,2,2,0,0,2,0,0,4,4,4,3,3,0,3,4,4,3
6918,0,4,0,0,0,4,0,0,2,1,0,3,3,0,4,0,0,1
6919,1,4,3,3,0,4,0,0,0,2,4,3,3,0,1,2,0,1
6920,0,3,0,0,1,0,0,0,0,1,2,3,0,1,0,0,4,0
6921,4,3,4,1,4,1,4,2,4,3,1,2,1,3,3,4,2,4
6922,1,3,1,0,0,0,0,0,0,2,1,1,1,4,2,1,0,0
6923,4,2,0,0,1,0,1,3,3,2,2,2,4,1,1,3,2,1
6924,0,4,4,0,0,3,0,0,1,4,4,4,4,0,1,0,4,0
6925,1,4,0,0,0,3,1,0,2,4,0,1,1,1,4,0,0,1
6926,0,3,0,0,2,4,0,3,4,2,3,3,0,3,4,0,2,2
6927,0,1,0,0,1,4,4,1,2,4,3,2,0,4,1,0,4,0
6928,0,2,0,0,2,3,2,3,4,2,2,2,0,1,1,0,4,0
6929,0,3,0,0,1,0,0,4,0,2,2,2,0,4,1,0,3,0
6930,0,1,0,0,4,0,0,1,0,4,1,4,4,4,0,0,2,0
6931,1,2,2,0,4,2,1,3,2,2,2,4,2,4,4,1,3,1
6932,0,4,1,0,1,0,0,1,2,2,1,2,3,3,1,0,1,0
6933,0,3,2,0,1,1,4,1,3,3,1,2,1,4,1,0,1,0
6934,0,3,0,0,3,1,1,1,1,2,2,1,0,1,0,0,1,0
6935,0,0,1,0,4,1,0,0,0,4,1,1,1,4,4,3,0,4
6936,0,4,0,0,0,0,0,3,0,3,1,3,0,4,4,0,1,0
6937,4,1,3,0,1,2,0,0,1,2,1,2,4,0,1,0,2,4
6938,0,2,4,0,4,3,0,0,2,1,4,3,3,4,2,1,0,3
6939,2,4,2,4,0,2,0,0,3,2,3,3,3,1,4,1,1,3
6940,0,4,0,0,2,0,0,1,1,3,1,2,0,2,1,0,4,0
6941,2,1,1,1,0,4,0,0,1,3,1,4,1,0,1,4,4,3
6942,0,1,2,0,1,3,1,0,0,3,2,3,4,4,1,0,2,1
6943,0,2,1,0,1,2,2,0,1,3,1,2,3,4,3,1,1,1
6944,0,0,0,0,1,0,0,0,0,1,2,2,0,0,0,0,4,0
6945,0,4,0,0,4,3,1,4,3,2,4,4,0,2,1,0,4,4
6946,0,3,0,0,4,0,1,1,0,2,1,2,0,1,4,0,4,0
6947,1,1,4,4,0,3,0,4,1,1,4,2,4,4,3,3,4,1
6948,4,3,2,4,0,2,0,4,1,1,3,1,2,4,2,4,4,4
6949,0,1,0,0,0,4,0,4,0,2,3,3,0,4,4,0,3,0
6950,3,2,2,2,0,3,4,0,1,1,4,1,4,2,3,1,4,4
6951,0,0,0,0,1,0,0,0,0,0,3,4,0,0,0,0,1,0
6952,0,4,3,0,3,1,1,1,3,3,4,2,0,3,1,1,2,4
6953,0,2,0,0,1,0,0,1,2,2,3,2,1,4,1,0,2,0
6954,2,3,2,0,0,2,0,0,0,3,0,2,3,0,1,1,0,4
6955,0,2,0,0,0,0,0,1,1,3,4,2,3,1,2,0,2,1
6956,0,4,0,0,4,0,0,0,0,1,3,3,0,2,0,0,4,0
6957,0,2,2,1,1,3,0,3,3,3,2,4,1,3,1,0,2,0
6958,0,4,3,0,4,4,0,0,0,1,1,2,4,0,4,4,0,0
6959,0,1,0,0,4,4,0,4,4,3,1,2,0,1,0,0,3,0
6960,0,2,0,0,4,4,0,4,4,4,4,4,0,4,0,0,4,4
6961,2,1,3,0,0,1,0,0,2,2,4,2,2,4,3,1,4,1
6962,0,4,1,1,0,3,3,4,2,3,4,1,2,0,1,1,0,2
6963,0,3,2,0,1,4,1,1,2,3,1,2,1,4,3,1,3,1
6964,0,2,0,0,1,0,4,0,1,2,2,2,0,4,4,0,2,1
6965,0,3,1,0,0,3,0,0,1,3,1,2,1,1,4,1,1,0
6966,0,4,1,0,4,0,0,1,4,2,2,2,1,1,2,4,2,1
6967,1,2,4,0,4,1,0,4,2,2,3,3,1,4,3,2,3,2
6968,0,2,0,0,2,4,0,0,1,1,2,2,0,4,1,0,2,0
6969,0,1,1,0,4,1,0,0,0,1,3,2,0,1,1,0,1,0
6970,4,1,1,0,0,2,0,0,1,2,0,3,4,0,1,4,0,1
6971,0,4,4,0,3,1,0,4,3,2,2,2,0,2,2,0,2,0
6972,0,4,0,0,3,0,0,0,0,2,2,1,0,0,0,0,1,0
6973,0,1,0,0,0,0,0,1,4,3,1,1,0,4,0,0,4,0
6974,0,2,0,1,0,3,0,1,3,1,1,4,4,4,1,1,3,4
6975,0,0,0,0,4,0,4,2,0,1,3,3,0,4,0,0,1,0
6976,1,2,1,1,0,3,0,0,0,3,1,1,1,0,2,1,1,3
6977,0,3,2,0,0,3,0,4,4,1,2,2,1,4,2,0,4,0
6978,0,4,0,0,1,0,0,0,1,1,2,1,0,0,0,0,4,0
6979,4,1,1,0,4,4,0,0,3,1,1,4,3,1,1,1,0,1
6980,0,3,1,0,4,1,1,2,1,2,2,2,4,1,0,0,1,0
6981,2,1,1,1,0,3,0,0,2,3,1,1,4,4,1,2,0,2
6982,4,3,0,0,1,0,0,0,0,1,1,1,0,4,0,0,1,0
6983,0,1,0,0,4,0,4,2,4,2,2,2,4,4,4,0,2,0
6984,0,1,0,0,3,4,0,4,1,4,4,3,1,3,1,1,1,1
6985,3,4,3,0,0,0,4,4,4,4,4,4,3,4,4,4,4,3
6986,0,2,1,0,0,0,0,2,0,3,3,4,0,1,0,0,2,0
6987,0,1,0,0,0,2,0,0,3,2,1,3,1,1,4,0,0,4
6988,0,4,0,0,4,0,0,2,0,4,4,4,4,3,0,0,4,0
6989,0,4,0,0,1,0,0,2,3,1,3,2,0,1,4,0,1,0
6990,0,1,1,0,2,0,0,3,4,1,1,2,0,2,4,0,3,0
6991,1,2,0,0,4,1,1,1,1,2,3,2,0,1,1,0,1,4
6992,0,2,2,1,1,3,0,1,3,1,3,1,4,2,1,4,1,4
6993,0,1,0,0,0,0,1,3,3,1,4,3,4,4,3,0,2,1
6994,0,1,0,0,3,0,0,0,0,4,2,1,0,4,0,0,4,0
6995,1,3,2,0,0,4,3,4,4,2,4,4,3,4,4,0,4,0
6996,0,4,0,0,4,4,0,3,3,3,3,3,4,2,2,0,3,0
6997,0,2,1,4,0,2,0,0,2,3,0,3,3,0,2,4,0,0
6998,2,3,2,3,0,0,4,0,1,1,4,1,3,4,2,4,4,3
6999,1,1,3,0,1,2,0,3,4,2,1,3,2,1,4,4,1,3
7000,0,4,3,0,1,4,0,0,0,2,1,2,0,1,0,0,3,0
7001,0,3,4,4,0,2,0,1,3,3,1,1,4,1,2,1,0,4
7002,0,1,0,0,4,0,0,4,0,3,3,3,1,2,4,0,2,0
7003,0,3,0,0,4,0,4,2,1,3,2,3,0,3,1,0,1,0
7004,0,1,0,0,0,0,0,0,0,4,1,1,0,1,0,0,0,0
7005,0,2,0,0,4,0,0,4,0,1,2,2,0,4,0,0,1,0
7006,0,2,0,0,3,0,0,0,2,3,2,1,0,1,4,0,1,0
7007,0,3,2,1,0,2,0,0,2,2,1,3,2,1,3,4,1,3
7008,2,4,4,0,0,4,0,0,1,2,1,3,0,4,4,4,2,0
7009,0,3,0,0,4,1,0,3,1,2,2,3,0,1,1,0,2,0
7010,0,1,3,0,0,4,0,0,1,1,0,2,2,0,2,3,0,2
7011,1,2,2,0,4,2,0,0,2,1,1,2,2,4,1,3,4,2
7012,4,1,0,0,0,4,0,4,3,4,4,4,1,4,1,3,4,0
7013,0,1,4,1,3,0,0,0,1,2,2,3,1,0,1,3,3,4
7014,0,0,0,0,2,4,0,0,4,3,3,3,0,4,1,0,2,0
7015,0,3,4,0,0,1,0,0,0,1,2,2,1,3,1,1,4,0
7016,0,3,1,0,1,0,1,1,3,1,2,1,0,3,3,0,2,1
7017,4,2,3,1,0,1,0,1,1,4,4,2,4,4,2,4,1,0
7018,1,4,3,0,0,2,0,1,3,4,1,3,3,1,4,4,0,4
7019,0,3,3,1,1,0,0,0,0,3,4,2,2,1,3,0,4,0
7020,0,0,0,0,1,0,0,0,0,3,2,3,0,4,0,0,1,0
7021,0,4,1,1,0,3,0,0,0,1,4,2,4,1,3,4,0,4
7022,0,4,3,0,0,4,0,0,2,1,0,3,4,0,4,1,0,1
7023,0,3,0,0,4,0,0,0,0,1,3,3,0,2,0,0,1,0
7024,0,4,1,0,0,4,4,4,4,3,0,4,3,0,4,4,0,3
7025,1,3,3,2,0,3,1,0,3,2,0,4,4,0,4,3,0,2
7026,0,2,3,0,2,3,4,3,4,4,3,3,4,3,4,0,3,0
7027,0,1,0,0,1,4,0,1,1,1,4,4,4,4,4,0,3,0
7028,1,4,3,0,0,4,0,0,3,2,0,2,3,0,3,1,0,0
7029,1,1,1,1,0,2,0,1,4,3,1,2,2,4,1,1,3,1
7030,0,2,1,0,4,4,0,0,4,3,4,2,4,0,4,4,4,3
7031,0,1,4,1,0,4,0,0,1,0,0,4,1,0,1,0,0,0
7032,0,4,0,0,4,1,0,3,0,2,1,3,0,2,1,0,3,0
7033,0,4,0,0,0,0,1,1,0,1,1,1,0,1,0,0,1,0
7034,0,3,0,0,1,1,0,2,3,1,1,1,0,2,0,0,4,0
7035,0,4,1,0,0,0,0,3,0,1,1,4,1,4,4,0,1,0
7036,4,4,1,0,0,2,0,0,0,3,0,3,3,0,2,3,0,1
7037,1,2,1,0,0,2,0,0,2,2,1,1,1,0,2,1,1,4
7038,0,3,0,3,4,3,0,1,4,3,2,3,4,1,4,1,2,4
7039,0,2,0,1,0,1,0,0,1,1,3,1,1,0,4,1,0,0
7040,0,4,1,0,0,2,2,2,2,1,4,3,2,2,4,4,4,4
7041,0,1,1,4,0,2,1,0,4,1,4,1,4,4,2,4,3,2
7042,0,0,0,0,4,0,0,0,0,3,4,2,1,4,1,0,2,0
7043,0,1,2,0,2,2,0,3,3,4,4,4,0,2,1,0,3,4
7044,0,1,4,0,4,4,0,4,0,1,1,1,0,2,4,0,2,1
7045,0,2,0,0,2,0,3,0,1,3,3,2,0,1,0,0,4,1
7046,2,2,1,2,1,3,0,1,4,1,1,4,2,0,3,1,2,4
7047,0,0,0,0,0,0,0,3,4,1,2,1,0,1,4,0,1,0
7048,1,1,2,1,0,1,0,0,1,4,4,1,4,3,2,3,4,2
7049,0,0,4,0,0,0,0,1,0,2,4,2,0,4,0,0,3,0
7050,0,3,1,0,3,0,4,2,3,2,4,4,0,2,1,0,2,0
7051,0,2,2,0,3,1,0,0,1,2,1,3,4,1,1,1,1,3
7052,0,2,1,0,0,3,0,0,3,2,0,1,3,1,2,4,1,1
7053,1,1,3,0,4,3,0,4,1,4,4,2,1,4,2,0,4,0
7054,0,2,0,0,4,0,0,2,3,3,4,3,0,2,0,0,2,0
7055,0,2,0,0,2,0,0,4,4,2,2,2,0,4,0,0,2,0
7056,0,1,0,0,0,1,0,0,0,1,0,3,3,0,1,1,0,0
7057,4,2,4,0,1,2,0,0,2,1,0,4,4,3,2,1,0,0
7058,4,1,2,2,1,3,0,0,4,1,4,2,3,4,1,1,2,4
7059,0,3,0,0,1,0,0,4,0,1,2,2,0,3,1,0,2,0
7060,2,4,4,1,0,2,0,1,1,1,0,1,1,1,2,2,1,2
7061,0,3,0,0,1,0,0,0,0,4,4,3,0,1,0,0,2,0
7062,0,2,0,0,2,1,0,0,0,1,1,2,0,1,1,0,1,0
7063,2,2,1,4,0,4,0,1,2,3,4,3,1,1,2,3,1,3
7064,3,3,4,0,0,4,0,2,0,3,1,2,3,4,2,3,2,0
7065,0,4,0,0,1,1,0,0,1,1,2,2,0,3,1,0,2,0
7066,0,1,1,0,1,1,0,2,2,1,1,2,4,2,1,1,3,4
7067,1,1,1,0,0,3,0,1,3,4,1,3,1,3,1,4,2,0
7068,0,1,4,0,1,4,0,0,0,1,1,1,0,1,1,0,4,0
7069,0,2,0,0,0,0,0,1,2,3,4,4,4,1,3,0,2,0
7070,0,1,4,0,3,1,0,1,0,3,3,4,1,1,4,0,1,0
7071,0,1,3,0,2,4,0,0,0,4,2,2,4,2,2,0,3,0
7072,0,4,0,0,0,4,0,4,0,1,2,2,0,1,4,0,4,0
7073,0,1,4,0,0,4,1,0,3,2,1,2,1,1,2,0,1,1
7074,0,3,0,0,2,0,0,0,0,3,2,3,0,0,4,0,4,0
7075,0,3,4,0,1,0,0,1,4,2,2,2,0,3,2,0,3,0
7076,0,2,0,0,0,1,0,1,4,1,4,3,0,4,1,0,2,0
7077,0,2,0,1,0,1,0,1,0,1,1,3,0,1,1,0,4,0
7078,0,4,1,0,1,4,3,2,2,4,3,3,3,1,2,0,2,0
7079,0,4,0,1,3,3,1,1,2,2,4,3,1,3,1,0,1,0
7080,0,1,1,0,2,4,4,0,4,3,3,3,4,3,1,1,1,0
7081,0,2,2,1,4,4,4,4,0,1,1,1,4,2,1,4,2,0
7082,0,1,0,0,0,4,0,1,3,4,1,4,3,0,4,0,1,4
7083,0,4,4,4,0,1,0,0,4,1,1,4,4,0,2,0,4,3
7084,1,4,1,0,0,2,0,0,1,3,1,3,2,1,1,0,1,1
7085,0,4,0,0,4,0,4,4,1,2,2,3,4,2,0,0,3,0
7086,4,2,3,0,4,2,0,3,3,4,4,3,1,1,4,4,1,1
7087,0,0,0,0,0,1,0,0,0,2,2,2,0,2,2,0,4,0
7088,0,0,0,0,0,0,0,0,0,0,4,4,0,0,0,0,3,0
7089,4,1,0,0,1,1,0,1,3,1,1,2,0,4,4,0,3,0
7090,0,1,4,0,1,0,4,4,1,1,2,2,0,2,0,0,2,4
7091,0,4,3,0,4,4,4,0,4,3,2,4,3,2,2,3,4,4
7092,0,0,0,0,0,4,4,4,4,1,3,4,4,2,4,0,4,0
7093,0,2,4,0,4,3,1,4,4,4,4,4,0,3,1,0,4,0
7094,0,3,0,2,0,2,0,1,1,4,2,3,4,4,4,1,1,4
7095,0,4,0,0,2,0,4,4,4,1,1,2,1,1,4,0,1,0
7096,0,4,0,0,3,4,0,2,4,1,2,2,4,1,0,0,4,0
7097,0,3,4,3,1,4,0,1,3,2,1,4,4,3,2,4,1,3
7098,0,4,0,0,4,1,0,0,0,3,1,2,0,1,0,0,3,0
7099,0,2,2,0,1,0,4,2,3,1,1,3,4,4,4,0,1,0
7100,1,2,1,2,0,1,0,0,1,4,4,1,1,0,3,1,1,4
7101,0,2,0,0,0,1,0,0,0,2,1,2,3,3,1,0,1,1
7102,1,1,4,0,0,4,3,2,4,3,3,3,4,4,4,4,4,2
7103,0,4,2,0,0,1,0,0,3,1,0,3,2,0,4,1,1,0
7104,0,4,0,0,4,0,0,0,0,3,4,3,0,4,0,0,4,0
7105,0,1,0,0,1,1,1,3,3,3,1,2,0,1,4,0,1,0
7106,0,4,2,2,4,3,4,4,4,3,0,4,4,0,1,4,0,1
7107,0,1,0,0,3,0,4,4,0,4,2,3,4,0,0,0,0,0
7108,0,1,0,0,2,0,0,0,0,2,1,1,0,1,0,0,2,0
7109,0,4,0,0,0,4,0,1,1,1,2,3,0,4,4,0,1,0
7110,0,1,0,0,3,0,0,4,1,3,1,2,0,2,3,0,1,0
7112,4,3,4,1,0,2,0,0,1,4,4,3,4,0,4,3,0,1
7113,4,2,2,1,1,4,2,4,2,3,2,3,3,2,1,4,4,4
7114,0,4,0,0,1,0,0,0,0,3,3,3,0,1,0,0,4,0
7115,3,2,2,0,1,3,0,0,0,3,1,2,3,4,2,2,0,0
7116,1,1,3,4,0,2,0,0,1,1,1,1,1,0,2,1,1,1
7117,4,2,1,0,0,1,0,0,1,2,1,1,3,0,2,0,0,0
7118,0,1,1,0,0,4,0,4,4,4,4,3,4,0,3,1,0,0
7119,0,1,1,0,1,3,3,2,3,4,3,2,1,3,0,0,3,0
7120,0,4,1,4,4,4,0,3,4,4,4,4,0,3,4,4,4,0
7121,1,1,1,1,0,2,0,0,1,1,0,1,3,0,3,0,0,0
7122,0,1,0,0,2,0,3,2,2,1,2,2,0,3,0,0,3,1
7123,0,4,4,2,0,4,0,0,0,3,1,3,2,1,2,4,3,0
7124,0,3,1,1,0,3,1,0,2,2,3,3,2,0,1,4,4,0
7125,1,2,3,4,0,2,1,0,2,1,4,4,3,4,3,4,4,1
7126,4,3,3,4,4,3,0,0,3,3,4,4,4,0,4,4,4,4
7127,1,3,4,4,0,2,1,0,1,3,3,4,3,0,4,4,4,3
7128,3,1,1,1,4,1,0,0,1,3,3,2,2,0,1,1,0,1
7129,0,4,0,0,1,0,0,4,2,2,4,3,4,1,1,3,2,0
7130,4,1,2,0,4,3,0,0,4,1,4,3,1,1,4,0,4,4
7131,2,3,2,0,0,4,0,4,1,4,4,2,4,1,2,1,1,4
7133,0,1,1,0,1,1,0,1,2,1,2,1,0,1,1,0,1,0
7134,3,3,3,1,0,3,0,0,1,3,1,2,3,2,2,4,4,1
7135,3,2,2,0,0,0,0,0,2,2,0,4,4,0,1,1,0,0
7136,0,1,0,0,4,0,2,2,3,4,4,3,0,2,0,0,3,0
7137,4,1,4,2,0,3,4,4,1,4,2,4,1,0,3,1,0,4
7138,0,1,0,0,0,1,0,1,1,3,1,1,0,1,0,0,1,4
7139,4,1,4,0,0,0,0,0,0,3,4,3,1,0,3,2,0,3
7140,1,3,4,1,0,2,0,0,1,4,1,3,2,0,2,4,4,1
7141,4,4,4,1,1,4,4,2,3,3,1,3,2,4,2,1,4,4
7142,0,4,1,0,0,0,0,0,4,4,0,4,4,1,0,0,1,0
7143,1,4,3,3,0,4,0,0,3,4,0,4,4,0,3,2,0,2
7144,0,3,2,0,0,0,0,4,4,3,3,4,4,3,4,0,3,0
7145,0,3,0,0,1,0,0,1,4,2,2,3,0,3,0,0,4,0
7146,1,2,2,0,0,1,0,4,1,3,1,4,3,3,1,3,2,1
7147,0,1,0,0,3,4,4,3,3,4,2,1,0,1,0,0,1,0
7148,3,3,3,1,0,2,0,1,1,2,4,1,3,0,3,1,1,3
7149,0,2,0,0,3,1,4,2,2,3,3,3,0,3,1,0,2,0
7150,0,4,2,0,0,0,0,2,1,2,4,4,0,1,1,0,4,0
7151,0,4,4,0,3,2,2,0,1,4,3,3,0,4,1,0,3,1
7152,0,0,1,0,2,0,0,0,0,3,2,2,0,4,1,0,4,0
7153,4,3,4,4,0,2,0,0,4,1,1,1,3,1,2,3,1,1
7154,0,3,1,1,0,2,0,4,4,4,4,4,3,4,4,1,4,0
7155,0,3,4,0,0,0,0,0,4,2,4,4,4,0,4,3,0,1
7156,0,4,0,0,3,4,0,0,0,3,3,3,0,0,0,0,4,0
7157,0,1,0,0,3,0,0,4,3,2,3,2,0,2,0,0,2,4
7158,0,1,4,0,0,4,0,1,3,1,1,3,4,1,3,4,1,3
7159,4,4,4,4,0,3,0,1,2,4,0,3,1,1,3,4,0,4
7160,3,4,2,0,0,2,0,0,3,2,0,1,1,0,4,0,0,0
7161,0,4,4,4,1,3,0,1,3,2,1,1,4,2,2,3,3,1
7162,0,2,3,0,0,3,0,0,1,1,1,1,2,1,1,3,1,2
7163,0,2,1,0,3,4,4,3,3,1,1,3,1,4,2,0,3,0
7164,0,4,4,0,4,4,3,1,3,1,2,2,1,4,0,0,4,0
7165,0,1,4,0,3,1,0,0,4,2,3,3,0,2,0,0,2,0
7166,0,4,0,0,0,4,3,4,4,4,2,3,0,4,0,0,4,0
7167,1,4,3,4,0,4,0,0,4,1,0,4,3,0,2,4,0,2
7168,4,2,3,4,0,1,0,0,3,1,2,3,4,0,1,2,0,4
7169,1,3,1,3,4,2,0,0,0,1,4,4,1,0,1,3,4,2
7170,0,2,4,0,0,4,0,0,4,2,4,3,3,0,4,0,0,0
7171,0,4,0,0,0,3,0,0,4,3,0,3,1,0,3,3,0,4
7172,0,3,1,0,1,2,3,2,3,3,4,3,1,1,4,0,2,0
7173,3,1,1,0,0,4,0,0,4,4,0,3,4,0,2,2,0,3
7174,4,4,2,4,4,3,0,0,3,4,4,4,2,0,2,0,4,2
7175,2,0,4,1,0,3,0,0,4,2,0,3,3,0,3,1,0,2
7176,0,4,4,1,0,1,0,0,0,4,4,4,4,0,4,4,4,0
7177,0,1,3,0,0,0,0,0,0,0,0,3,2,0,4,0,0,0
7178,3,2,1,0,0,1,0,1,0,2,1,3,4,1,3,1,1,2
7179,0,1,0,0,1,0,1,4,3,4,4,4,0,2,4,0,1,0
7180,0,2,0,0,4,1,1,0,2,1,2,2,4,2,0,4,2,2
7181,0,1,4,0,0,0,0,0,0,2,4,2,3,4,3,1,0,4
7182,0,0,0,0,1,0,0,4,0,3,2,2,0,3,0,0,4,0
7183,0,3,1,0,1,4,0,1,0,0,1,2,0,1,1,0,4,0
7184,0,2,0,0,3,2,4,4,1,1,2,3,0,3,1,0,2,0
7185,0,4,1,0,0,0,0,1,2,4,2,2,4,2,4,0,2,0
7186,0,1,1,0,0,1,0,0,3,1,1,2,2,1,1,2,1,3
7187,0,1,0,0,4,1,0,0,0,3,4,4,0,4,0,0,1,0
7188,0,4,4,4,0,4,0,0,0,3,4,4,2,0,1,1,0,1
7189,3,3,3,0,0,1,1,0,1,1,0,2,3,0,2,0,0,0
7190,2,2,1,4,4,1,0,0,4,1,2,1,0,3,1,3,2,1
7191,0,2,0,0,1,3,0,1,2,3,2,2,0,2,4,3,2,0
7192,0,1,1,0,1,1,0,4,2,3,1,2,1,1,0,0,1,0
7193,0,3,1,0,0,1,1,0,1,1,0,1,1,0,1,3,0,3
7194,0,3,0,0,0,4,0,4,1,1,4,3,1,4,1,0,4,0
7195,0,4,0,0,0,1,0,0,0,1,3,3,0,1,1,0,1,0
7197,1,1,1,0,0,2,0,0,1,4,4,4,1,0,3,0,0,1
7198,3,1,3,4,4,1,1,0,2,4,1,3,3,1,3,4,4,1
7199,0,1,0,0,0,2,0,0,3,1,0,3,0,0,4,2,0,0
7200,0,1,4,0,4,4,0,3,3,1,2,3,3,1,4,4,3,4
7201,0,3,0,0,1,0,0,2,4,3,3,3,1,2,4,0,2,0
7202,1,4,4,0,0,2,0,0,4,2,0,3,4,0,4,4,0,0
7203,4,4,4,0,0,2,0,1,3,4,0,4,4,1,4,0,0,0
7204,0,2,0,0,4,4,2,1,4,4,3,3,0,3,4,0,4,0
7205,0,3,1,4,0,0,0,0,1,1,0,2,2,1,2,4,0,3
7206,0,1,0,0,3,2,0,2,2,2,1,1,0,1,4,0,1,0
7207,1,2,0,0,0,1,1,1,4,4,3,3,0,4,1,0,2,0
7208,0,1,1,0,0,0,0,0,1,4,0,1,2,0,3,0,0,1
7209,0,2,4,0,1,4,4,4,4,3,4,4,0,4,4,4,4,0
7210,0,3,0,0,3,0,0,4,2,3,4,3,0,2,4,1,3,0
7211,0,4,0,0,2,4,0,3,4,2,3,3,0,4,1,0,4,4
7212,4,0,4,0,0,3,0,0,2,3,4,4,3,0,1,1,0,0
7213,2,4,4,3,0,4,0,0,2,1,4,4,2,4,1,4,0,0
7214,0,0,0,1,2,3,1,0,1,2,2,2,0,0,4,0,3,0
7215,4,1,2,0,0,2,1,0,1,2,0,2,4,0,3,1,0,1
7216,0,0,0,0,0,0,0,2,3,3,4,3,0,3,4,0,1,0
7217,1,3,3,4,0,3,0,1,2,1,1,1,3,0,1,2,1,4
7218,0,4,0,0,0,0,0,0,0,0,0,3,1,3,4,0,0,0
7219,0,0,0,0,0,4,0,1,1,0,1,2,3,3,1,1,1,0
7220,0,4,4,0,0,0,0,0,0,4,3,3,0,4,0,0,3,0
7221,0,3,2,0,0,3,4,4,2,4,4,2,3,1,1,1,3,3
7222,3,4,3,4,0,4,0,0,3,3,4,3,2,0,4,3,0,4
7223,0,1,0,0,3,1,4,1,1,1,2,3,0,1,1,0,3,0
7224,0,4,0,0,2,3,0,0,0,4,4,3,0,2,4,0,1,4
7225,1,4,1,0,0,4,0,0,1,3,0,4,1,0,4,4,0,0
7226,0,2,3,0,1,2,4,0,3,4,3,4,3,4,2,1,4,0
7227,0,1,2,4,0,2,0,0,1,4,1,2,3,0,2,4,1,0
7228,0,4,0,0,3,0,1,3,2,3,4,3,0,3,0,0,3,0
7229,1,3,1,4,4,2,2,1,4,1,2,1,1,2,2,0,4,0
7230,0,1,3,0,1,0,0,0,0,4,1,3,0,3,4,0,3,0
7231,1,1,1,4,4,3,1,4,3,3,3,2,1,2,2,0,0,3
7232,0,2,1,1,4,1,0,0,4,1,1,2,4,1,3,1,4,2
7233,0,2,4,0,0,0,0,1,4,4,4,3,0,1,1,0,3,0
7234,1,2,0,0,0,4,0,0,1,1,4,3,0,0,4,1,3,1
7235,1,4,4,0,2,2,0,4,2,2,2,3,4,3,4,0,3,0
7236,0,3,1,0,1,0,0,1,4,2,1,4,0,4,4,0,4,0
7237,4,4,4,4,0,3,0,0,2,1,1,1,4,0,1,1,0,4
7238,0,2,2,0,1,2,0,4,1,1,3,4,3,1,4,3,1,4
7239,0,1,0,0,0,1,0,1,1,1,1,1,1,1,1,3,0,1
7240,0,4,2,0,0,4,3,4,3,3,4,3,0,2,0,0,3,0
7241,0,4,2,2,0,2,0,0,1,3,0,2,3,0,2,0,0,2
7242,0,4,0,0,4,0,0,0,0,3,3,3,0,4,0,0,0,0
7243,0,4,4,0,1,4,0,3,1,1,3,3,0,1,0,0,2,4
7244,0,2,3,4,0,0,1,4,4,1,0,4,1,0,4,2,0,0
7245,0,1,2,0,0,3,0,0,1,3,0,2,3,0,2,0,0,2
7246,0,0,0,0,0,0,4,0,4,4,4,4,2,4,4,0,4,0
7247,1,3,1,0,0,3,0,0,3,1,1,1,4,1,4,1,1,0
7248,1,4,2,0,4,0,0,2,3,4,1,2,0,4,1,0,4,4
7249,0,0,0,0,3,4,0,0,4,2,1,2,0,1,2,0,1,1
7250,0,1,0,0,0,0,0,4,0,1,4,3,0,3,4,0,2,0
7251,0,2,4,0,2,4,4,2,2,2,1,2,0,3,1,0,3,4
7252,0,0,0,0,4,0,0,1,3,2,1,2,0,4,0,0,2,0
7253,0,2,3,1,0,1,2,1,2,3,1,2,3,3,1,1,4,1
7254,3,4,3,0,0,3,0,0,3,4,4,2,1,0,4,4,0,2
7255,0,2,4,0,4,1,0,2,0,2,3,3,4,3,2,1,4,1
7256,0,1,0,0,2,0,2,1,3,2,1,1,0,2,2,0,2,1
7257,4,3,1,1,0,1,0,0,3,2,0,3,1,0,2,4,0,0
7258,0,4,0,0,1,4,0,1,3,3,4,3,0,4,0,0,1,0
7259,4,4,3,3,4,1,0,0,1,4,1,4,2,0,2,3,4,4
7260,1,2,1,0,0,2,0,0,4,2,2,2,3,1,3,3,0,1
7261,0,4,1,0,0,4,0,4,0,3,3,3,0,2,4,0,1,0
7262,1,2,4,1,0,1,4,4,3,3,4,4,4,4,1,3,0,0
7263,0,4,2,2,1,4,1,0,4,3,4,3,2,1,4,4,1,0
7264,0,4,0,0,1,4,0,4,3,1,3,3,0,4,1,0,2,0
7265,0,2,0,0,4,0,0,0,0,2,3,3,0,1,0,0,1,0
7266,0,4,0,0,0,0,0,3,4,2,2,3,0,2,0,0,4,0
7267,0,2,4,3,0,2,0,0,0,3,0,2,2,0,3,1,0,3
7268,0,2,0,0,1,0,0,0,0,3,3,4,0,2,0,0,3,0
7269,1,0,0,0,0,3,0,0,0,0,0,1,0,0,4,1,0,1
7270,0,3,1,0,0,1,4,3,3,3,4,2,0,1,1,0,1,0
7271,3,4,1,1,0,2,0,1,2,2,4,2,1,2,2,4,2,2
7272,2,4,1,0,0,1,0,1,0,3,4,3,4,3,1,3,4,0
7273,2,3,4,1,4,4,0,1,3,4,2,3,4,0,4,2,3,4
7274,4,3,3,0,0,3,4,1,3,4,1,3,3,2,3,1,1,1
7275,4,2,3,3,1,2,0,0,4,1,1,3,3,2,1,1,3,0
7276,0,1,0,0,2,0,0,4,4,4,2,2,4,3,2,0,4,0
7277,0,3,0,0,1,0,0,0,0,1,2,4,0,0,0,0,4,0
7278,0,0,0,0,4,0,0,0,0,3,2,2,0,0,0,0,1,0
7279,0,3,0,0,2,0,0,0,1,1,3,3,0,4,4,0,1,0
7280,4,2,4,0,0,3,0,1,0,4,1,3,4,1,4,0,1,0
7281,0,3,2,0,0,4,0,0,1,4,0,2,4,0,1,2,0,3
7282,0,3,3,1,1,3,1,0,1,3,4,3,1,4,3,3,2,3
7283,0,1,4,0,3,2,0,0,1,3,3,3,0,0,1,0,4,0
7284,0,2,1,0,3,2,1,3,2,3,4,3,0,2,4,0,1,0
7285,0,1,0,0,4,4,0,0,0,1,3,3,0,4,4,0,1,0
7286,0,2,3,1,0,2,0,2,4,3,1,2,4,4,4,2,4,2
7287,0,4,3,3,0,2,0,0,3,1,0,2,2,0,1,1,0,1
7288,4,2,4,0,0,3,0,0,4,3,3,3,2,0,2,0,0,0
7289,0,3,1,4,4,3,1,1,3,3,4,3,0,3,4,0,2,1
7290,0,1,3,0,0,4,0,0,1,1,1,1,4,1,4,1,0,3
7291,0,3,0,0,0,0,0,0,0,3,4,2,0,1,0,0,1,0
7292,0,2,1,0,4,1,4,1,4,1,3,2,1,1,4,0,3,1
7293,1,2,2,1,0,4,0,0,1,4,4,2,2,0,3,2,4,3
7294,1,3,1,0,4,1,0,4,1,4,0,3,3,0,4,2,4,1
7295,1,2,3,4,0,2,0,0,4,3,0,3,3,0,3,2,0,3
7296,0,4,0,0,0,3,0,0,0,4,1,1,1,0,1,0,0,0
7297,0,1,4,0,3,0,0,4,2,2,2,2,0,2,1,0,2,4
7298,0,3,4,3,4,2,2,4,2,3,3,3,2,4,2,2,3,2
7299,4,4,0,2,0,4,0,0,4,2,1,3,3,0,4,3,0,2
7300,0,3,3,0,0,3,4,3,2,3,4,2,3,2,4,0,2,3
7301,0,2,1,0,1,3,0,4,3,3,1,2,2,1,3,0,2,0
7302,0,1,0,0,2,4,0,4,0,2,1,2,1,1,2,0,1,2
7303,0,1,0,0,4,1,2,2,1,2,1,1,4,4,1,0,3,4
7304,2,1,3,0,0,4,0,0,0,1,2,1,3,2,2,0,1,0
7305,0,2,1,0,0,3,0,0,3,2,0,4,4,4,2,3,0,4
7306,0,2,1,0,2,1,0,1,0,1,1,3,0,4,4,0,1,0
7307,0,3,0,0,1,4,0,2,1,3,1,2,0,3,3,0,4,4
7308,0,2,3,0,4,4,0,1,0,2,1,1,1,1,1,0,1,0
7309,4,2,1,0,3,2,2,1,2,3,3,3,2,4,3,2,4,3
7310,0,2,0,0,4,4,0,4,1,2,3,2,0,3,0,0,4,0
7311,0,1,0,0,0,0,0,1,1,3,1,2,0,4,0,0,2,0
7312,0,4,0,0,4,3,4,4,4,2,1,1,0,4,1,4,3,4
7313,0,2,1,0,0,1,0,1,2,2,3,3,1,2,2,3,3,1
7314,0,4,1,0,3,4,4,2,4,4,3,3,0,1,4,0,3,2
7315,0,2,0,0,2,0,0,0,2,2,3,4,1,2,1,0,3,0
7316,0,3,0,0,0,1,0,0,3,4,3,3,0,2,4,0,2,0
7317,3,4,3,4,0,1,0,0,3,4,0,1,3,0,4,4,0,2
7318,0,2,1,4,0,3,0,0,1,2,0,3,2,1,4,3,1,2
7319,2,0,0,4,0,2,0,0,1,1,0,2,4,0,1,0,0,4
7320,2,3,2,4,2,1,0,0,1,3,4,3,3,1,2,4,4,2
7321,2,1,1,4,0,4,0,0,2,2,4,4,3,1,1,1,0,3
7322,0,3,1,0,0,2,0,0,3,1,0,2,3,0,1,0,0,1
7323,0,3,4,0,4,2,0,1,1,1,2,2,0,2,4,0,3,1
7324,2,2,1,1,0,3,0,1,4,3,2,1,1,2,1,0,1,4
7325,0,1,4,0,1,1,1,1,2,1,3,2,0,1,1,0,3,0
7326,1,4,0,0,0,4,0,0,4,2,1,4,4,0,3,0,0,4
7327,0,2,3,0,0,1,0,0,1,3,1,1,1,0,1,2,0,1
7328,0,3,0,0,4,0,0,0,0,3,4,4,0,4,1,0,3,0
7329,0,4,0,0,2,2,0,4,0,4,2,1,0,2,1,0,4,0
7330,1,4,3,0,0,3,0,0,0,3,1,3,1,3,1,1,0,0
7331,4,3,3,0,0,3,0,0,3,2,4,1,4,0,3,4,0,2
7332,4,1,1,0,0,0,1,1,3,2,2,2,0,2,4,0,2,4
7333,0,4,0,0,0,0,4,4,4,3,4,4,0,4,1,0,4,0
7334,0,2,1,0,4,3,0,2,1,2,4,3,0,4,1,0,2,0
7335,4,1,3,0,0,2,0,0,2,2,4,4,4,4,4,2,4,1
7336,0,2,1,0,0,1,0,0,4,1,0,1,4,0,1,1,0,1
7337,0,4,1,0,4,1,0,1,2,3,4,4,0,4,3,0,4,4
7338,0,3,3,0,1,0,0,0,0,1,3,3,0,0,1,0,1,0
7339,0,3,0,0,0,0,0,4,0,2,2,2,0,3,4,0,3,0
7340,0,2,4,0,1,2,1,2,3,3,4,3,0,1,1,0,3,0
7341,2,1,1,0,0,3,0,1,4,4,1,1,1,1,4,3,1,4
7342,0,3,0,0,3,0,0,3,1,2,2,2,1,4,4,0,2,0
7343,0,4,2,0,0,4,0,3,3,2,1,1,4,3,2,0,3,0
7344,4,3,1,4,1,3,1,1,1,3,4,3,4,4,4,4,1,1
7345,1,3,3,4,0,4,0,0,0,4,1,1,2,2,4,3,0,0
7346,4,4,4,0,1,4,4,4,3,4,4,4,4,4,4,4,4,4
7347,0,3,1,0,0,2,0,0,2,2,0,2,3,0,4,1,0,2
7348,0,1,0,0,1,0,0,2,2,1,1,1,0,2,1,0,2,0
7349,0,1,0,0,0,0,0,2,4,3,4,4,0,3,4,0,1,0
7350,0,1,0,0,1,0,0,3,3,2,1,2,0,1,4,0,1,0
7351,0,1,1,0,4,3,2,1,3,2,3,1,0,2,1,0,3,0
7352,0,2,3,1,1,3,1,2,2,3,2,3,1,4,3,1,1,0
7353,0,1,1,0,0,0,0,4,1,3,2,3,0,4,1,0,1,0
7354,0,4,4,0,3,0,3,4,4,1,3,3,0,3,4,0,2,4
7355,0,1,0,0,0,0,0,0,4,3,4,4,0,4,0,0,1,0
7356,3,1,2,0,1,2,0,0,2,1,1,1,4,0,2,4,4,1
7357,0,4,0,0,3,0,4,3,2,2,3,3,0,1,0,0,3,0
7358,0,3,0,0,3,4,4,3,2,3,4,4,0,4,1,4,3,4
7359,0,3,1,0,2,1,0,0,2,4,3,3,2,0,2,4,0,0
7360,4,2,1,0,0,4,0,0,4,2,0,2,2,1,2,1,0,4
7361,1,4,3,4,0,1,0,0,1,3,4,3,1,1,3,1,4,1
7362,0,3,4,0,1,0,0,1,1,2,1,2,4,2,4,0,0,0
7363,4,3,3,3,0,2,0,0,2,3,4,3,4,2,1,1,0,3
7364,0,1,0,0,1,1,4,4,2,3,2,3,0,1,0,0,3,0
7365,0,4,4,0,1,4,0,0,0,1,2,3,2,1,4,0,1,0
7366,0,1,1,0,1,3,1,2,2,2,4,2,3,2,2,0,2,1
7367,0,2,3,0,0,2,0,4,4,4,3,4,3,4,3,4,4,1
7368,0,3,4,0,0,3,0,0,3,3,0,1,3,0,1,1,0,0
7369,3,3,1,0,1,4,4,0,3,2,4,2,1,1,1,1,3,1
7370,0,3,2,1,0,3,0,2,3,2,1,3,2,1,4,2,1,3
7371,0,2,4,0,0,3,0,0,0,1,1,2,4,0,1,3,0,1
7372,0,2,4,0,4,0,1,3,1,2,2,2,0,2,4,0,2,1
7373,0,1,0,0,0,0,0,1,1,2,2,3,1,3,4,0,2,1
7374,0,1,0,0,1,0,0,3,1,2,2,3,0,3,0,0,4,0
7375,1,4,2,0,0,2,2,2,2,2,3,2,4,3,4,0,3,0
7376,0,4,4,0,0,4,0,0,1,2,3,4,4,0,4,4,1,4
7378,3,4,1,1,0,3,0,0,3,4,1,4,4,4,3,4,0,2
7379,0,2,0,0,3,0,0,1,0,2,2,2,0,1,3,0,4,0
7380,0,4,0,0,0,0,0,4,4,2,2,2,0,4,0,0,4,1
7381,1,4,4,3,0,2,0,0,1,1,4,1,2,4,2,1,0,0
7382,0,3,0,0,1,0,0,0,1,3,4,2,0,4,0,0,2,0
7383,2,1,1,3,0,3,4,4,2,3,4,3,2,0,2,4,3,0
7384,0,1,0,0,2,0,0,0,0,3,3,3,0,4,4,0,1,0
7385,0,0,0,0,4,0,0,0,0,4,3,4,0,1,4,0,3,0
7386,0,4,0,0,1,2,0,2,3,3,4,2,0,1,0,0,3,0
7387,4,3,0,0,0,0,0,0,2,4,4,4,3,1,4,4,3,0
7388,4,2,0,0,4,0,0,0,0,2,3,4,0,0,4,0,1,0
7389,4,2,2,1,1,2,1,0,3,3,1,1,2,1,1,1,1,1
7390,0,3,1,0,0,3,0,0,3,1,0,4,4,0,1,0,0,0
7391,0,4,0,0,3,3,0,1,4,2,2,3,0,2,0,0,2,0
7392,4,2,0,1,0,2,0,1,1,2,1,1,1,0,1,2,0,1
7393,4,4,0,0,1,2,1,1,1,1,1,2,0,2,1,0,1,0
7394,0,1,2,1,4,3,4,0,2,1,4,3,1,1,1,0,0,0
7395,1,2,1,0,1,3,0,0,0,4,1,2,3,1,3,4,0,0
7396,0,1,1,0,3,1,1,3,1,2,2,2,2,2,1,3,3,1
7397,0,1,0,0,0,0,0,1,0,2,4,4,0,1,0,0,1,0
7398,0,3,4,0,4,2,3,3,2,2,4,3,3,1,1,4,4,0
7399,0,4,0,0,3,3,0,2,3,1,3,3,1,3,4,0,2,0
7401,1,2,3,0,0,1,4,0,2,2,0,3,3,0,3,3,0,1
7402,0,4,4,0,0,1,0,4,2,4,4,3,4,4,4,3,3,4
7403,0,3,0,0,0,0,4,1,4,3,3,4,0,2,0,0,2,0
7404,0,4,1,0,0,4,0,0,0,3,1,2,3,0,4,0,0,4
7405,1,4,0,0,3,1,1,3,3,2,1,2,0,2,4,0,3,0
7406,0,2,0,0,3,1,0,1,3,4,2,2,0,2,0,0,2,0
7407,0,1,0,1,0,3,0,0,1,4,4,1,4,0,1,0,2,1
7408,0,1,0,0,3,1,0,0,0,2,2,3,0,1,1,0,1,0
7409,4,4,1,0,0,0,0,4,2,4,4,2,3,0,3,1,4,1
7410,1,3,0,0,1,1,3,1,4,3,1,2,1,3,1,0,4,0
7411,0,4,2,2,2,2,0,0,1,2,1,2,0,4,1,1,3,1
7412,0,1,0,0,0,0,1,3,1,1,1,2,0,4,4,0,2,0
7413,2,3,1,4,0,4,0,4,0,4,4,4,2,4,1,4,4,3
7414,1,4,4,0,1,3,0,4,3,4,4,2,4,4,1,2,4,4
7415,0,2,0,0,3,0,0,0,0,2,2,1,0,4,4,0,3,0
7416,0,0,1,0,4,1,0,0,0,1,4,3,0,0,0,0,4,0
7418,1,2,1,0,0,2,1,3,3,1,0,2,2,1,2,3,0,0
7419,0,1,1,0,0,2,0,4,4,3,4,4,1,0,2,4,0,0
7420,4,1,0,0,4,4,1,1,1,4,4,1,0,4,1,4,2,0
7421,0,1,0,0,3,0,3,2,3,1,2,2,0,3,1,0,2,0
7422,0,3,0,0,2,2,0,0,4,1,3,2,0,4,4,0,0,0
7423,0,3,0,0,1,1,0,1,0,4,2,2,0,3,3,0,3,0
7424,0,1,1,0,1,1,0,4,3,3,4,3,1,1,1,1,1,0
7425,1,4,0,1,0,2,0,0,3,1,2,2,3,4,4,0,4,4
7426,0,4,4,0,1,1,0,1,3,3,1,1,0,2,1,0,1,0
7427,0,3,4,0,4,3,1,0,4,1,2,2,4,1,1,4,4,4
7428,1,3,4,1,0,4,0,0,1,1,1,1,3,1,3,1,1,1
7429,4,2,4,3,0,2,0,0,4,3,4,3,3,0,1,1,4,0
7430,3,3,3,0,4,4,0,4,3,3,3,4,2,1,4,1,3,0
7431,0,4,0,0,0,4,4,4,2,3,3,1,0,4,4,0,2,0
7432,0,4,0,0,1,0,0,3,3,3,3,3,4,2,0,0,1,0
7433,3,4,2,0,0,4,1,4,4,3,1,2,1,1,2,3,0,4
7434,1,4,1,1,0,4,0,0,3,3,4,2,1,0,3,3,0,1
7435,1,3,3,0,3,0,0,2,4,2,1,3,3,4,2,2,2,4
7436,0,1,0,0,4,1,3,1,4,2,1,3,0,1,2,0,4,0
7437,0,3,1,0,1,1,1,2,2,3,3,4,0,1,0,0,4,1
7438,4,3,1,2,4,4,4,4,3,2,3,2,1,4,4,2,1,2
7439,0,2,0,0,2,0,1,2,2,2,3,2,0,2,0,0,3,0
7440,0,1,4,0,0,1,0,0,2,1,1,2,0,1,1,1,0,0
7441,0,2,1,1,2,1,0,1,4,4,3,3,1,2,2,0,2,0
7442,4,4,1,0,0,0,0,0,0,3,1,3,4,3,4,1,2,0
7443,0,1,0,0,1,0,0,0,0,2,1,2,0,1,0,0,1,0
7444,0,3,4,0,0,3,0,0,2,1,1,2,1,1,2,4,0,1
7445,0,3,3,4,4,1,4,4,3,4,3,3,4,4,3,0,4,2
7446,0,4,4,0,3,4,0,0,0,3,3,3,0,4,0,4,4,0
7447,4,3,1,1,0,3,2,3,2,3,3,2,1,4,4,1,4,1
7448,1,2,3,0,0,4,0,0,1,2,4,4,4,0,3,2,0,3
7449,4,1,1,0,0,1,0,0,2,1,0,3,2,4,2,3,0,1
7450,0,4,0,0,1,4,1,4,4,2,1,2,0,4,4,0,1,0
7451,0,1,3,1,0,4,0,1,1,1,4,2,4,0,2,1,0,1
7452,0,3,2,0,0,2,0,1,4,2,1,3,1,1,4,1,2,4
7453,0,4,1,0,0,4,1,0,3,3,1,3,1,0,3,0,0,0
7454,1,4,0,4,0,2,0,0,0,3,1,1,4,1,1,3,1,3
7455,0,3,0,0,3,0,0,0,0,2,3,4,0,4,0,0,4,0
7456,0,1,0,0,4,4,4,2,4,1,1,2,0,4,2,0,3,0
7457,1,2,3,0,1,2,2,1,3,4,3,4,4,4,4,4,1,2
7458,4,3,1,0,1,3,0,0,2,2,1,3,1,0,4,1,0,1
7459,3,4,1,0,0,2,0,0,0,2,4,4,2,0,2,4,0,4
7460,0,3,2,0,0,1,0,0,1,3,0,1,1,0,3,1,0,0
7461,0,2,0,0,0,3,0,4,2,3,1,2,1,4,1,2,1,0
7462,0,1,4,1,0,1,0,0,1,2,0,3,3,0,3,2,0,3
7463,0,3,0,0,2,0,0,4,0,3,3,2,0,2,1,0,2,0
7464,4,1,1,1,0,3,1,0,3,4,0,1,1,0,3,1,0,3
7465,4,4,4,0,1,3,2,1,3,2,3,3,4,1,3,2,2,1
7466,0,4,1,0,0,1,0,0,1,2,3,2,1,1,2,0,1,0
7467,0,1,0,0,4,0,0,0,4,4,2,1,0,3,0,0,0,0
7468,0,3,1,0,0,4,0,3,2,4,4,3,2,4,4,4,4,0
7469,0,3,1,0,4,1,1,4,2,3,3,2,0,2,1,0,4,4
7470,4,2,3,2,4,2,0,2,1,4,3,2,3,2,4,1,2,2
7471,1,3,3,0,3,2,1,0,2,1,3,2,1,1,2,4,1,2
7472,4,4,1,0,0,3,0,1,4,1,1,1,0,1,2,4,0,4
7473,3,3,2,0,0,2,0,4,4,2,3,3,3,4,1,4,0,0
7474,0,3,4,0,4,1,0,1,2,4,2,2,0,1,4,0,3,0
7475,0,0,0,0,1,1,0,1,0,3,2,4,1,2,4,0,1,1
7476,0,1,1,1,3,2,1,3,1,4,3,1,1,2,4,0,4,1
7477,4,4,3,0,3,4,0,1,2,4,3,3,4,4,4,2,1,0
7478,0,3,2,0,2,4,0,4,3,2,2,3,2,1,2,4,3,4
7479,4,1,1,1,0,4,0,0,1,1,4,3,3,0,3,0,4,0
7480,0,4,4,1,1,3,0,0,3,3,1,2,2,0,4,1,0,1
7481,1,4,1,1,1,4,0,1,4,1,3,4,1,2,4,0,4,1
7482,0,0,0,0,0,4,0,0,4,1,1,3,0,1,3,0,0,0
7483,3,2,3,0,0,2,0,1,2,1,1,3,2,1,3,1,1,1
7484,0,4,4,0,4,4,0,2,4,3,2,3,0,3,0,0,2,0
7485,0,1,0,0,2,1,0,1,1,2,3,2,0,3,1,0,3,0
7486,1,4,1,1,0,1,0,0,2,3,0,4,4,0,4,4,0,0
7487,0,4,1,0,3,0,0,3,0,2,3,2,0,2,4,0,2,0
7488,0,1,2,0,0,2,0,0,2,1,3,2,3,4,3,1,2,4
7489,0,3,0,0,2,0,0,0,4,2,1,1,0,1,0,0,4,0
7490,4,3,2,0,0,4,0,0,2,3,4,3,4,4,4,4,0,3
7492,1,3,4,0,1,4,0,0,4,3,4,2,1,1,2,0,1,0
7493,0,2,2,4,0,4,0,0,4,4,0,1,2,0,2,4,0,0
7494,0,1,1,0,0,0,0,4,0,1,3,3,0,1,4,0,2,0
7495,0,3,1,0,0,4,0,4,2,3,2,3,4,1,2,3,2,3
7496,0,4,0,0,4,4,0,4,2,2,1,3,0,3,1,0,4,0
7497,4,3,0,0,0,3,3,4,0,4,4,2,4,0,2,3,0,0
7498,0,3,1,0,0,0,4,1,1,1,1,2,0,4,2,0,0,0
7499,1,0,2,0,1,4,1,0,1,4,2,3,2,0,1,4,4,1
7500,0,3,3,1,0,1,0,1,1,1,1,1,3,0,1,4,1,4
7501,1,4,2,0,0,2,0,0,4,1,0,1,2,0,4,0,0,1
7502,0,3,4,0,1,0,4,2,3,4,2,2,0,2,4,0,3,0
7503,0,4,4,0,4,0,0,0,3,3,3,3,4,4,0,0,2,0
7504,0,2,4,0,1,2,4,4,4,3,3,3,4,1,4,0,3,3
7505,0,2,4,0,3,4,0,4,1,4,2,2,0,1,1,0,4,0
7506,0,4,0,0,1,3,1,4,4,3,1,4,4,4,4,1,1,4
7507,0,3,0,0,1,2,0,1,1,1,3,2,0,3,4,0,1,0
7508,0,3,0,0,1,1,4,2,2,3,2,3,1,3,3,1,3,3
7509,0,1,1,0,0,1,0,0,2,1,1,1,1,0,3,4,0,1
7510,0,4,0,0,0,0,0,0,0,4,0,3,4,0,0,1,0,1
7511,3,4,1,0,1,1,2,2,3,3,2,3,4,1,4,0,3,0
7512,0,2,4,4,0,3,4,4,4,2,1,2,2,4,3,0,4,0
7513,4,3,3,0,0,4,0,0,2,2,4,4,4,4,4,3,4,4
7514,1,1,3,0,0,3,0,0,2,4,4,4,3,4,1,0,4,3
7515,0,1,0,0,0,0,0,1,4,2,2,2,0,3,0,0,3,0
7516,0,3,4,0,4,1,3,1,2,2,3,3,2,3,1,4,0,3
7517,3,4,0,2,0,4,0,0,1,4,4,4,3,1,0,1,2,0
7518,4,2,2,3,4,3,0,0,3,4,1,1,2,2,2,1,0,4
7519,1,1,1,0,4,0,0,0,4,2,2,2,2,1,3,1,4,0
7520,0,1,1,0,0,1,0,1,4,4,4,1,1,4,2,1,4,0
7521,4,3,1,0,1,1,4,0,1,3,4,4,1,1,3,4,4,1
7522,0,2,3,0,0,1,0,0,1,1,1,2,3,0,2,0,1,3
7523,1,3,0,0,2,1,2,4,4,4,3,3,2,2,1,3,1,0
7524,0,2,0,0,2,0,0,0,1,2,3,2,0,4,0,0,1,0
7525,0,2,0,0,2,4,4,2,4,4,1,1,0,2,4,0,2,2
7526,0,2,0,1,0,3,4,4,3,3,3,3,2,3,1,1,3,3
7527,0,1,0,0,4,4,3,3,1,1,4,4,3,3,4,0,4,0
7528,0,0,0,0,0,0,0,0,0,3,2,2,0,2,1,0,2,0
7529,0,3,0,0,1,0,4,0,4,4,4,4,4,1,1,1,3,0
7530,3,2,0,4,0,0,0,4,1,1,1,1,2,1,2,2,1,2
7531,4,1,2,3,1,3,0,1,1,3,2,3,4,3,2,4,3,1
7532,0,3,0,4,3,3,4,3,1,4,3,2,0,1,2,0,3,0
7533,0,3,0,0,0,4,2,1,4,3,3,3,0,4,0,0,2,0
7534,4,2,3,1,0,0,0,0,1,2,1,1,3,1,3,1,1,1
7535,1,3,2,0,0,4,1,2,2,2,1,2,0,4,1,1,1,1
7536,0,4,0,0,0,0,0,4,2,4,4,4,1,4,4,0,2,4
7537,0,0,0,0,1,0,0,0,0,2,1,2,0,2,0,0,2,0
7538,3,3,1,0,0,0,0,0,0,3,4,3,2,0,2,1,0,0
7539,0,1,1,1,2,2,4,4,2,2,1,2,0,2,3,0,3,0
7540,0,2,4,0,3,4,0,3,1,1,2,3,0,3,1,0,2,0
7541,0,3,0,0,0,0,0,0,0,3,1,4,2,4,4,0,0,0
7542,0,3,1,2,1,3,1,2,3,1,2,2,1,1,3,0,1,0
7543,0,1,0,0,0,4,0,0,2,3,4,3,3,0,3,4,4,2
7544,2,1,1,3,4,1,1,0,2,4,4,1,1,0,2,0,1,3
7545,0,4,0,0,2,0,4,2,3,3,1,2,1,3,0,0,2,0
7546,0,4,1,0,0,0,0,0,1,1,0,3,1,0,0,0,0,0
7547,0,1,0,0,1,1,0,0,4,1,2,2,1,4,1,1,4,0
7548,1,2,0,0,4,0,0,4,4,2,4,2,4,0,4,1,1,2
7549,3,1,4,0,0,0,0,0,4,3,0,2,4,0,3,0,0,1
7550,0,4,0,0,0,0,0,4,4,4,1,4,0,4,0,4,4,0
7551,0,4,0,0,1,1,0,0,0,2,3,3,0,0,0,0,2,0
7552,0,4,0,0,1,1,0,2,1,2,3,3,1,3,1,1,2,1
7553,0,3,0,0,1,1,0,1,1,4,3,2,0,3,4,0,2,0
7554,1,4,2,0,0,4,0,0,4,2,1,3,3,1,1,0,0,0
7555,4,3,4,0,1,2,3,2,3,3,2,3,0,2,4,0,3,0
7556,0,0,0,0,2,0,0,4,0,1,3,2,1,1,4,0,3,0
7557,1,4,4,1,4,1,0,4,4,3,4,3,4,1,1,0,1,4
7558,1,3,2,4,0,2,0,0,2,1,1,1,4,2,3,0,2,1
7559,4,4,3,4,0,2,0,4,4,4,4,4,4,4,2,4,4,0
7560,0,1,1,0,1,1,0,1,4,1,1,3,0,1,0,0,1,0
7561,3,1,1,3,0,1,1,2,2,2,1,3,1,2,4,0,2,1
7562,4,4,3,0,0,4,0,0,1,4,1,2,1,0,2,4,0,1
7563,1,3,0,0,0,0,4,3,1,1,2,1,4,1,1,1,1,1
7564,0,1,1,0,4,1,0,0,1,3,1,2,0,2,1,0,1,0
7565,0,4,1,0,3,4,0,2,3,2,2,3,0,3,2,1,3,0
7566,0,1,0,0,4,1,0,0,0,0,4,1,1,2,3,0,4,0
7567,0,2,2,1,0,2,0,0,3,2,1,2,2,0,3,3,0,2
7568,0,2,0,0,4,0,2,4,1,2,4,3,0,1,2,0,1,0
7569,0,1,0,0,3,1,0,1,0,2,4,2,0,3,1,0,3,0
7570,1,2,1,4,0,3,0,4,4,4,1,4,3,4,2,1,1,0
7571,0,3,0,0,1,0,0,0,0,3,1,2,0,1,0,0,2,0
7572,0,4,0,0,4,0,0,0,0,2,3,2,1,2,1,0,3,0
7573,0,1,4,4,0,4,0,0,2,1,1,2,2,1,2,4,1,4
7574,0,1,1,0,0,4,0,0,1,1,1,2,0,1,1,0,1,0
7575,0,1,0,0,1,0,0,0,0,3,2,4,0,4,0,0,4,0
7576,0,4,1,4,0,4,0,0,0,3,0,1,4,0,3,4,0,4
7577,0,4,0,0,0,0,0,4,0,2,3,2,0,4,0,0,4,0
7578,0,1,2,0,0,2,4,4,4,2,3,2,1,4,1,3,4,4
7579,0,1,1,0,1,2,1,2,3,3,3,2,4,2,1,1,1,0
7580,2,1,4,4,4,2,0,0,4,1,2,3,1,1,4,0,0,1
7581,0,3,2,0,3,4,1,0,4,2,2,3,4,4,4,0,3,0
7582,1,2,3,1,4,4,1,3,4,4,4,3,3,1,2,4,4,3
7583,3,0,0,0,0,2,0,0,3,2,4,4,4,4,3,2,0,0
7584,0,2,4,0,1,0,1,0,2,1,3,4,1,0,2,3,3,4
7585,0,2,4,0,4,1,0,2,2,1,1,2,0,1,4,0,3,0
7586,2,2,1,1,4,4,4,3,1,3,4,2,1,3,2,0,3,1
7587,0,1,1,0,0,1,0,2,1,2,1,2,4,2,1,0,3,0
7588,4,2,3,4,0,4,0,0,0,1,4,3,2,3,4,1,0,0
7589,0,1,0,0,4,1,0,3,4,2,1,2,1,4,1,0,4,0
7590,0,0,0,0,0,1,0,0,4,2,4,3,0,4,0,0,0,0
7591,0,4,0,0,0,1,0,4,0,4,4,3,0,2,0,0,2,0
7592,0,0,0,0,2,0,0,0,0,1,3,2,0,0,0,0,0,0
7593,4,1,2,3,4,4,0,1,4,1,3,3,3,4,4,4,4,1
7594,1,3,3,2,3,1,0,4,2,1,3,1,2,1,1,0,4,0
7595,0,4,0,0,4,4,0,0,0,3,3,4,4,4,0,0,1,0
7596,2,2,4,1,1,4,0,0,1,4,1,3,1,1,2,4,0,4
7597,0,3,0,0,1,0,0,1,3,3,1,3,0,2,0,0,3,0
7598,0,1,0,0,0,0,0,0,0,1,2,1,0,0,0,0,0,0
7599,0,2,4,0,0,1,1,2,4,3,2,1,2,4,2,0,1,0
7600,1,3,0,4,0,1,0,0,1,2,4,1,1,0,2,3,1,0
7601,1,3,0,1,0,3,3,4,4,2,4,3,4,4,1,0,4,0
7602,0,3,0,0,1,4,1,4,4,3,3,2,0,4,0,0,2,0
7603,1,1,1,1,4,1,0,4,2,1,4,3,1,0,3,1,0,1
7604,0,1,0,0,2,4,0,1,1,4,1,2,0,1,4,0,2,0
7605,2,4,1,0,0,2,0,0,0,4,4,4,4,0,2,1,0,4
7606,0,3,0,0,3,0,0,0,0,3,2,2,0,4,0,0,4,0
7607,0,4,0,0,0,3,0,0,3,2,0,3,0,0,4,4,0,4
7608,0,0,0,0,3,0,4,1,4,2,3,3,0,1,1,0,3,0
7609,0,1,1,0,0,2,0,0,3,3,0,2,1,1,2,3,0,1
7610,0,1,2,2,0,2,0,0,2,1,4,2,1,4,3,1,0,4
7611,4,1,1,0,0,1,4,0,2,1,1,1,1,0,2,0,1,0
7612,0,3,0,0,1,1,1,1,2,3,1,4,4,3,0,0,2,4
7613,2,3,1,0,0,1,4,2,1,1,1,2,1,1,3,3,4,0
7614,0,4,4,0,0,0,0,2,4,3,2,2,2,3,3,0,3,0
7615,1,1,1,1,0,3,0,4,2,2,4,1,1,4,2,2,0,0
7616,2,4,0,0,0,1,0,0,0,1,1,3,4,4,4,0,0,0
7617,0,3,4,3,4,3,1,4,1,1,3,2,2,4,3,3,1,1
7618,1,1,1,0,0,4,0,0,0,1,4,3,3,0,2,1,0,2
7619,4,1,1,3,1,3,4,3,3,4,1,3,1,2,2,2,1,0
7620,1,1,0,0,4,4,0,0,1,2,2,2,3,4,4,0,1,0
7621,0,2,0,0,3,0,0,0,1,1,4,4,0,0,1,0,3,0
7622,0,2,1,0,4,4,0,0,2,2,2,1,3,4,2,1,0,4
7623,0,3,1,2,0,3,0,0,1,3,1,1,4,4,3,1,0,1
7624,0,4,0,0,3,4,0,1,0,3,2,2,0,3,0,0,4,0
7625,0,3,4,3,4,2,0,0,2,1,0,3,2,4,3,3,4,0
7626,1,4,0,1,0,3,0,0,1,3,2,3,1,0,1,1,3,1
7627,1,3,2,0,4,3,3,4,2,1,3,2,1,3,3,4,3,0
7628,0,4,0,1,1,3,0,4,4,2,4,3,4,4,1,0,3,0
7629,0,2,0,0,2,4,0,4,1,4,2,2,0,4,4,4,4,0
7630,0,2,4,0,1,3,4,1,2,1,1,2,0,3,0,0,2,1
7631,0,4,0,0,4,0,0,0,0,3,3,4,0,4,0,0,3,0
7632,0,4,0,0,2,3,4,4,2,4,2,2,0,3,4,0,2,0
7633,0,3,0,0,1,4,0,0,3,2,4,3,3,4,2,4,3,0
7634,0,1,0,0,0,1,0,0,0,0,1,4,1,1,0,1,0,1
7635,3,3,2,4,0,3,4,4,3,4,4,3,4,0,2,4,0,0
7636,0,1,4,0,1,0,0,4,2,1,3,2,0,2,0,0,4,4
7637,0,3,0,0,2,0,0,0,0,3,3,2,0,4,0,0,3,0
7638,1,2,3,4,0,2,0,0,1,2,2,2,3,1,3,1,0,2
7639,0,2,0,0,1,0,0,3,1,3,2,2,0,3,1,0,1,0
7640,0,2,0,0,2,4,0,3,2,3,2,3,1,4,1,0,4,0
7641,0,3,1,0,0,4,0,1,4,2,4,4,1,0,4,1,3,0
7642,0,4,0,0,4,0,0,0,0,2,3,4,0,1,0,0,4,0
7643,0,1,4,0,1,1,1,2,2,2,1,1,0,3,1,0,1,0
7644,0,4,1,1,0,3,0,3,0,3,2,2,1,2,3,1,2,2
7645,0,3,0,0,3,0,0,2,3,2,2,3,0,3,4,0,3,0
7646,3,3,1,2,0,3,0,0,2,2,1,4,2,1,3,2,3,4
7647,0,1,4,0,1,4,0,3,2,2,4,3,0,4,0,0,3,1
7648,1,1,1,1,0,3,0,1,1,3,1,1,1,1,1,2,1,0
7649,0,3,0,0,0,0,4,4,4,4,2,2,0,0,4,0,4,0
7650,0,1,0,0,4,4,4,0,2,3,1,1,0,1,4,0,1,0
7651,1,0,3,1,0,2,0,0,1,0,0,2,3,0,3,4,0,0
7652,0,3,3,0,0,3,0,4,1,3,4,4,3,0,4,3,4,0
7653,4,1,0,0,0,2,0,0,0,1,3,2,3,1,1,0,0,0
7654,1,1,1,0,0,3,0,0,1,2,4,2,3,0,1,1,0,3
7655,3,4,2,0,0,4,1,3,3,4,0,4,0,1,4,4,0,4
7656,3,2,1,4,3,4,4,1,4,2,1,2,3,4,2,1,4,0
7657,0,4,0,0,4,0,0,0,1,2,3,3,0,4,0,0,4,0
7658,0,1,1,0,4,3,1,2,3,4,1,1,3,3,4,0,2,0
7659,1,1,0,0,0,4,4,4,4,2,4,3,1,4,1,0,4,4
7660,0,4,0,0,0,4,0,3,1,2,3,2,0,3,4,0,3,0
7661,0,1,0,0,0,0,3,3,2,2,2,2,0,3,4,0,3,0
7662,0,2,2,0,0,1,0,1,4,4,2,3,4,1,4,0,3,0
7663,0,2,0,0,4,1,4,0,1,4,3,2,0,3,0,0,2,0
7664,1,4,3,1,4,1,0,4,4,3,2,3,3,3,2,1,4,2
7665,0,1,1,0,1,0,0,0,0,4,3,4,1,2,4,0,3,4
7666,0,2,4,0,4,3,0,4,2,1,1,1,3,3,1,0,0,1
7667,0,3,0,0,1,1,0,0,4,3,4,3,0,4,3,0,3,0
7668,0,4,3,0,0,3,0,0,1,4,0,2,2,0,2,3,0,2
7669,4,3,2,4,0,1,0,0,2,4,4,1,2,0,2,4,0,1
7670,0,1,0,0,3,0,2,4,1,4,2,3,0,2,0,0,4,0
7671,0,2,0,0,4,0,0,3,3,3,3,1,0,2,4,0,3,0
7672,0,2,1,0,3,3,1,1,3,2,3,3,0,2,4,0,3,0
7673,0,3,1,0,0,0,0,3,3,3,4,4,0,4,4,0,1,0
7675,0,1,4,0,4,3,4,1,4,2,4,3,1,4,1,1,4,2
7676,0,4,2,0,4,0,0,1,1,4,1,1,0,3,1,4,2,0
7677,3,1,4,1,0,1,0,0,1,1,3,2,1,1,4,2,4,2
7678,0,4,1,0,0,1,0,0,1,1,0,3,4,0,3,3,0,4
7679,0,4,0,0,4,0,0,0,1,2,2,2,0,1,0,0,4,0
7680,0,1,1,4,2,2,0,4,3,3,3,2,1,1,1,1,2,1
7681,1,2,1,0,4,3,0,4,1,3,2,1,4,2,1,0,3,0
7682,0,3,4,0,4,0,0,0,4,4,4,4,0,4,0,0,4,0
7683,0,4,0,0,0,0,0,0,0,2,2,1,0,4,0,0,3,0
7684,2,1,1,0,0,4,0,0,3,4,1,4,4,0,1,0,0,0
7685,0,3,4,4,0,1,0,2,1,3,1,1,4,1,3,4,4,0
7686,0,2,1,4,0,2,0,0,1,3,0,4,2,0,3,0,0,0
7687,0,2,0,0,4,0,1,4,3,3,4,4,0,4,4,0,2,0
7688,0,1,0,0,4,0,0,0,4,1,1,2,0,1,0,0,1,0
7689,0,2,1,0,0,2,1,4,1,3,1,1,2,1,1,1,1,3
7690,3,4,4,2,4,2,0,4,4,1,4,2,4,0,4,4,3,4
7691,4,3,4,4,2,2,0,4,4,2,4,2,4,1,2,3,2,3
7692,0,4,1,3,1,4,2,1,3,3,1,1,0,0,3,1,1,1
7693,4,2,3,0,0,1,1,0,2,1,3,4,3,0,2,1,0,3
7694,4,1,2,1,0,2,1,1,4,4,1,1,1,0,1,0,0,1
7695,0,2,0,0,3,1,0,1,1,3,2,1,0,2,0,0,1,0
7696,0,4,3,0,0,1,3,1,2,4,1,4,3,4,1,2,1,4
7697,0,4,0,0,0,2,0,0,3,1,4,4,1,1,4,1,1,0
7698,0,1,0,0,1,0,0,1,1,3,2,2,0,2,0,0,3,0
7699,0,4,0,0,1,4,0,4,1,2,2,2,0,4,0,0,1,0
7700,0,3,0,0,2,0,0,0,0,3,3,3,0,4,0,0,2,0
7701,0,3,0,0,4,1,0,0,0,1,4,3,0,0,1,0,2,0
7702,0,0,0,0,0,0,0,0,0,4,1,2,0,3,4,0,2,1
7703,0,2,4,0,0,4,4,4,2,2,4,4,4,4,2,1,4,0
7704,4,4,2,4,1,3,2,1,4,2,4,4,3,1,3,1,4,0
7705,0,4,0,0,3,0,1,4,0,2,1,3,0,2,4,0,2,0
7706,0,4,0,0,4,0,0,0,0,1,4,3,0,3,0,0,4,0
7707,0,3,0,0,3,0,0,0,0,2,3,3,0,4,0,0,1,0
7708,2,2,0,1,4,2,1,0,3,4,2,3,3,2,4,1,4,1
7709,4,2,1,0,0,1,0,0,4,1,2,2,2,3,3,4,4,0
7710,4,4,1,0,0,2,0,0,1,4,0,3,1,0,3,1,0,2
7711,0,2,0,0,0,0,0,1,2,4,4,1,0,3,3,0,3,0
7712,0,1,0,0,2,0,1,1,1,1,3,1,1,1,1,0,1,0
7713,0,3,0,0,1,4,4,3,1,1,4,4,0,4,4,0,3,0
7714,0,4,0,0,4,0,0,0,0,3,2,2,0,0,0,0,3,0
7715,1,1,1,1,1,2,4,4,3,4,4,3,4,4,1,2,4,1
7716,2,3,3,0,1,1,4,1,3,1,2,2,1,4,2,1,3,0
7717,0,4,2,3,0,3,0,0,1,1,1,2,2,0,3,1,1,0
7718,0,4,0,2,0,3,4,1,3,3,4,3,3,4,2,0,4,1
7719,0,3,4,4,3,1,0,4,2,3,4,3,2,3,4,0,2,4
7720,0,1,0,0,3,0,0,0,0,1,2,3,0,1,0,0,1,0
7721,1,1,0,0,2,0,0,0,0,3,1,3,0,1,0,0,1,0
7722,0,1,0,0,2,2,2,4,3,1,1,3,1,0,1,3,0,1
7723,0,3,0,0,2,0,2,0,1,3,2,3,0,4,0,0,1,0
7724,0,1,0,1,2,2,0,4,1,2,3,3,0,4,1,0,1,0
7725,2,2,1,3,0,3,0,0,2,1,4,1,1,0,2,3,0,2
7726,3,2,2,0,3,3,0,0,1,3,1,2,1,2,2,1,4,0
7727,0,2,3,0,0,2,0,1,0,3,1,2,1,0,1,3,0,2
7728,0,4,4,0,0,0,0,0,4,3,3,3,0,3,0,0,4,0
7730,0,1,0,0,2,0,1,4,2,1,3,3,4,3,1,0,3,0
7731,3,1,1,0,0,3,0,0,4,4,0,4,2,0,4,1,0,2
7732,0,4,4,0,2,1,0,0,0,2,1,3,0,1,4,0,3,0
7733,4,3,1,4,0,4,0,0,3,3,4,3,2,0,2,1,0,3
7734,0,1,0,0,1,0,0,1,1,1,4,1,0,4,4,0,2,0
7735,4,4,3,3,4,3,0,0,4,4,4,3,4,3,4,4,4,2
7736,4,4,1,2,0,3,0,4,1,3,1,1,1,4,1,4,4,0
7737,0,4,1,3,0,3,4,4,4,4,0,4,4,0,4,1,1,2
7738,2,3,1,4,0,1,0,0,1,2,0,3,1,0,1,1,0,1
7739,1,3,2,1,0,2,0,0,3,4,1,1,1,0,2,4,0,3
7740,0,4,1,0,3,0,3,1,3,3,4,3,0,1,0,0,2,4
7741,0,4,1,0,0,3,0,1,4,4,0,4,4,4,4,1,0,1
7742,0,0,0,0,1,2,4,4,4,4,3,3,0,4,1,0,2,0
7743,0,4,0,0,0,3,0,0,0,3,4,3,4,4,4,0,0,0
7744,1,1,0,1,0,4,0,1,4,1,3,2,2,1,4,0,1,4
7745,1,4,1,3,0,3,4,0,2,2,4,4,3,4,4,4,4,4
7746,3,1,0,0,0,1,0,1,3,3,1,2,3,0,1,0,0,0
7747,0,1,0,0,0,0,1,0,1,4,3,2,1,2,1,0,4,0
7748,0,0,1,0,0,0,0,0,1,1,1,2,0,0,1,0,0,0
7749,0,1,4,4,0,4,0,0,2,3,0,1,0,0,3,4,0,4
7750,0,2,0,0,1,3,2,2,3,2,3,2,0,2,0,0,3,0
7751,0,3,1,1,0,4,0,0,4,4,1,2,2,0,1,0,2,4
7752,0,1,0,0,0,0,0,1,2,2,4,1,2,1,1,0,1,1
7753,1,3,0,4,0,3,0,0,3,2,1,2,0,1,1,1,0,0
7754,0,3,4,0,4,2,0,3,2,3,4,3,0,2,1,0,3,0
7755,0,1,0,0,4,4,0,0,0,3,3,3,0,0,0,0,3,0
7756,0,2,0,0,3,4,0,0,4,3,2,3,0,1,4,0,4,0
7757,0,2,0,0,1,1,0,0,0,3,2,2,1,4,1,2,2,1
7758,0,4,0,0,0,0,0,0,0,4,4,4,4,1,1,0,0,0
7759,0,3,0,0,0,0,0,3,1,3,3,3,0,4,1,0,2,0
7760,0,2,4,4,0,3,0,0,1,2,0,4,1,0,2,4,0,1
7761,2,1,4,0,4,3,2,2,2,1,4,1,4,4,3,1,4,0
7762,1,1,1,0,0,1,0,0,1,1,4,2,2,1,4,4,4,4
7763,0,3,1,1,0,1,0,4,4,4,4,1,4,0,2,1,0,0
7764,0,4,0,0,0,0,0,0,0,4,0,4,4,0,4,4,0,0
7765,1,4,3,0,0,3,0,4,1,1,1,1,2,4,1,0,0,1
7766,0,2,1,4,0,4,0,0,4,3,2,3,1,4,3,2,0,3
7767,1,1,3,0,4,3,0,4,2,3,1,3,0,0,3,1,1,0
7768,2,1,1,1,0,1,0,0,4,1,4,1,0,1,1,1,0,1
7769,1,3,2,0,4,3,2,3,3,4,3,3,4,4,2,0,3,2
7770,0,1,0,0,1,0,2,2,3,1,1,4,0,1,0,0,3,0
7771,1,4,3,0,0,2,4,4,2,1,4,4,4,4,4,0,4,2
7772,1,4,4,0,0,3,4,2,2,3,4,2,4,0,4,0,4,4
7773,1,2,2,1,0,3,0,0,2,4,0,4,1,0,1,2,0,1
7775,0,1,1,0,4,0,0,3,1,2,1,2,0,2,1,0,2,0
7776,4,3,1,0,0,0,0,0,1,3,0,1,4,0,1,4,0,0
7777,0,4,4,0,3,0,0,4,1,4,4,3,0,4,0,0,2,0
7778,3,4,3,2,2,2,0,0,1,1,3,2,2,1,3,0,2,4
7779,3,4,0,2,0,1,0,0,2,4,1,3,3,0,4,1,0,0
7780,0,2,4,0,1,4,0,1,3,4,2,4,0,2,4,0,4,0
7781,0,1,0,0,0,2,0,0,3,1,1,2,4,0,1,2,1,3
7782,0,2,0,0,4,4,1,1,4,1,3,3,4,3,0,0,3,0
7783,0,4,0,0,2,1,0,0,0,2,2,4,0,4,0,0,2,0
7784,0,0,1,1,0,0,0,0,1,4,4,4,2,0,0,0,4,0
7785,0,1,4,0,4,1,2,2,2,2,1,1,0,1,0,0,4,3
7786,0,4,0,0,0,1,0,0,4,1,1,2,2,1,4,1,0,1
7787,1,4,1,2,0,2,0,0,0,1,1,2,1,0,4,0,0,0
7788,0,4,4,0,0,3,4,4,1,4,1,1,2,4,2,0,1,0
7789,4,3,4,4,4,3,0,0,3,4,1,3,4,3,1,4,4,1
7790,0,3,0,0,3,0,4,4,2,2,2,3,0,3,1,0,3,4
7791,2,1,2,4,0,2,2,0,1,2,2,1,1,1,4,1,1,2
7792,0,1,0,0,0,4,0,0,0,0,1,1,1,0,0,0,1,0
7793,0,3,4,0,1,0,4,1,4,2,3,2,1,3,4,0,2,0
7794,0,1,0,0,1,1,0,2,2,1,1,1,0,2,2,0,4,0
7795,4,2,3,0,4,4,2,1,2,1,4,2,2,0,1,0,4,0
7796,0,1,4,0,0,4,1,3,1,2,3,4,2,4,1,2,1,4
7797,0,4,0,0,2,0,0,0,0,4,3,4,0,1,0,0,4,0
7798,0,4,0,0,4,4,3,2,3,1,2,3,0,2,4,0,1,4
7799,0,3,0,0,3,0,0,1,1,3,3,3,0,4,0,0,2,0
7800,0,1,0,0,1,1,0,4,0,3,4,4,4,4,1,4,3,4
7801,1,3,4,4,0,4,0,0,2,3,0,4,4,0,4,4,0,0
7802,4,1,1,4,4,2,0,1,3,1,2,4,4,4,4,3,1,0
7803,0,1,0,0,1,3,0,4,2,1,1,1,1,2,2,4,4,3
7804,1,4,1,0,0,3,0,1,1,2,1,3,2,0,1,3,0,0
7805,0,1,4,0,4,3,3,2,1,2,2,3,0,2,1,0,3,0
7806,0,2,4,0,4,0,2,1,2,4,2,2,0,3,1,0,2,4
7807,0,0,0,0,1,0,0,0,4,3,1,1,0,4,0,0,0,0
7808,0,4,0,0,4,0,0,3,0,4,1,2,0,2,4,0,1,0
7809,0,2,0,0,2,2,0,2,3,1,2,1,0,1,4,0,3,0
7810,0,3,0,0,1,0,2,3,4,2,2,3,0,4,1,0,3,0
7811,4,3,4,4,4,2,0,0,1,4,2,1,4,4,2,2,1,2
7813,0,4,4,0,0,3,0,0,3,4,0,4,3,0,4,0,0,0
7814,0,1,0,0,1,1,3,4,2,1,4,3,0,2,4,0,2,0
7815,0,4,4,0,0,4,0,0,0,4,4,4,2,2,4,3,0,4
7816,1,1,4,2,0,3,0,0,4,3,3,4,4,0,4,3,2,3
7817,0,3,0,0,1,2,0,0,2,3,3,2,0,4,1,0,1,0
7818,0,3,0,0,3,0,0,0,0,3,1,1,0,1,0,0,1,0
7819,0,3,0,0,0,4,0,1,1,1,4,4,1,4,0,0,0,0
7820,0,1,2,1,4,2,0,0,2,2,4,1,1,0,3,4,0,4
7821,4,2,3,0,3,1,0,0,0,3,2,3,2,0,3,4,4,4
7822,0,4,0,0,4,3,0,4,4,3,4,2,1,0,2,4,0,2
7823,1,4,4,0,0,2,0,0,3,1,0,4,3,0,4,4,0,4
7824,0,1,2,0,2,1,1,4,3,3,1,2,2,2,4,2,2,1
7825,2,3,2,0,0,1,2,1,1,1,4,2,1,2,2,3,2,1
7826,0,4,1,0,1,0,0,0,0,4,4,4,0,1,0,0,4,0
7827,0,4,4,0,2,0,1,1,2,1,3,3,1,4,4,0,3,0
7828,0,1,0,0,4,4,3,1,4,3,4,3,4,2,4,0,2,4
7829,1,4,4,0,0,1,0,0,0,1,4,2,0,4,4,1,4,0
7830,0,1,0,0,1,1,3,2,1,4,4,3,0,2,4,0,2,0
7831,4,3,4,0,0,3,0,0,2,4,1,2,1,0,4,4,0,0
7832,2,4,3,4,0,3,0,4,1,3,0,2,2,0,2,4,0,4
7833,1,3,4,0,4,1,0,4,1,2,4,3,3,1,1,1,4,2
7834,0,1,0,4,2,1,3,4,1,2,2,2,4,4,4,0,2,0
7835,3,2,4,0,1,1,0,0,3,4,4,2,1,4,4,1,2,1
7836,0,1,1,0,1,3,0,3,4,2,2,2,2,2,0,0,1,0
7837,2,1,2,3,4,2,0,0,4,3,4,4,1,4,2,0,4,2
7838,0,4,0,0,0,1,0,0,0,3,2,3,0,0,4,0,2,0
7839,0,0,0,0,1,0,0,0,0,1,3,2,0,1,0,0,3,0
7840,0,4,0,0,3,0,0,1,1,2,2,3,0,2,0,0,1,0
7842,0,1,1,1,3,3,0,3,1,4,4,3,3,2,1,0,3,0
7843,0,1,0,0,0,4,1,1,2,3,4,4,4,3,4,0,1,0
7844,0,2,4,0,1,0,0,2,2,3,3,1,0,3,0,0,3,0
7845,0,3,0,0,4,0,0,4,4,1,2,2,0,2,0,0,2,0
7846,1,4,0,0,0,2,0,0,0,3,0,3,3,0,2,0,0,4
7847,0,1,0,0,3,1,0,1,1,2,2,2,1,1,4,0,1,1
7848,0,4,4,0,1,1,4,1,2,2,3,3,0,2,4,0,3,4
7849,0,1,0,0,3,4,0,4,1,2,3,2,0,1,4,0,1,0
7850,4,1,3,0,0,2,0,0,1,2,4,1,3,0,2,1,0,2
7851,1,2,3,0,1,4,0,0,3,3,1,2,3,1,1,4,2,0
7852,0,1,2,1,0,4,0,0,4,4,0,3,1,0,2,0,0,0
7853,0,0,0,0,2,0,0,0,0,1,2,3,0,0,0,0,1,0
7854,0,1,0,0,1,0,0,1,3,1,4,2,0,4,4,0,2,0
7855,0,2,4,4,0,0,0,0,2,2,0,2,4,1,4,1,0,4
7856,3,3,4,4,3,2,4,2,3,4,1,3,4,3,3,0,3,1
7857,0,3,4,4,0,2,0,0,1,1,1,1,4,0,1,4,0,1
7858,4,1,1,0,0,3,0,4,1,1,4,3,1,0,4,1,4,0
7859,3,4,3,0,0,4,0,1,3,2,1,4,1,1,3,1,4,1
7860,0,2,2,0,0,1,1,4,1,1,1,3,2,1,2,0,1,0
7861,4,2,2,4,0,4,0,0,1,3,0,1,4,0,1,4,0,4
7862,0,3,3,4,0,1,0,0,2,4,1,3,4,0,1,2,0,1
7863,0,3,4,0,0,2,0,0,0,4,4,2,0,4,1,0,2,0
7864,0,3,1,0,0,3,0,4,1,1,3,1,0,1,2,1,1,1
7865,0,3,1,2,0,2,2,0,4,2,3,4,1,0,1,4,2,0
7866,0,3,3,0,0,2,0,0,1,1,0,2,3,0,2,1,0,4
7867,1,3,4,0,3,4,1,3,2,3,2,1,4,2,3,1,4,1
7868,4,3,0,0,0,0,0,0,2,1,0,2,2,0,4,1,4,1
7869,0,4,1,0,1,4,0,4,0,4,3,3,0,2,1,0,3,0
7870,0,2,0,0,1,0,0,2,4,1,3,3,0,2,4,0,3,0
7871,2,4,0,0,0,0,1,1,4,2,1,3,4,4,2,1,1,1
7872,4,3,1,4,0,4,0,1,1,4,2,3,1,1,3,0,3,0
7873,1,1,1,1,1,0,0,0,1,1,3,3,1,3,1,1,0,0
7874,0,4,1,1,0,2,0,0,3,4,1,1,4,0,1,0,1,0
7875,1,1,4,1,0,2,0,0,0,3,1,2,3,0,4,0,1,1
7876,2,0,3,1,0,2,0,4,3,3,4,4,2,3,2,4,1,0
7877,1,3,1,4,0,3,0,1,4,4,4,2,4,1,3,4,2,3
7878,0,3,0,0,2,4,4,3,1,3,3,2,0,2,4,0,2,0
7879,4,3,0,0,0,4,0,4,4,1,2,2,3,1,1,3,2,3
7880,0,3,4,0,4,4,0,4,2,4,4,4,3,4,3,2,4,4
7881,4,3,4,0,4,4,0,2,4,4,4,4,0,2,4,3,1,0
7882,1,1,1,0,2,1,0,0,1,1,0,1,4,0,1,1,0,1
7883,0,4,4,0,0,0,0,3,0,3,1,1,0,4,2,0,1,1
7884,0,3,2,0,4,2,4,4,4,3,3,2,1,1,3,3,4,1
7885,0,1,1,0,4,4,0,2,3,2,3,2,2,1,4,0,3,0
7886,3,2,4,3,0,3,3,2,1,2,2,3,1,0,2,3,3,3
7887,0,3,4,0,0,2,0,0,2,2,4,1,1,4,3,0,0,0
7888,3,2,3,0,0,3,4,4,3,2,0,3,4,0,3,4,0,1
7889,0,3,4,0,1,1,0,0,4,2,4,2,4,3,4,1,1,3
7890,0,0,0,0,2,0,0,0,0,1,4,4,0,0,0,0,0,0
7891,0,2,1,4,0,4,0,1,2,1,1,2,1,4,3,2,1,4
7892,4,2,4,0,0,0,4,1,2,3,1,3,3,4,2,3,3,3
7893,0,4,4,4,4,4,0,4,0,3,2,2,0,3,4,0,4,0
7894,0,2,1,0,0,1,0,0,1,1,0,2,1,0,4,4,0,0
7895,2,3,1,1,0,3,0,4,4,2,3,3,2,4,4,4,4,1
7896,0,3,4,0,4,1,0,0,1,3,4,3,1,0,1,2,0,1
7897,3,4,3,0,4,3,0,1,3,3,3,4,1,1,1,4,2,4
7898,0,3,1,4,4,1,1,4,4,3,2,4,1,4,4,1,4,2
7899,0,1,4,0,0,3,4,3,3,4,4,3,0,1,3,2,4,3
7900,1,3,3,2,0,4,0,4,1,3,4,4,2,4,3,4,2,0
7901,0,1,0,0,0,0,0,0,4,4,2,3,0,2,0,0,4,0
7902,0,0,0,0,1,0,0,0,0,1,2,3,0,2,0,0,3,0
7903,0,2,0,0,2,0,0,0,0,2,1,3,0,0,0,0,0,0
7904,1,1,0,0,0,2,4,4,2,3,2,4,4,0,4,1,4,0
7905,0,4,0,0,4,0,0,0,0,1,2,2,4,1,0,0,3,0
7906,0,3,0,0,4,0,0,0,0,3,2,4,0,4,4,0,1,0
7907,0,2,2,0,0,4,0,1,1,4,1,1,4,2,2,0,1,0
7908,1,3,2,3,0,3,0,0,1,3,4,2,1,0,1,3,0,1
7909,0,1,3,0,0,4,0,0,2,1,4,3,3,0,4,2,0,3
7910,0,1,0,0,0,0,0,3,3,2,1,1,0,1,1,0,3,0
7911,0,4,1,3,0,3,0,0,2,1,0,2,2,0,2,0,0,1
7912,0,1,0,0,4,3,4,2,2,2,1,1,0,4,1,0,3,2
7913,0,4,1,0,0,1,1,4,3,2,3,3,0,2,4,0,2,1
7914,0,4,0,0,4,0,0,1,4,4,4,4,0,4,0,0,4,0
7915,3,1,1,0,0,3,0,0,0,3,4,4,0,1,3,3,0,4
7916,0,4,1,0,2,0,1,3,4,4,4,2,0,3,2,0,2,4
7917,4,4,1,0,4,0,0,3,1,1,2,2,1,1,0,0,1,0
7918,0,1,0,0,4,1,1,4,2,4,2,2,4,1,3,0,4,0
7920,0,4,4,0,0,0,0,0,0,2,2,3,0,2,4,0,1,0
7921,0,1,1,0,1,3,0,1,1,2,4,4,1,0,4,0,0,1
7922,0,1,0,1,1,1,0,2,2,2,3,1,0,1,1,0,2,0
7923,3,1,1,1,0,3,0,0,3,1,1,1,2,0,2,0,0,0
7924,0,4,0,0,4,0,1,2,4,2,3,1,0,2,0,0,3,0
7925,0,2,0,0,1,1,0,1,1,1,3,2,0,3,1,0,2,0
7926,1,4,2,2,4,3,0,4,1,1,3,1,1,4,1,0,4,0
7927,0,1,0,0,2,0,0,3,0,2,4,2,0,3,2,0,4,0
7928,0,2,4,0,0,4,0,0,4,1,1,1,0,0,1,0,0,4
7929,1,1,1,1,0,0,0,4,3,3,2,4,3,1,4,3,1,3
7930,0,1,1,0,1,4,0,1,1,1,3,2,4,1,3,1,1,1
7931,0,4,0,0,3,0,0,1,4,4,4,2,0,1,4,0,4,0
7932,0,4,0,0,1,0,0,4,4,3,2,3,0,4,4,0,1,0
7933,0,2,0,0,4,0,0,0,0,3,2,2,0,1,0,0,0,0
7934,0,4,0,0,2,2,4,3,2,2,2,3,4,2,4,0,3,0
7935,0,0,0,0,0,0,0,1,4,2,2,2,4,3,0,0,3,0
7936,1,3,4,0,0,2,0,0,2,1,0,2,1,0,4,1,0,0
7937,0,2,0,0,0,0,0,2,3,2,2,2,0,3,1,0,3,0
7938,4,4,0,1,4,3,0,0,3,1,1,3,1,1,2,3,1,1
7939,1,4,4,3,0,2,0,1,2,3,2,2,2,0,3,4,4,3
7940,0,2,0,0,4,1,0,2,2,3,4,2,0,4,0,0,2,0
7941,4,1,1,0,0,3,0,0,0,1,0,2,4,0,2,4,0,0
7942,0,4,0,0,1,0,0,2,3,2,1,2,0,1,0,0,4,0
7943,0,2,3,0,3,4,1,1,2,3,4,3,0,2,1,0,1,4
7944,1,2,4,0,0,3,3,1,3,1,3,1,2,1,2,0,0,0
7945,0,3,0,0,2,3,0,2,1,4,4,3,0,4,0,0,3,0
7946,0,2,4,0,1,2,0,2,3,4,2,3,4,1,4,0,1,0
7947,0,1,0,0,1,0,4,4,4,1,2,2,0,1,0,0,2,0
7948,0,1,0,0,2,0,0,2,1,2,4,4,0,4,0,0,2,0
7949,0,3,0,0,0,0,0,0,0,1,2,2,0,1,1,0,0,0
7950,0,3,1,0,4,2,0,4,2,1,2,3,4,1,4,4,1,2
7951,0,4,0,0,1,4,0,1,1,1,4,4,0,4,0,0,4,0
7952,0,4,0,0,4,0,0,0,0,1,2,2,0,0,0,0,0,0
7953,0,2,0,0,0,1,1,2,2,2,1,2,0,2,0,4,3,0
7954,3,1,1,0,0,3,4,2,2,4,4,1,1,0,2,2,2,1
7955,1,4,4,0,0,3,4,4,3,3,4,3,3,4,4,2,4,4
7956,0,3,1,0,0,2,0,2,3,2,2,1,1,2,1,0,2,0
7957,0,1,4,1,1,3,0,2,1,2,2,1,1,1,1,0,4,0
7958,0,3,0,0,4,0,0,4,4,1,4,3,4,3,0,0,2,0
7959,0,3,0,0,1,0,0,0,0,3,2,2,0,4,0,0,2,0
7960,4,1,4,0,4,4,0,2,0,3,2,4,0,4,4,0,2,0
7961,0,3,0,0,1,0,0,0,0,4,4,3,1,1,1,0,1,0
7962,0,1,0,0,4,0,0,0,0,3,3,3,0,1,0,0,1,0
7963,0,4,0,0,1,0,0,0,1,1,4,3,0,3,1,0,4,4
7964,0,1,0,0,0,4,4,2,3,4,3,3,0,1,4,0,2,0
7965,0,2,1,0,0,2,0,2,2,1,1,2,4,4,2,4,2,1
7966,2,0,1,4,4,2,0,0,3,4,4,4,2,0,3,1,4,0
7967,1,4,0,3,4,1,0,0,3,3,4,4,4,0,2,4,4,4
7968,0,3,0,0,3,4,4,4,4,2,2,2,0,1,4,0,4,0
7969,0,4,0,0,3,3,1,3,1,2,1,3,0,4,0,0,3,0
7970,0,4,0,0,4,0,0,1,1,2,3,4,4,2,0,0,3,0
7971,0,1,0,0,0,0,0,4,4,3,2,2,0,4,0,0,4,0
7972,0,0,0,0,4,0,0,0,0,1,3,2,0,1,0,0,2,0
7973,1,4,0,0,4,4,0,0,1,2,4,3,1,4,4,1,4,0
7974,0,3,0,0,2,0,0,0,4,1,4,4,0,0,4,0,4,0
7975,0,3,1,0,4,0,0,0,0,2,3,2,0,1,0,0,2,0
7976,4,3,2,4,0,3,0,0,4,2,1,1,4,2,3,1,2,1
7977,0,0,0,0,4,1,0,4,0,2,1,3,0,4,0,0,2,0
7978,2,1,3,0,0,1,0,0,4,4,0,4,2,0,2,4,0,0
7979,0,4,1,1,1,3,1,1,1,1,1,2,1,1,1,1,0,4
7980,4,3,4,0,0,1,1,0,2,1,4,3,4,0,4,4,4,0
7981,0,2,1,1,1,2,4,2,3,2,4,3,1,1,1,4,4,4
7982,3,1,1,3,3,4,0,0,2,2,4,4,3,4,3,0,4,0
7983,0,4,1,0,1,0,1,3,1,2,1,2,3,2,3,4,2,4
7984,0,4,0,0,0,0,3,1,3,2,2,1,0,2,1,0,3,0
7985,0,1,1,1,0,2,0,0,1,2,4,3,4,0,1,2,0,4
7986,4,1,2,2,0,4,0,4,4,3,4,2,4,0,4,4,0,1
7987,2,4,1,0,0,3,0,0,4,3,4,3,4,0,1,1,0,2
7988,1,4,3,1,0,1,0,0,2,4,1,2,3,4,1,3,0,3
7989,0,1,0,0,3,4,0,0,1,4,2,1,0,1,4,0,3,0
7990,1,4,0,0,1,1,0,0,0,2,4,1,0,3,2,0,1,0
7991,4,1,0,4,0,4,4,1,2,2,2,3,4,4,2,4,1,2
7992,1,2,1,4,1,1,0,4,2,1,4,3,1,4,2,3,3,2
7993,0,4,0,0,2,0,0,0,0,4,4,4,4,4,0,0,3,0
7994,1,1,1,0,0,0,4,4,2,1,2,1,2,1,1,1,4,1
7995,0,2,0,0,0,1,0,3,4,2,2,3,0,2,1,0,3,0
7996,0,3,4,0,0,4,4,3,1,3,1,1,2,2,3,0,4,4
7997,0,1,0,0,1,0,0,1,1,2,2,2,0,1,0,4,1,0
7998,4,2,1,0,4,4,0,1,2,1,4,3,4,3,4,0,3,0
7999,1,1,2,3,0,0,0,4,1,1,1,1,3,3,4,0,1,0
8000,1,1,4,0,4,1,0,0,4,1,1,2,4,3,4,0,0,0
8001,0,2,0,0,1,4,0,4,4,2,2,2,0,4,4,0,4,0
8002,4,2,0,4,1,0,3,1,3,2,3,2,0,1,3,0,4,0
8003,0,3,0,0,1,1,0,1,3,3,1,2,0,2,4,0,1,0
8004,0,3,0,0,4,0,0,0,0,3,3,3,0,1,0,0,2,0
8005,0,2,1,0,0,2,0,0,4,2,4,3,3,0,1,3,0,1
8006,0,2,3,0,3,1,1,1,1,2,3,3,4,1,4,0,3,0
8007,1,0,1,1,0,0,0,0,4,1,4,2,1,4,1,1,0,1
8008,0,4,0,0,4,1,0,1,4,2,2,2,0,4,4,0,3,4
8010,4,4,4,4,1,4,1,1,3,3,0,3,3,0,3,4,0,3
8011,0,4,4,0,4,1,0,1,0,3,3,3,0,3,1,0,3,1
8012,4,0,4,4,0,4,0,0,1,3,1,2,4,3,4,0,4,0
8013,0,2,4,0,0,1,0,0,0,2,0,1,2,0,3,0,0,0
8014,0,3,2,0,0,1,3,0,2,3,1,3,3,1,2,3,4,4
8015,1,4,0,0,4,4,0,4,4,2,4,1,4,4,1,0,4,3
8016,0,4,0,0,0,4,0,3,1,1,3,2,0,2,4,0,1,0
8017,0,4,0,0,3,0,0,0,0,3,3,3,0,0,0,0,1,0
8018,0,2,0,2,0,4,0,0,3,4,1,4,2,1,4,4,0,0
8019,2,1,2,1,4,3,0,0,4,3,2,1,3,4,3,1,1,2
8020,0,1,0,0,4,1,0,3,4,1,3,4,0,4,0,0,1,0
8021,4,4,0,0,4,1,0,4,4,3,4,4,0,4,3,0,4,0
8022,3,3,0,3,3,0,0,0,0,2,1,3,2,4,1,4,0,0
8023,0,4,2,0,4,0,0,4,1,3,3,3,0,4,1,0,4,0
8024,1,4,2,0,2,4,1,1,1,2,2,3,4,1,2,1,1,0
8025,4,2,1,0,0,3,0,0,1,2,4,3,3,0,2,2,0,0
8026,4,4,3,4,0,4,0,0,4,1,4,4,2,4,4,3,4,4
8027,0,4,0,0,0,4,2,4,4,3,3,2,4,4,4,0,1,4
8028,1,1,2,1,0,4,0,1,1,2,0,3,3,1,4,3,0,0
8029,0,0,0,0,4,0,0,0,0,4,2,4,0,1,0,0,4,0
8030,2,3,1,1,1,3,4,1,2,3,2,2,3,2,2,1,1,1
8031,4,1,3,4,0,4,0,0,1,4,1,4,4,1,4,4,4,0
8032,0,2,4,1,0,2,0,0,1,1,0,1,2,0,1,1,0,0
8033,1,1,1,4,0,1,0,0,1,1,1,2,4,0,1,4,0,3
8034,2,3,1,3,0,1,0,0,3,4,1,4,2,1,1,1,1,3
8035,1,1,0,0,0,1,0,0,1,1,0,1,4,0,1,1,0,2
8036,0,3,4,0,0,4,3,4,2,1,3,3,2,4,3,0,4,0
8037,0,1,0,0,4,1,0,1,2,3,2,1,0,3,1,0,4,0
8038,4,1,4,4,1,4,4,4,3,1,1,3,1,4,4,1,0,2
8039,4,4,4,4,0,4,0,0,4,4,4,4,4,4,4,4,4,4
8040,0,4,4,0,0,3,4,4,2,1,2,3,4,3,4,1,4,0
8041,2,3,0,0,4,4,0,2,3,2,3,1,1,2,3,0,3,4
8042,3,1,4,4,0,2,0,0,1,4,1,3,2,0,2,4,0,2
8043,4,1,1,4,0,2,0,0,1,2,4,1,4,0,3,1,2,3
8044,2,1,1,0,4,1,0,4,4,1,3,3,3,3,1,1,4,1
8045,0,2,4,0,0,2,0,0,2,1,4,4,4,4,4,0,0,1
8046,0,3,0,0,2,0,2,3,3,4,4,4,1,4,4,0,3,0
8047,0,4,4,4,1,4,1,0,2,1,4,3,4,4,4,1,1,4
8048,4,4,4,1,2,3,1,2,2,2,1,3,3,2,4,4,1,3
8049,0,1,0,0,0,0,0,0,1,2,4,2,2,0,1,3,0,0
8050,0,1,3,1,0,2,1,1,4,3,2,3,3,2,3,2,2,3
8051,1,4,1,0,0,2,0,4,3,2,4,4,1,4,3,2,4,0
8052,0,4,0,0,3,1,3,2,4,3,3,2,0,2,0,0,3,0
8053,0,1,0,0,3,0,0,3,4,1,4,3,0,4,4,0,3,0
8054,0,4,4,0,0,1,0,3,4,3,2,2,1,3,4,3,1,0
8055,0,1,4,0,4,0,0,3,4,1,3,3,0,2,0,0,0,4
8056,0,4,4,0,0,4,0,0,4,2,1,2,4,1,4,0,1,0
8057,1,2,4,0,4,1,0,3,1,3,1,2,0,4,0,0,2,0
8058,1,2,0,2,4,1,0,0,1,3,4,2,3,0,2,2,1,1
8059,1,3,2,0,3,2,4,3,3,2,1,2,3,3,3,1,1,2
8060,0,2,0,0,0,2,0,0,1,1,1,3,0,1,2,0,0,0
8061,0,4,0,0,4,0,0,0,0,4,3,4,0,3,0,0,4,0
8062,0,3,4,0,2,0,0,0,0,1,2,2,0,1,0,0,1,0
8063,0,3,0,0,0,0,0,0,0,4,1,3,0,1,1,0,0,0
8064,4,1,2,4,4,3,4,2,4,1,2,2,4,3,1,4,2,0
8066,0,4,0,0,1,0,0,1,3,3,2,2,0,2,0,0,2,0
8067,0,1,0,0,1,1,0,1,1,2,2,1,0,1,1,0,2,0
8068,0,0,1,0,3,4,0,1,1,3,2,2,0,2,1,0,1,0
8069,0,1,0,0,1,4,0,4,1,3,2,2,1,4,1,0,2,0
8070,0,4,0,0,4,0,0,4,2,1,2,2,0,2,1,0,2,0
8071,0,3,1,0,1,4,4,3,1,3,3,3,0,2,2,1,4,4
8072,3,3,4,0,4,2,4,0,1,1,4,2,3,4,1,4,1,3
8073,0,0,0,0,1,0,0,0,0,1,2,2,0,0,0,0,0,0
8074,2,1,2,0,0,3,0,0,1,1,1,2,3,0,3,1,4,1
8075,0,4,0,0,0,0,4,3,4,1,2,1,0,3,1,0,3,0
8076,0,2,1,1,0,1,0,0,3,1,1,1,4,0,1,4,0,4
8077,0,2,1,0,0,1,4,4,1,4,2,2,1,3,3,0,3,1
8078,4,1,1,0,0,1,0,0,1,1,4,4,1,0,1,1,0,1
8079,0,0,4,4,0,1,0,0,1,2,0,1,2,0,2,0,0,0
8080,0,1,0,0,3,0,2,3,3,4,4,3,1,2,4,0,3,0
8081,0,0,0,0,0,0,0,0,0,0,0,4,0,0,4,0,0,0
8082,1,1,1,4,4,1,4,0,1,4,1,1,2,4,1,0,1,0
8083,0,1,4,0,3,1,0,2,3,1,1,2,0,3,1,0,2,0
8084,4,3,3,0,1,4,3,2,3,3,1,3,1,2,4,4,2,1
8085,3,4,1,1,0,4,0,0,4,1,0,3,2,0,3,4,0,0
8086,2,3,4,3,0,4,0,0,1,4,4,4,1,4,4,4,4,3
8087,0,1,3,0,2,1,0,2,3,3,3,2,1,1,1,0,2,0
8088,0,4,4,0,1,2,0,4,4,3,4,2,0,2,4,0,4,3
8089,0,4,4,1,0,3,0,0,3,3,0,3,2,0,4,3,0,4
8090,0,0,4,0,4,0,4,4,3,1,1,2,1,3,1,0,3,0
8091,0,3,4,0,0,2,0,3,2,2,3,3,0,3,2,0,3,0
8092,0,4,1,0,0,3,0,0,4,2,3,2,0,0,2,0,1,0
8093,0,0,0,0,4,0,0,0,0,3,4,4,0,4,0,0,4,0
8094,0,3,0,0,2,1,3,3,3,3,3,3,4,3,3,0,2,4
8095,0,3,0,0,1,0,1,1,1,2,2,3,0,2,4,0,4,0
8096,3,3,1,4,0,3,0,0,4,1,1,2,3,0,3,2,0,4
8097,3,4,3,4,0,1,4,4,2,1,1,2,1,2,4,4,3,1
8098,0,2,0,0,0,0,0,4,4,4,3,3,0,3,0,0,2,3
8099,4,2,4,0,0,2,1,0,3,1,1,1,3,3,4,0,1,1
8100,1,1,1,0,4,1,3,4,4,4,4,3,0,1,3,1,4,1
8101,0,2,4,0,0,1,4,1,2,4,1,2,1,1,4,0,1,0
8102,4,4,1,4,0,2,0,0,4,1,4,2,3,0,4,0,0,0
8103,0,3,4,2,0,4,0,4,0,1,3,4,1,1,3,1,1,1
8104,0,3,1,0,0,3,0,0,3,1,4,2,0,4,2,1,4,0
8105,0,2,3,0,0,3,0,0,4,2,1,3,4,0,1,4,0,1
8106,0,4,0,0,3,0,0,0,0,2,3,2,0,4,4,0,4,0
8107,4,0,1,0,4,0,0,1,1,1,1,2,0,1,1,0,1,0
8108,0,1,0,0,4,0,2,4,4,2,2,2,0,2,4,0,3,0
8109,0,4,1,3,0,4,0,0,0,4,3,2,4,4,2,0,3,0
8110,3,3,0,0,0,0,0,0,4,3,4,2,3,1,1,1,0,4
8111,1,1,3,0,1,4,1,4,3,3,2,2,4,4,3,0,3,0
8112,0,2,1,0,3,2,4,4,1,1,1,2,0,2,3,0,1,3
8113,1,1,4,4,2,1,0,1,3,1,1,2,2,1,4,2,4,0
8114,0,1,0,1,4,4,0,3,2,3,2,4,4,4,1,0,1,4
8115,0,1,1,0,2,1,0,0,3,2,2,3,1,4,2,1,3,3
8116,4,1,2,0,0,3,0,0,4,1,0,4,2,0,3,3,0,0
8117,1,1,4,1,0,2,0,0,4,1,1,1,2,1,1,1,0,4
8118,0,4,1,0,1,2,0,0,1,1,1,1,4,4,3,4,0,1
8119,0,4,1,0,0,0,0,1,4,2,1,2,4,2,0,0,1,0
8120,0,2,3,0,0,3,0,0,2,2,0,1,1,0,3,1,0,0
8121,0,3,1,0,0,1,0,0,1,2,4,2,1,0,2,2,4,3
8122,0,2,1,0,4,0,4,3,3,2,3,2,0,1,1,0,4,1
8123,2,2,4,1,0,4,0,0,1,3,1,2,4,4,1,3,0,2
8124,0,3,0,0,3,0,0,0,0,1,3,2,0,1,4,0,2,0
8125,0,0,0,0,4,0,0,4,0,1,2,3,0,1,0,0,4,0
8126,0,1,3,0,0,4,0,0,1,1,4,2,3,0,2,3,0,2
8127,1,4,1,2,0,2,0,0,4,4,1,4,4,0,3,0,0,4
8128,2,3,1,0,0,4,0,0,3,2,4,3,3,4,3,2,0,0
8129,0,4,0,0,0,1,1,4,4,2,1,2,4,2,0,0,1,0
8130,1,3,1,0,0,4,0,1,4,3,4,3,1,4,2,0,1,1
8131,0,3,1,0,1,1,1,4,1,4,4,2,2,2,3,0,2,0
8132,0,3,0,0,1,1,1,1,2,3,2,3,0,3,0,0,1,0
8133,0,4,0,0,1,0,0,4,0,2,3,1,0,2,0,0,4,0
8134,0,2,1,0,0,1,3,3,3,2,1,3,1,4,2,0,1,1
8135,0,3,3,0,0,3,4,1,2,3,3,1,2,2,1,0,2,0
8136,4,1,2,0,0,3,4,0,1,3,0,3,1,0,1,4,0,4
8137,0,3,0,0,4,0,0,4,0,1,3,2,0,4,0,0,4,0
8138,0,2,1,2,0,0,0,0,4,4,1,2,4,2,1,0,3,0
8139,0,3,0,0,1,0,0,0,0,2,3,1,0,2,0,0,4,0
8140,4,4,2,0,4,3,0,3,1,3,2,3,3,4,3,4,3,4
8141,1,4,1,1,3,3,2,1,2,4,4,3,4,2,2,4,4,4
8142,0,2,4,0,4,3,0,1,4,2,1,2,0,4,4,0,1,4
8143,0,1,0,0,2,0,2,3,3,2,2,2,0,2,4,0,3,0
8144,0,1,4,0,1,0,2,1,2,1,3,2,0,1,1,0,2,0
8145,0,4,0,0,3,2,0,0,0,3,3,2,0,4,0,0,4,0
8146,0,3,1,0,1,0,0,0,3,3,3,2,0,1,0,0,4,0
8147,0,1,0,0,0,0,1,2,4,3,4,2,0,1,2,0,1,0
8148,3,4,2,0,0,3,0,0,3,4,4,3,4,0,2,0,0,1
8149,0,1,1,0,0,4,0,1,2,2,1,2,4,1,1,0,2,0
8150,0,3,1,0,0,1,0,0,1,3,3,1,1,2,3,3,3,1
8151,0,4,0,0,3,4,0,4,3,2,1,2,4,0,2,0,3,4
8152,0,4,1,0,2,1,0,0,0,2,1,2,4,4,3,0,4,2
8153,0,4,0,0,3,0,4,4,3,1,2,1,0,3,0,0,2,0
8154,0,2,1,0,0,0,0,0,0,1,1,1,3,0,1,0,0,0
8155,0,3,0,0,1,1,1,3,1,2,1,3,0,2,4,0,2,0
8156,1,1,0,2,0,2,0,0,1,1,1,2,2,1,1,1,0,2
8157,0,2,3,0,4,0,0,0,2,1,4,3,2,0,1,2,4,0
8158,0,3,1,0,4,0,0,0,0,2,2,3,0,4,0,0,3,0
8159,2,4,3,0,0,2,0,0,3,4,4,4,1,0,4,3,0,1
8160,0,3,0,0,3,2,0,0,0,2,2,3,1,0,0,0,1,0
8161,0,4,0,4,0,4,0,1,4,3,3,3,3,4,4,4,4,0
8162,0,1,1,0,2,0,0,0,2,2,3,3,0,1,0,0,3,0
8163,4,4,0,4,1,4,4,4,4,1,1,2,4,3,4,4,3,0
8164,0,2,0,0,1,0,4,3,3,3,4,3,1,1,4,4,2,3
8165,0,2,4,0,4,4,0,4,4,2,1,3,0,3,4,0,4,4
8166,1,1,1,1,0,3,0,0,1,1,4,1,1,0,1,1,1,3
8167,0,3,0,0,1,4,0,3,1,2,3,4,0,4,4,0,0,0
8169,0,3,0,0,0,1,4,4,4,2,2,2,4,4,2,0,1,0
8170,1,1,1,4,0,2,0,0,1,1,4,3,3,1,2,0,4,1
8171,0,2,2,0,0,0,0,2,0,2,4,4,0,3,2,0,4,0
8172,4,0,1,1,0,3,0,0,2,1,0,3,2,0,3,3,0,4
8173,0,0,4,0,0,1,0,0,0,3,3,3,2,0,1,0,2,4
8174,2,1,1,3,0,3,0,2,2,2,4,4,2,1,2,2,4,1
8175,0,4,0,0,0,0,0,4,3,2,2,3,0,2,4,0,3,4
8176,0,3,0,0,0,0,0,0,0,3,2,3,0,2,0,0,0,0
8177,0,3,0,0,2,0,0,0,4,3,2,2,0,4,0,0,3,0
8178,0,4,1,1,1,2,4,4,3,3,4,3,4,4,3,4,4,0
8179,4,3,1,0,4,1,2,0,4,2,4,3,2,1,1,1,2,4
8180,0,1,1,1,2,3,0,4,1,2,3,2,2,4,3,3,2,1
8181,0,1,4,0,4,0,0,4,4,2,3,2,0,4,1,0,2,1
8182,0,4,0,0,3,1,0,0,0,3,3,2,0,1,0,0,3,0
8183,0,3,4,0,1,4,0,0,4,4,4,2,4,4,1,0,0,1
8184,4,4,1,3,0,3,0,0,3,4,4,4,3,4,4,1,4,0
8185,1,1,4,0,4,4,2,4,4,3,4,3,4,4,4,4,0,4
8186,0,3,0,0,3,1,4,2,3,3,3,3,0,3,4,0,4,1
8187,3,1,1,0,0,3,0,0,1,2,0,4,4,0,2,1,0,0
8188,0,2,1,0,4,2,4,1,3,1,4,1,1,2,1,1,2,4
8189,0,3,0,0,0,0,3,1,1,2,4,2,0,1,4,0,2,1
8190,0,3,4,4,0,3,0,0,4,4,0,2,4,0,3,2,0,2
8191,1,3,2,4,1,3,4,0,3,1,3,4,3,2,2,2,1,4
8192,0,4,0,0,3,3,1,0,1,3,3,3,0,1,4,0,2,0
8193,0,2,2,0,1,1,0,0,4,3,1,2,1,1,4,1,0,1
8194,4,4,0,0,0,4,0,0,2,4,4,4,4,0,2,3,0,0
8195,1,4,4,0,3,2,0,0,3,3,2,3,3,4,1,4,3,0
8196,0,3,0,0,4,4,0,4,3,2,1,1,0,1,1,0,2,1
8197,0,2,4,0,2,1,0,2,1,3,1,2,4,4,1,0,1,1
8198,0,2,2,0,0,4,4,0,2,3,0,1,2,0,1,1,0,1
8199,0,1,1,1,4,1,1,4,1,1,4,1,3,3,1,3,1,2
8200,1,2,4,0,0,3,0,4,3,2,2,3,4,4,4,0,1,0
8201,0,3,1,0,1,4,0,1,1,1,3,2,1,4,2,1,1,1
8202,4,3,0,1,0,1,3,0,3,1,1,2,1,0,4,1,1,1
8203,1,1,4,0,0,1,2,0,4,4,1,4,1,4,4,1,0,1
8204,4,3,1,1,4,2,3,3,2,2,3,4,3,4,4,2,4,3
8205,0,2,1,0,0,4,0,0,4,2,1,2,3,1,1,1,2,3
8206,0,3,4,0,4,1,0,1,4,4,3,3,1,4,3,1,4,2
8207,1,3,2,0,0,2,4,4,2,3,1,3,4,0,4,2,0,3
8208,0,4,3,2,0,4,1,1,3,1,3,3,4,4,4,0,4,1
8209,1,1,4,4,4,3,2,2,3,3,1,3,3,3,3,3,3,4
8210,0,2,0,0,3,0,0,0,1,2,2,3,0,0,1,0,1,0
8211,0,3,0,0,4,4,0,2,0,1,3,3,0,4,0,0,4,4
8212,4,3,0,0,4,2,0,4,3,2,4,2,1,4,1,4,1,0
8213,0,2,2,0,1,4,0,2,3,2,3,3,0,3,4,0,4,1
8214,0,2,1,0,4,4,1,1,4,3,1,4,2,2,2,4,0,0
8215,3,2,2,1,0,3,0,0,1,2,4,1,3,0,2,3,4,3
8216,1,4,2,0,1,0,1,0,1,3,2,4,1,4,1,3,1,2
8217,0,4,1,0,4,2,0,0,0,2,1,3,4,0,4,0,3,1
8218,1,2,0,0,0,1,1,0,2,2,1,3,1,0,4,1,0,0
8219,0,3,4,4,2,2,4,3,4,1,2,2,4,3,4,0,2,1
8220,3,2,1,1,0,2,0,0,2,2,3,1,2,1,3,3,4,4
8221,0,4,4,0,4,2,4,1,3,2,1,1,0,3,4,0,4,0
8222,4,2,3,3,3,3,2,3,3,3,3,3,4,1,4,2,1,2
8223,0,1,0,0,0,1,0,1,2,4,1,3,0,4,1,0,3,0
8224,4,4,1,4,0,3,0,4,3,1,1,1,3,3,4,4,4,1
8225,0,2,1,0,3,0,1,3,3,1,1,3,0,4,0,0,2,0
8226,1,3,1,0,0,1,0,0,1,2,0,1,4,0,2,3,0,0
8227,0,0,0,0,0,0,0,0,3,2,0,2,0,0,0,1,0,0
8228,4,3,1,1,0,2,0,0,3,2,4,3,2,0,3,1,0,2
8229,0,2,0,0,3,0,0,1,0,2,3,3,0,1,4,0,4,0
8230,0,4,0,0,0,0,0,2,3,1,1,3,4,3,0,0,1,0
8231,4,4,4,4,0,3,4,2,3,3,2,1,4,2,4,2,4,0
8232,4,3,1,3,2,4,0,4,1,4,4,3,2,1,2,1,2,2
8233,1,3,1,1,0,2,0,0,3,4,0,2,2,0,4,1,0,3
8234,0,4,4,0,0,4,4,4,2,3,4,4,0,4,4,4,4,0
8235,0,2,1,0,1,4,0,3,3,2,2,1,0,2,3,0,3,1
8236,1,4,0,0,2,4,1,3,1,1,3,3,4,3,0,0,4,0
8237,0,3,4,0,2,4,1,3,4,1,3,2,0,4,3,0,2,0
8238,1,1,3,0,4,2,0,1,3,4,2,3,0,1,1,0,4,3
8239,1,1,2,0,0,3,0,0,2,4,4,1,1,0,1,1,0,1
8240,4,3,4,2,0,3,1,4,3,1,2,3,3,4,3,2,1,4
8241,0,1,3,0,0,0,0,1,1,2,4,1,2,3,4,0,1,0
8242,0,2,1,0,1,1,0,0,1,3,1,4,4,0,1,4,1,2
8243,0,1,0,0,4,1,0,1,0,1,3,1,0,2,1,0,1,0
8244,4,1,1,0,0,4,1,4,2,4,4,2,4,3,4,1,4,4
8245,0,1,4,0,1,0,1,3,4,2,4,2,0,2,1,0,1,0
8246,0,2,3,0,1,0,0,1,1,4,1,3,0,4,4,0,1,0
8247,0,4,0,0,1,4,2,1,3,3,1,2,0,2,0,0,1,0
8248,0,0,0,0,0,1,3,2,4,4,1,4,1,1,1,0,1,0
8249,1,1,3,1,0,1,0,4,1,1,0,1,1,0,1,1,0,4
8250,0,3,1,0,2,1,1,1,1,2,2,2,1,1,0,0,2,0
8251,0,3,1,0,0,2,0,0,4,3,4,2,3,0,1,4,0,0
8252,0,4,3,0,4,3,0,4,4,1,1,4,4,0,2,0,2,4
8253,0,1,1,0,3,2,0,2,4,2,1,1,1,1,2,0,2,0
8254,0,2,1,0,0,4,0,2,2,3,4,3,4,4,0,1,2,0
8255,0,2,4,0,0,4,0,2,2,2,3,2,0,3,0,0,2,0
8256,1,2,4,0,0,4,0,4,3,3,0,2,1,0,2,2,0,3
8257,0,3,2,0,0,4,0,0,1,3,1,2,2,0,2,0,0,0
8258,0,2,1,0,3,1,0,0,2,1,1,1,3,4,4,0,4,0
8259,4,2,0,1,4,1,1,3,2,3,4,4,0,2,4,0,3,0
8260,0,1,0,0,3,1,1,2,3,4,4,3,4,3,4,0,3,0
8261,2,2,1,3,1,1,0,4,2,3,3,2,3,4,4,1,2,1
8262,4,2,3,0,0,4,0,0,0,1,1,1,1,2,1,0,3,1
8263,0,1,0,0,0,3,2,4,2,3,2,3,3,4,1,2,1,1
8264,4,3,4,0,0,3,1,0,2,1,1,2,3,1,3,4,1,1
8265,0,2,1,0,0,4,0,0,2,1,0,2,4,0,1,3,0,0
8266,0,3,0,0,4,0,1,3,4,3,3,3,0,1,0,0,1,0
8267,3,3,3,0,1,1,1,0,3,3,3,4,3,0,3,1,0,1
8268,0,4,4,0,4,0,0,2,1,3,4,3,4,3,2,0,0,0
8269,0,3,3,0,4,4,0,0,4,1,4,4,3,0,2,4,0,4
8270,0,2,4,0,2,1,0,2,2,2,2,2,0,4,0,0,3,0
8271,0,2,4,4,1,1,0,3,3,3,2,3,0,4,3,0,3,4
8272,1,1,0,0,1,2,4,3,2,2,1,1,4,3,2,0,1,1
8273,0,0,0,0,1,0,0,0,0,3,3,3,0,3,0,0,4,0
8274,4,2,2,0,0,3,0,1,4,4,4,2,1,0,3,2,4,0
8275,0,3,1,0,4,3,3,3,2,3,3,3,2,2,1,0,1,0
8276,0,4,1,0,4,1,4,2,3,3,4,3,0,3,0,0,3,0
8277,0,2,1,0,1,4,0,1,2,2,2,1,0,1,0,0,1,0
8278,3,4,1,0,0,2,0,4,2,1,4,1,1,4,2,3,0,1
8279,0,4,0,0,4,4,0,0,0,2,3,2,0,0,0,4,2,0
8280,0,2,3,0,0,2,0,0,4,1,4,1,2,0,4,2,0,3
8281,0,4,0,0,0,0,0,1,1,2,4,3,4,3,3,0,2,0
8282,2,1,0,0,0,1,4,2,1,4,4,3,0,1,4,3,4,0
8283,0,4,0,0,1,2,2,0,3,4,3,2,1,4,1,0,3,0
8284,0,2,1,0,2,3,0,1,2,1,4,3,2,3,1,0,4,4
8285,4,4,2,0,0,1,0,0,0,2,0,2,2,0,3,0,0,0
8286,1,0,4,0,0,4,0,1,1,3,4,4,2,4,1,1,1,1
8287,0,3,0,0,4,4,1,2,4,4,1,3,0,3,0,0,3,1
8288,4,4,1,0,0,2,3,4,3,4,4,3,1,4,2,0,4,0
8289,4,2,4,0,0,3,3,0,3,1,1,2,2,1,1,1,0,4
8290,0,4,4,0,0,4,0,0,3,2,2,3,1,0,4,0,0,0
8291,1,1,1,0,0,2,4,0,4,1,4,2,1,0,3,1,3,1
8292,0,1,0,0,0,0,0,1,4,2,2,2,0,3,0,0,4,1
8293,0,3,0,0,3,1,4,2,3,2,3,2,0,1,2,0,1,0
8294,0,3,1,0,0,4,0,1,1,2,4,2,3,0,3,1,0,1
8295,0,1,0,0,0,4,0,0,4,4,1,1,1,0,2,2,0,4
8296,4,2,4,4,4,1,4,3,4,1,4,4,3,4,4,1,4,0
8297,2,4,3,2,0,2,4,4,2,4,3,4,3,0,4,0,0,0
8298,0,3,1,0,0,0,0,0,4,3,0,1,3,0,3,0,0,0
8299,1,2,4,4,0,4,2,1,4,4,4,4,4,4,3,0,4,1
8300,4,1,4,0,4,1,0,0,1,1,1,4,1,0,4,1,0,1
8302,2,2,1,1,0,1,3,2,4,4,3,4,4,1,2,0,4,0
8303,0,1,3,0,2,1,0,3,2,3,2,3,3,1,3,0,2,0
8304,0,1,4,0,4,4,3,1,3,1,1,1,0,1,3,0,3,0
8305,1,4,2,0,0,3,0,0,4,3,0,1,4,0,3,1,0,0
8306,0,2,3,0,3,1,0,0,1,3,4,2,1,1,1,0,4,0
8307,0,4,3,0,3,4,1,4,4,2,3,2,3,3,4,0,3,4
8308,2,4,2,0,0,4,2,0,1,4,4,3,3,2,2,0,1,1
8309,0,2,0,0,4,4,0,0,1,3,2,2,3,1,0,1,3,0
8310,0,4,1,0,1,1,0,3,3,3,1,1,0,1,3,0,1,0
8311,0,2,1,0,1,4,4,4,4,2,1,2,1,4,3,4,2,4
8312,0,3,4,0,4,0,1,4,1,2,2,1,0,3,4,0,2,0
8313,0,2,1,0,0,0,0,0,0,2,4,2,3,4,0,0,0,4
8314,2,2,3,4,0,3,0,4,3,3,0,4,2,1,2,1,0,2
8315,0,3,0,0,4,4,1,1,4,2,4,3,3,2,4,4,4,0
8316,0,1,4,0,1,3,0,1,1,1,1,1,4,0,4,4,1,3
8317,0,3,0,0,4,0,0,3,3,1,3,3,0,3,1,0,3,0
8319,0,4,2,0,1,3,0,3,0,3,3,2,4,4,4,4,4,3
8320,0,1,1,0,1,4,0,2,0,2,4,2,4,1,2,0,4,1
8321,0,2,4,0,0,0,0,0,0,2,4,3,4,0,1,0,4,0
8322,1,1,1,1,0,1,1,0,1,3,1,1,0,2,1,0,1,4
8323,0,1,1,0,1,4,1,1,3,2,3,4,0,4,1,0,3,0
8324,0,4,4,0,3,0,0,0,0,1,2,3,1,0,1,4,0,0
8325,0,3,0,0,0,0,0,3,1,0,4,1,4,0,0,0,3,0
8326,0,4,0,0,0,1,4,2,2,4,1,3,0,2,1,0,3,0
8327,1,4,3,0,0,1,0,1,1,1,1,4,3,0,3,1,0,4
8328,2,2,1,0,4,3,0,2,3,1,2,1,1,3,2,0,3,0
8329,0,2,4,0,0,1,0,1,2,3,2,4,0,4,4,0,3,0
8330,0,4,4,0,0,0,0,3,2,1,1,1,0,3,0,0,1,0
8331,0,1,0,0,0,1,0,1,1,1,2,2,0,2,4,0,2,0
8332,4,2,0,0,0,4,0,3,4,3,3,3,3,4,2,2,1,0
8333,0,1,2,2,1,2,0,1,2,1,1,1,4,1,1,2,1,1
8334,0,2,0,0,0,1,0,0,4,4,1,3,0,0,0,3,0,2
8335,0,4,4,0,0,4,1,4,3,2,1,2,0,4,2,2,1,4
8336,3,1,4,0,0,1,4,2,3,3,4,4,3,2,4,4,0,1
8337,4,2,4,0,0,3,0,0,3,2,4,3,4,0,4,4,0,3
8338,1,2,1,0,0,0,3,3,3,1,1,1,3,2,1,1,2,1
8340,0,2,0,0,4,1,4,4,1,2,1,2,4,3,1,0,1,1
8341,2,0,1,2,0,3,3,3,2,2,3,2,3,0,3,3,1,3
8342,0,1,0,0,4,4,4,4,4,3,3,3,0,4,4,0,2,0
8343,0,3,1,0,4,3,0,4,4,2,4,2,1,4,1,1,4,1
8344,0,2,1,0,0,0,0,1,1,4,3,3,4,4,0,0,1,1
8345,1,1,2,4,0,4,0,0,4,2,0,1,3,1,2,2,0,1
8346,0,3,1,0,0,1,3,3,1,3,4,3,4,2,3,1,2,4
8347,0,2,3,0,1,3,0,0,3,4,2,3,1,4,3,4,1,2
8348,0,4,4,0,3,0,0,4,1,1,1,1,0,2,0,0,3,0
8349,0,3,1,0,0,2,4,0,2,3,1,2,1,0,1,1,0,0
8350,0,3,0,0,3,0,0,0,0,1,2,2,0,1,0,0,1,0
8351,1,1,4,0,0,1,0,0,2,4,0,2,2,0,3,0,0,4
8352,0,3,2,1,0,2,1,4,2,4,1,3,1,4,2,1,4,0
8353,0,2,0,0,3,4,0,1,4,3,3,3,0,1,4,0,1,0
8354,4,2,2,0,0,3,0,0,1,2,0,2,2,1,1,4,0,1
8355,0,2,0,0,0,4,0,0,3,4,4,2,4,0,4,4,4,4
8356,1,3,1,0,0,2,0,0,3,1,4,1,2,0,2,4,0,1
8357,0,0,4,0,1,0,1,4,4,1,4,3,0,3,3,0,4,0
8358,4,3,1,0,0,2,1,1,3,3,4,4,3,0,3,3,0,0
8359,3,4,1,0,0,2,0,0,4,3,0,3,3,0,3,4,0,4
8360,1,1,2,1,0,1,0,0,3,1,4,2,2,0,1,0,4,1
8361,0,2,3,0,2,0,1,4,4,1,2,2,0,1,4,0,2,0
8362,0,3,1,0,3,0,1,2,2,2,3,4,0,2,1,1,1,0
8363,0,2,4,0,4,4,4,0,3,3,4,2,4,0,4,4,1,0
8364,0,0,1,0,0,3,0,0,1,1,0,3,1,1,1,2,0,0
8365,0,0,0,0,1,1,0,4,0,3,1,4,0,1,1,0,2,0
8366,1,1,1,0,0,0,0,0,0,1,1,1,2,0,1,0,0,0
8367,1,1,0,0,1,2,3,2,3,2,3,2,0,4,3,0,2,0
8368,0,3,0,0,4,0,3,4,1,2,3,3,0,2,4,0,4,0
8369,0,1,4,1,1,2,4,1,2,2,4,1,3,4,2,4,2,4
8370,0,1,4,2,4,4,0,3,4,4,3,1,1,4,4,4,1,4
8371,0,3,0,0,2,4,0,0,0,2,3,3,0,1,2,0,4,0
8372,0,3,1,4,0,1,4,4,1,3,2,3,4,4,2,4,1,3
8373,0,3,0,0,1,0,0,2,3,2,3,3,0,3,4,0,2,0
8374,4,2,4,0,0,1,0,4,2,2,4,1,1,4,1,3,0,0
8375,0,1,4,0,1,0,1,3,4,1,2,2,1,2,4,0,3,0
8376,1,1,1,2,1,1,4,0,2,2,1,1,3,1,3,1,0,1
8377,0,3,0,0,1,1,0,0,0,3,2,3,0,4,0,0,1,0
8378,1,4,1,0,1,1,0,0,2,4,4,2,2,1,1,4,4,0
8379,0,4,4,0,2,3,0,2,2,1,1,2,0,2,0,0,3,0
8380,0,2,0,0,4,0,1,1,3,2,4,3,0,1,3,0,3,0
8381,0,4,1,1,0,3,1,0,1,1,1,1,1,0,2,1,0,4
8382,1,1,1,4,0,2,1,0,1,1,2,1,2,1,1,2,1,0
8383,0,0,0,0,0,4,0,4,0,3,3,2,4,3,0,0,4,0
8384,0,3,0,4,3,2,1,1,2,4,1,3,1,1,1,4,3,1
8385,3,3,1,1,1,2,4,0,3,4,2,2,1,4,2,4,4,2
8386,0,2,0,0,1,3,1,4,4,4,1,2,0,1,4,0,4,0
8387,0,3,0,0,2,1,0,0,0,2,1,1,0,2,0,0,2,0
8388,0,3,0,0,4,0,3,1,2,3,2,3,0,4,0,0,2,0
8389,0,2,0,0,2,0,0,0,0,3,3,3,0,4,0,0,4,0
8390,0,4,0,0,4,4,0,3,4,3,2,3,0,2,4,0,2,0
8391,1,1,3,1,4,4,0,1,4,4,1,1,4,4,2,4,4,4
8392,1,1,4,0,0,0,0,4,1,2,4,2,1,0,2,0,4,0
8393,1,4,0,0,4,0,0,0,0,1,2,2,0,4,1,0,0,0
8394,0,4,0,0,4,2,2,4,1,3,1,3,0,3,0,0,2,0
8395,0,1,0,0,1,0,4,2,4,2,4,2,0,4,4,0,1,0
8396,0,2,4,0,4,0,1,2,1,1,3,3,0,1,4,0,4,0
8397,0,4,0,0,0,0,0,1,0,2,1,3,0,4,0,0,3,0
8398,0,1,0,1,4,3,0,2,0,2,2,2,0,2,3,0,1,0
8399,3,1,4,0,0,1,0,0,4,1,4,3,2,4,2,4,0,4
8400,0,4,4,0,0,0,0,2,0,2,3,3,0,4,4,0,2,0
8401,4,2,0,0,0,2,0,1,4,2,1,2,4,1,1,4,3,2
8402,0,3,0,0,1,0,0,0,0,3,2,3,0,4,0,0,4,0
8403,0,1,0,0,0,1,0,0,0,1,0,1,1,0,0,0,0,0
8404,0,4,0,0,4,0,0,4,3,2,1,2,0,0,1,0,1,0
8405,1,2,4,0,1,2,3,3,3,3,3,1,4,1,3,0,4,1
8406,4,1,4,0,0,1,0,0,4,2,1,4,3,0,2,0,4,1
8407,1,1,3,0,0,1,2,3,2,1,1,2,1,1,1,1,1,1
8408,0,1,3,0,0,3,0,0,0,2,0,1,1,0,4,0,0,3
8409,0,2,1,1,0,2,0,0,1,3,1,1,3,1,1,1,1,0
8410,0,2,4,0,1,2,0,0,2,2,2,3,3,1,4,4,1,0
8411,1,2,4,0,0,4,0,0,2,1,0,4,2,0,2,2,0,2
8412,0,2,3,0,0,1,0,0,2,2,1,3,1,4,1,1,3,0
8413,1,3,1,0,0,1,0,0,2,1,1,3,1,1,2,3,1,1
8414,0,4,0,0,1,2,1,4,4,4,1,1,1,4,3,0,1,1
8415,0,4,4,0,3,1,4,2,2,1,3,4,0,2,4,0,3,4
8416,2,1,3,4,0,4,0,0,4,1,0,2,4,4,3,1,0,1
8417,1,1,2,4,4,2,0,0,2,1,1,2,2,0,3,1,0,4
8418,0,1,4,0,1,0,0,2,2,3,1,2,0,1,1,0,3,0
8419,4,1,1,4,4,3,0,2,2,2,2,2,3,1,3,1,3,2
8420,0,4,2,0,3,3,3,2,4,2,2,3,4,1,2,4,2,2
8421,1,3,3,1,0,2,0,0,4,1,1,2,1,0,3,1,0,1
8422,4,2,4,0,0,4,4,4,4,4,1,3,4,0,1,0,4,1
8423,0,1,4,2,0,1,1,3,4,3,2,1,0,2,4,0,1,0
8424,0,3,0,0,1,0,0,1,0,2,2,2,0,1,0,0,4,0
8425,0,4,1,4,0,1,0,0,2,4,3,3,2,0,1,1,4,1
8426,0,3,0,0,0,0,0,1,3,0,1,4,4,4,4,0,0,0
8427,1,1,2,1,0,2,0,0,3,4,4,3,2,1,3,1,1,1
8428,0,2,0,0,1,0,2,3,3,1,1,2,0,3,2,0,2,0
8429,0,1,0,0,0,1,0,1,1,2,1,1,1,1,1,0,1,0
8430,0,4,0,0,0,0,0,0,3,1,1,1,3,3,4,0,0,1
8431,4,2,4,0,0,1,4,1,2,1,4,4,2,0,4,3,0,2
8432,1,2,2,4,0,3,0,4,3,2,3,2,1,4,3,3,1,3
8433,1,2,3,0,0,1,0,0,1,2,0,1,3,0,2,1,0,0
8434,0,4,0,0,3,3,1,2,2,3,3,3,0,3,1,1,4,4
8435,0,2,1,0,4,1,1,2,3,3,3,3,0,4,0,4,3,0
8436,0,2,0,0,0,1,4,0,1,3,3,3,0,4,4,0,1,0
8437,0,1,4,1,0,1,0,4,3,2,2,2,1,2,3,4,3,4
8438,0,4,0,0,3,0,0,0,0,2,4,4,0,4,0,0,4,0
8439,2,4,1,3,0,4,1,1,3,3,4,4,2,0,4,0,3,0
8440,0,3,1,0,0,4,0,0,2,1,1,3,2,4,4,4,4,0
8441,0,1,0,0,0,4,4,3,2,3,3,3,4,4,1,0,3,0
8442,0,1,1,0,4,1,2,2,3,1,3,2,1,3,2,1,1,1
8443,0,2,4,0,2,0,0,0,0,3,2,2,0,1,0,0,4,0
8444,0,3,0,0,0,0,1,1,1,4,3,2,2,3,1,1,1,0
8445,0,3,4,0,3,1,0,2,4,3,3,3,0,4,2,0,3,0
8446,0,2,0,0,0,2,0,0,0,1,0,4,3,0,2,0,0,0
8447,0,3,0,0,1,1,4,2,0,3,4,3,0,2,4,0,3,0
8448,0,4,0,0,0,1,1,2,2,3,3,2,0,2,0,1,2,0
8449,1,4,2,0,0,4,0,0,4,1,0,3,3,0,2,4,0,0
8450,1,1,1,4,0,0,0,2,1,2,1,1,2,1,2,0,4,0
8451,3,1,2,0,0,2,1,0,2,4,1,1,1,0,1,4,0,4
8452,0,2,4,0,0,1,0,0,2,1,4,2,3,0,4,4,0,0
8453,1,2,0,0,1,4,0,3,3,3,2,1,0,2,4,0,3,0
8454,0,3,0,0,0,1,1,1,1,1,3,3,1,1,3,4,1,4
8455,0,4,0,0,4,4,1,1,1,3,1,2,0,1,3,0,2,4
8456,0,1,0,0,0,3,0,0,3,3,1,3,1,0,4,0,0,0
8457,0,2,1,0,0,2,3,4,3,2,0,4,1,0,3,1,0,3
8458,0,2,0,0,1,4,2,2,2,3,2,2,1,4,1,0,2,0
8459,0,4,1,0,3,1,0,1,3,3,2,2,0,2,1,0,3,2
8460,1,4,4,0,0,4,0,0,4,4,3,2,2,4,3,0,0,0
8461,0,2,0,0,2,0,0,0,4,2,3,1,0,1,0,0,1,0
8463,0,1,0,0,4,0,0,1,3,3,3,4,0,1,0,0,4,0
8464,4,4,4,0,0,4,2,4,1,1,1,1,1,1,4,1,3,4
8465,4,2,3,1,0,3,0,0,2,2,0,2,4,0,1,4,1,3
8466,0,2,0,0,0,0,0,0,0,0,0,3,0,0,0,0,0,0
8467,4,4,3,4,3,1,0,0,4,1,1,4,3,0,3,4,1,4
8468,4,1,3,4,0,3,0,4,4,2,3,4,0,1,1,3,4,4
8469,0,3,2,0,3,4,1,3,4,3,2,2,3,3,1,4,2,4
8470,2,4,0,4,0,2,0,1,3,4,4,3,3,4,1,4,1,3
8471,0,1,0,0,4,4,0,0,4,2,3,3,0,0,0,0,1,0
8472,0,3,0,0,4,0,3,3,3,4,4,3,0,3,0,0,2,1
8473,0,4,0,0,4,0,0,0,0,4,3,3,0,0,0,0,2,0
8475,0,3,0,0,1,1,3,1,3,2,4,3,0,3,0,0,4,0
8476,0,4,3,0,0,0,0,0,0,4,0,3,0,4,4,0,4,0
8477,0,3,0,0,0,0,0,0,0,3,2,2,0,2,0,0,4,0
8478,0,1,4,4,4,1,4,3,4,2,3,2,4,4,4,0,2,0
8479,1,3,4,1,0,2,0,3,2,1,4,4,3,4,2,4,0,4
8480,0,1,4,1,0,3,4,4,1,4,3,1,4,4,3,1,1,3
8481,1,3,2,0,0,0,0,0,4,4,4,4,1,4,1,0,4,4
8482,0,1,0,0,3,2,4,2,4,4,3,3,0,2,3,0,3,0
8483,0,3,4,0,4,4,2,4,2,3,1,3,0,3,2,0,2,1
8484,0,3,0,0,3,0,0,0,0,2,4,4,0,4,0,0,1,0
8485,0,2,2,0,1,3,0,0,3,2,4,1,1,1,1,3,1,4
8486,0,4,4,0,2,1,1,3,2,1,4,4,0,3,3,0,2,3
8487,0,1,1,0,1,1,2,4,4,1,3,4,1,4,1,0,4,0
8488,0,2,4,0,4,1,0,0,1,4,1,4,0,1,1,0,4,0
8489,0,1,0,0,4,1,1,3,4,2,3,3,0,2,0,0,2,0
8490,0,4,3,0,1,4,3,4,2,3,3,2,0,2,3,0,3,0
8491,1,3,3,1,2,1,1,0,1,3,1,2,2,3,2,1,2,0
8492,0,4,4,4,4,4,2,4,3,3,3,3,0,3,4,0,1,4
8493,0,2,4,0,0,1,0,4,4,2,2,2,0,0,4,0,4,0
8494,0,4,2,0,0,0,1,2,3,1,2,2,3,2,4,2,3,1
8495,4,3,4,1,0,1,0,4,2,1,2,1,4,0,2,4,0,0
8496,0,2,0,0,4,1,2,1,3,3,1,1,0,1,1,0,2,0
8497,0,4,2,4,2,2,1,4,4,2,1,1,2,4,3,3,2,0
8498,0,1,0,0,1,4,0,0,1,3,3,4,0,0,4,0,4,0
8499,0,4,3,1,0,4,1,0,2,3,4,2,1,0,4,4,0,3
8500,0,2,1,0,4,2,0,4,3,1,4,2,1,1,2,0,1,1
8501,1,3,0,0,2,4,1,2,1,1,4,2,0,1,4,0,3,0
8502,0,0,0,0,0,0,4,1,1,0,2,4,0,0,1,0,0,0
8503,2,2,2,0,0,3,3,4,2,1,3,3,3,1,3,1,0,3
8504,4,1,3,0,0,1,4,4,2,4,4,4,2,0,4,1,4,2
8505,1,0,4,3,0,4,0,0,0,1,0,2,4,0,2,0,0,4
8506,2,4,1,1,0,3,0,0,1,2,1,2,2,1,4,4,1,4
8507,0,3,0,0,0,0,0,1,1,3,3,3,0,4,0,0,3,0
8508,0,1,4,0,0,2,4,4,2,1,4,3,1,4,4,2,4,4
8509,0,4,2,0,0,1,0,0,3,1,0,1,1,0,2,1,0,1
8510,4,1,2,0,0,3,4,0,1,4,0,1,2,0,1,1,0,2
8511,1,0,1,0,1,1,0,1,3,2,1,1,2,1,1,2,1,0
8512,3,4,1,3,0,3,0,0,4,4,4,4,3,0,3,4,0,1
8513,0,0,0,0,4,0,0,4,4,4,3,2,0,4,0,0,4,0
8514,0,1,4,0,2,4,0,4,3,4,3,4,2,3,3,0,3,0
8515,3,3,2,2,0,2,4,0,3,4,4,2,4,4,3,2,0,3
8516,0,3,1,1,0,1,0,0,3,3,2,3,1,4,2,4,2,1
8517,1,4,4,0,0,2,0,4,1,3,1,2,1,4,4,2,0,1
8518,0,4,4,0,4,3,0,1,1,1,4,4,0,1,2,0,4,0
8519,0,2,1,0,0,1,0,0,2,1,1,1,3,0,2,1,0,0
8520,0,1,0,0,1,1,0,0,1,1,1,1,4,3,3,0,4,1
8521,0,3,2,0,0,2,0,0,4,3,4,1,1,0,2,4,0,4
8522,0,1,4,0,0,0,0,1,0,2,3,2,3,3,1,0,1,0
8523,1,2,2,1,0,2,0,0,3,4,4,3,2,0,3,1,4,1
8524,1,3,3,1,4,4,4,0,1,4,2,3,2,4,2,4,4,4
8525,0,3,4,0,2,4,4,2,2,3,1,2,4,1,4,1,4,0
8526,0,4,0,0,1,1,0,3,1,4,1,1,0,2,0,0,3,4
8527,0,3,1,1,1,0,3,1,1,4,3,2,1,4,3,1,2,4
8528,0,3,4,0,4,0,4,2,3,3,3,4,4,2,0,0,1,0
8529,0,3,0,0,2,0,4,2,2,3,4,4,1,3,0,0,1,0
8530,2,4,1,0,3,0,0,0,4,1,2,2,1,0,4,0,4,0
8531,0,3,0,0,3,4,2,2,3,4,3,3,4,3,4,0,3,0
8532,0,4,0,0,0,4,0,0,4,2,4,4,0,4,4,0,4,4
8533,0,2,1,0,2,3,4,2,2,3,3,3,3,2,1,0,3,0
8534,0,1,2,0,2,1,0,3,2,1,3,3,3,3,1,0,3,0
8535,0,2,1,1,1,1,4,1,2,1,1,3,1,4,4,0,0,0
8536,0,4,0,0,3,1,0,3,3,2,2,3,4,4,1,0,3,0
8537,0,1,4,0,0,4,0,0,4,4,3,3,4,1,4,4,0,4
8538,0,2,1,0,3,0,0,1,1,3,2,1,0,1,0,0,1,0
8539,4,4,4,1,1,3,0,0,2,3,1,1,3,1,1,3,0,0
8540,4,4,3,4,0,0,0,4,3,2,4,4,2,4,2,4,4,1
8541,1,4,4,0,0,4,0,0,2,1,4,4,4,0,3,3,0,1
8542,1,1,3,3,0,4,0,4,3,4,2,3,1,3,1,4,3,0
8543,0,2,0,0,4,0,2,4,4,3,3,2,0,2,0,4,3,0
8544,0,1,0,0,1,0,0,3,1,1,2,2,0,4,1,0,1,0
8545,0,1,0,0,4,2,2,2,3,1,1,1,0,1,1,0,2,0
8546,1,3,1,4,0,4,0,0,1,3,2,1,4,0,1,4,0,4
8547,0,4,3,0,1,1,1,1,1,4,2,2,0,4,3,0,2,0
8548,0,1,2,0,0,2,0,4,1,1,4,4,3,4,3,0,0,0
8549,0,2,4,0,2,1,0,4,3,3,1,3,0,4,4,0,2,0
8550,0,0,0,0,4,0,0,0,0,1,3,3,0,0,0,0,1,0
8551,0,2,0,0,0,3,0,0,0,2,0,1,3,0,1,3,0,1
8552,0,1,0,0,0,0,0,0,0,4,2,3,0,1,0,0,4,0
8553,0,4,0,0,3,0,0,4,0,3,3,3,0,1,0,0,3,0
8554,0,2,4,4,0,4,0,0,1,2,3,1,2,4,4,2,1,0
8555,3,2,3,1,4,1,0,4,1,4,2,2,4,0,3,1,2,4
8556,4,1,1,1,0,2,1,1,3,1,4,3,3,1,4,1,4,0
8557,0,1,1,0,0,1,0,0,1,3,0,2,1,0,2,4,0,1
8558,4,4,4,3,0,2,0,2,0,3,4,3,3,1,4,2,2,1
8559,0,2,1,0,3,4,0,0,1,2,3,2,3,4,2,0,2,0
8560,0,3,2,4,4,1,0,1,3,3,4,4,1,1,2,0,3,4
8562,1,1,3,0,0,3,0,0,4,1,3,3,1,0,2,0,0,1
8563,1,3,2,3,4,3,0,4,2,4,1,3,2,1,2,4,1,0
8564,4,2,4,0,0,1,4,3,4,2,3,3,1,3,3,3,3,1
8565,0,2,4,0,0,4,0,0,4,1,0,1,3,0,4,4,0,0
8566,0,2,2,0,4,2,0,1,2,2,1,3,0,3,0,0,4,4
8567,3,1,2,2,0,2,0,0,2,1,0,1,3,0,1,1,0,4
8568,1,2,2,4,0,4,0,4,3,1,4,3,3,0,4,4,0,0
8569,0,1,0,4,4,3,1,0,2,1,4,1,2,0,3,4,1,1
8570,2,1,2,4,0,3,0,0,2,2,0,1,3,0,2,2,0,1
8571,0,2,0,0,4,1,0,4,4,2,3,2,1,1,2,0,3,0
8572,0,2,4,0,0,2,1,4,3,4,4,4,1,0,2,0,4,0
8573,3,4,2,3,0,2,0,0,1,1,4,3,1,4,1,0,0,0
8574,4,2,1,0,4,1,0,0,4,4,4,3,2,0,2,1,1,0
8575,1,2,3,1,1,3,1,2,3,1,3,2,0,3,0,0,1,1
8576,0,3,2,0,4,1,4,1,1,1,3,4,1,2,1,1,4,2
8577,0,2,1,0,3,4,0,1,1,4,3,4,0,3,1,0,3,0
8578,0,3,0,0,2,0,1,1,4,2,2,2,0,2,4,0,2,0
8579,4,4,1,4,0,4,0,4,4,1,3,4,4,0,4,4,4,4
8580,4,1,0,0,4,2,0,1,2,2,2,2,1,4,1,1,4,0
8581,0,2,0,0,1,4,3,1,3,2,2,2,0,2,4,0,1,2
8582,0,1,0,0,2,0,0,0,0,2,1,1,0,4,0,0,1,0
8583,0,4,4,0,2,4,0,3,4,1,3,3,2,3,4,0,3,0
8584,4,1,3,3,0,3,0,0,2,4,4,1,3,4,1,1,4,1
8585,0,3,1,0,1,3,0,4,3,1,4,3,3,4,3,2,3,3
8586,0,2,2,0,4,1,0,3,3,2,1,2,0,3,4,0,3,1
8587,1,3,1,0,2,4,4,1,1,1,2,2,4,2,1,0,1,0
8588,0,3,4,0,1,4,0,0,3,3,3,2,1,0,0,0,2,1
8589,0,1,3,4,0,4,0,1,2,4,1,2,4,1,2,2,1,2
8590,4,2,3,0,0,2,1,2,3,3,1,2,2,2,4,2,1,2
8591,1,2,1,0,0,4,4,4,3,1,2,2,2,4,3,3,2,1
8592,0,4,1,0,4,4,0,0,0,2,4,4,0,4,4,0,2,4
8593,0,4,4,0,1,0,0,3,1,4,2,3,4,2,4,0,2,0
8594,0,2,0,0,3,4,2,2,1,2,2,1,0,3,1,0,3,0
8595,0,1,1,0,1,0,0,4,3,4,4,4,0,4,1,0,2,1
8596,3,2,4,0,0,4,0,3,3,2,1,3,3,2,3,4,3,2
8597,0,1,4,0,1,0,0,4,2,2,3,3,0,2,4,0,2,2
8598,4,2,1,0,4,2,3,3,3,4,3,3,1,2,1,0,3,4
8599,0,1,1,1,0,1,0,4,2,1,4,1,1,0,1,0,2,0
8600,0,4,0,0,0,0,0,1,4,3,3,3,1,3,3,0,4,0
8601,0,3,1,0,0,1,3,2,1,3,2,3,4,2,4,2,2,0
8602,0,4,1,0,0,0,4,0,3,2,4,4,3,0,4,2,4,3
8603,3,3,0,0,0,3,1,0,3,2,4,3,3,2,4,1,0,0
8604,0,1,0,0,0,1,0,0,0,1,2,1,3,3,1,0,2,0
8605,0,4,1,0,0,3,0,0,3,2,0,2,1,0,4,4,0,4
8606,0,2,4,0,0,1,4,0,3,2,1,3,4,0,4,1,1,0
8607,0,2,0,0,4,0,0,0,1,3,2,3,0,4,0,0,2,0
8608,0,2,0,0,2,0,0,0,4,2,2,1,0,1,0,0,2,0
8609,4,1,1,1,0,3,1,1,4,1,2,1,3,3,4,1,1,4
8610,0,1,0,0,0,0,0,1,1,1,3,3,0,4,4,0,0,0
8611,4,2,3,0,0,1,0,0,1,3,1,2,1,0,2,4,0,0
8612,1,2,1,0,0,1,0,4,3,2,2,3,3,4,1,1,4,3
8613,0,4,0,0,0,0,0,0,1,4,0,2,3,0,4,0,0,4
8614,0,1,0,0,4,4,0,0,0,3,2,2,0,1,0,0,1,0
8615,0,4,1,0,3,4,4,3,2,3,4,2,0,3,0,0,3,0
8616,4,1,2,0,0,1,0,2,2,3,4,3,3,2,1,2,0,4
8617,0,0,0,0,1,0,0,0,3,2,4,3,0,1,0,0,4,0
8618,0,4,4,0,0,1,0,4,0,4,4,2,3,0,4,0,0,1
8619,0,1,0,0,3,1,0,1,1,2,2,3,0,4,1,0,4,0
8620,0,0,0,0,0,0,1,2,4,1,2,3,0,2,1,0,1,0
8621,0,1,0,0,2,0,0,3,1,1,4,2,0,1,1,0,3,1
8622,0,2,0,0,0,0,0,1,4,1,2,2,0,1,0,0,1,0
8623,0,4,0,0,0,4,0,4,4,3,4,4,0,4,3,1,4,1
8624,0,1,0,0,0,1,0,0,4,2,4,3,4,0,1,2,2,2
8625,2,2,0,0,1,4,0,0,2,2,1,3,4,0,2,1,0,4
8626,0,4,0,0,0,4,0,4,3,2,3,3,2,4,4,1,4,0
8627,0,2,0,0,0,1,1,1,2,2,4,2,1,1,1,1,1,0
8628,3,3,4,3,0,1,0,0,4,3,0,2,1,2,4,1,0,4
8629,0,1,2,0,0,4,3,3,3,4,3,2,1,1,3,0,3,1
8630,0,4,0,0,4,4,0,0,4,4,1,3,4,4,0,0,0,0
8631,1,1,4,0,1,1,0,0,4,3,4,4,4,4,2,0,1,0
8632,0,4,0,0,4,0,4,4,2,3,3,3,0,3,0,0,3,0
8634,0,0,0,0,0,0,0,4,4,1,2,1,4,4,0,0,0,0
8635,4,1,1,0,0,1,3,2,2,2,1,2,0,3,3,1,1,1
8636,0,0,0,1,0,3,1,4,2,4,4,1,4,2,0,4,0,0
8637,2,4,2,4,1,2,0,2,2,4,4,3,3,2,2,0,3,3
8638,0,1,0,0,4,1,0,0,0,2,3,3,0,1,1,0,3,0
8639,1,3,1,1,4,3,0,0,1,3,2,1,3,4,1,1,1,3
8640,0,3,1,0,0,4,0,4,2,1,1,3,4,0,1,0,4,1
8641,1,4,4,0,1,1,0,0,4,2,4,4,3,0,4,4,0,4
8642,0,1,0,0,0,0,0,4,2,3,3,2,1,3,4,0,4,0
8643,4,4,4,1,0,3,0,0,2,2,0,3,1,0,1,4,0,2
8644,0,2,3,4,0,3,2,0,2,2,4,1,1,0,2,2,4,4
8645,1,2,1,0,4,1,1,4,3,3,4,3,2,4,1,4,2,0
8646,4,3,3,0,0,1,0,0,1,2,0,1,3,0,4,4,0,4
8647,0,4,2,1,0,1,4,0,2,0,4,2,2,4,3,1,4,1
8648,0,2,0,0,2,0,0,3,3,2,1,3,0,3,0,0,4,2
8649,0,3,4,0,3,2,3,2,2,3,4,3,1,4,3,0,2,1
8650,0,1,4,0,1,4,0,4,3,3,3,2,0,0,1,0,2,0
8651,0,4,3,0,3,0,3,1,2,2,1,1,0,1,2,0,1,0
8652,0,2,1,0,3,4,2,4,3,2,2,2,1,4,1,0,3,0
8653,0,1,4,0,0,4,0,0,4,3,1,3,2,0,3,1,1,1
8654,0,1,0,0,2,0,0,0,0,2,2,3,0,0,0,0,2,0
8655,0,0,0,0,4,0,0,0,0,1,2,1,0,1,0,0,1,0
8656,4,2,2,0,0,1,0,0,4,3,4,1,3,4,1,1,0,4
8657,0,4,0,0,0,4,4,0,0,2,4,4,0,0,1,0,0,0
8658,0,3,1,0,0,0,4,3,1,2,4,3,4,4,4,3,3,3
8659,4,4,2,4,1,3,0,3,4,4,2,3,4,3,4,4,1,1
8660,1,1,4,1,1,2,0,0,1,1,1,1,4,1,1,0,1,0
8661,0,0,0,0,3,0,0,3,4,1,3,2,0,1,0,0,2,0
8662,0,1,0,0,4,4,4,0,4,2,4,2,1,3,4,0,1,0
8663,0,0,0,0,4,0,0,0,0,2,3,2,0,4,0,0,3,0
8664,0,3,2,0,0,4,1,3,2,2,3,3,3,2,1,0,3,4
8665,2,2,2,0,0,4,0,0,1,3,0,3,2,0,1,3,0,2
8666,0,2,0,0,0,3,0,0,4,1,2,2,4,0,1,3,0,0
8667,0,3,0,0,0,0,0,1,3,3,4,4,1,0,4,3,4,1
8668,4,0,1,0,0,4,0,0,4,4,1,4,1,0,4,1,0,1
8669,0,4,0,0,2,1,0,3,4,3,4,3,0,4,0,0,3,4
8670,0,1,1,0,4,1,1,3,1,3,2,2,3,3,4,0,1,0
8671,0,1,4,0,3,4,4,4,3,3,4,3,4,2,4,0,1,0
8672,4,4,4,0,2,0,1,3,1,4,2,2,0,1,0,0,1,0
8673,0,4,3,0,4,2,2,3,2,2,4,3,4,2,1,2,3,4
8674,0,3,0,0,4,0,1,2,4,2,2,2,0,1,1,0,1,0
8675,0,1,3,0,0,3,0,2,0,2,4,1,0,2,1,0,1,0
8676,0,3,3,2,0,4,0,0,2,3,1,3,4,0,3,4,0,2
8678,1,2,3,0,0,3,3,0,3,2,3,3,4,4,1,2,1,2
8679,0,3,1,0,4,1,4,4,2,2,4,3,1,1,1,4,0,0
8680,0,1,0,0,1,4,0,1,1,3,1,2,0,1,1,0,3,1
8681,0,2,1,0,0,4,0,0,3,3,0,2,3,0,2,0,0,1
8682,4,4,3,1,0,4,0,0,4,4,1,1,2,4,4,1,4,0
8683,2,1,3,0,0,2,2,0,3,1,4,3,3,1,1,1,2,0
8684,0,2,0,0,1,0,4,1,1,2,2,3,4,2,4,4,2,0
8686,0,3,1,0,0,1,3,2,4,3,1,3,1,2,3,0,4,0
8687,0,4,0,0,0,0,0,0,0,3,2,4,0,0,0,0,4,0
8688,1,1,0,0,0,0,2,4,2,3,1,2,4,1,4,0,1,0
8689,1,1,4,2,0,1,0,0,0,2,4,2,0,4,1,4,4,4
8690,0,4,4,0,4,3,0,3,3,2,4,3,4,0,2,0,1,0
8691,0,0,0,0,1,2,0,4,4,2,3,3,4,4,0,0,2,1
8692,3,2,4,1,1,1,0,1,3,3,2,2,4,1,4,2,2,4
8693,0,2,3,0,4,1,0,4,3,4,2,2,4,1,3,0,2,0
8694,4,1,4,3,0,1,4,4,3,3,4,4,1,4,4,2,4,2
8695,4,1,2,0,0,2,0,0,1,2,4,1,3,0,4,0,0,1
8696,0,3,0,0,2,0,4,4,4,2,2,2,0,2,4,0,3,0
8697,0,1,0,0,2,1,0,1,1,2,1,2,0,3,3,0,4,4
8698,0,1,4,0,4,0,0,4,3,3,1,3,0,3,1,0,1,0
8699,0,2,0,0,3,0,0,3,1,2,4,4,3,4,0,0,1,0
8700,4,3,0,0,0,2,0,0,0,3,2,3,1,0,4,0,0,4
8701,0,3,0,0,1,0,0,1,2,3,3,4,0,4,0,0,2,0
8702,0,3,0,0,0,1,0,1,2,2,3,3,1,3,3,1,2,0
8703,4,2,3,4,0,4,0,4,4,4,4,4,3,1,4,3,4,4
8704,0,2,0,0,2,1,3,0,3,1,1,1,0,3,0,0,1,0
8705,0,4,0,0,3,1,0,1,0,1,2,3,0,2,0,0,3,4
8706,3,1,1,1,0,3,4,0,1,4,1,2,2,3,3,4,0,4
8707,4,3,3,0,4,2,1,1,4,3,4,4,3,1,2,0,1,0
8708,3,4,1,4,1,3,0,2,3,4,2,2,2,4,2,3,2,1
8709,0,3,1,0,3,0,4,4,4,1,1,2,4,2,4,0,4,3
8710,0,1,0,0,2,0,0,0,0,1,2,2,0,0,0,0,2,0
8711,0,3,0,0,3,4,0,0,4,2,2,2,0,2,0,0,1,0
8712,2,4,3,2,4,3,0,1,1,2,2,4,3,0,2,2,1,4
8713,0,4,4,0,1,1,0,2,3,3,2,3,1,3,1,0,3,0
8714,1,0,4,4,0,1,4,2,3,4,4,4,4,4,2,1,0,3
8715,0,3,1,0,4,0,3,1,0,3,3,3,4,1,0,0,3,0
8716,1,2,1,0,1,3,0,4,3,4,3,4,1,4,1,4,4,4
8717,1,2,3,0,0,2,0,2,2,3,1,1,1,1,1,3,1,2
8718,1,4,2,4,0,2,0,0,2,4,4,3,4,4,2,4,0,3
8719,0,4,0,0,0,2,0,0,4,1,4,3,4,0,3,0,0,0
8720,0,2,3,0,0,1,0,1,1,2,4,3,1,1,2,0,4,0
8721,4,2,4,0,0,0,0,0,4,4,4,4,2,0,3,4,1,1
8722,4,1,4,0,0,2,0,0,3,1,1,4,3,1,2,3,1,4
8723,4,1,3,1,4,1,4,1,2,1,2,2,1,4,1,4,3,3
8724,3,4,3,4,2,1,0,1,2,3,1,4,2,1,2,3,1,4
8725,1,2,1,0,1,4,0,3,2,3,3,3,2,2,2,4,2,3
8726,0,2,2,0,0,4,0,4,4,4,4,4,3,1,1,3,4,4
8727,0,1,2,0,3,2,0,0,4,1,3,2,2,0,4,2,0,4
8728,1,3,4,0,3,4,0,1,4,4,3,3,4,2,4,0,1,0
8729,0,2,0,0,4,4,1,3,3,4,4,3,4,2,4,4,3,1
8730,0,1,1,0,0,1,0,0,1,1,0,1,4,4,1,4,0,1
8731,1,2,3,1,1,3,0,2,4,2,2,1,1,4,2,2,1,0
8732,0,2,0,0,1,0,1,3,4,2,3,1,0,4,1,0,2,4
8733,0,2,0,0,2,0,0,0,0,4,3,4,0,3,0,0,1,0
8734,0,2,0,0,2,1,2,4,1,1,4,1,1,2,1,4,1,0
8735,0,0,1,0,0,0,0,0,0,4,4,4,0,4,4,0,0,0
8736,4,4,1,0,0,1,0,0,3,4,0,3,3,0,1,0,0,1
8737,1,2,1,0,4,3,4,1,1,1,4,2,0,1,1,0,1,1
8738,4,4,1,0,0,4,0,0,2,4,1,4,1,0,2,1,0,4
8739,0,3,4,0,0,1,0,0,2,3,4,4,2,0,1,0,0,1
8740,4,1,0,3,0,2,0,0,3,3,1,2,3,0,2,3,1,1
8741,1,4,1,1,0,3,0,2,1,2,4,1,3,0,1,2,4,1
8742,4,3,4,0,0,2,0,4,3,1,4,3,3,4,4,1,4,1
8743,0,4,0,0,0,1,0,3,1,3,2,2,4,2,2,0,3,2
8744,2,3,2,0,0,3,1,4,3,1,4,2,1,1,4,4,1,1
8745,0,4,0,0,3,4,2,2,2,4,2,3,0,2,1,0,2,1
8746,0,4,0,0,1,0,1,3,1,1,3,2,0,2,4,0,4,0
8747,3,2,4,1,0,4,0,0,1,4,4,4,4,4,3,3,0,0
8748,0,4,0,0,1,3,0,2,3,3,3,2,4,4,4,1,3,0
8749,0,1,0,0,4,0,0,1,1,1,2,2,0,2,1,0,3,0
8750,0,2,1,0,1,1,1,0,3,1,1,2,0,1,4,0,4,0
8751,2,4,1,0,0,2,0,0,3,2,4,4,3,0,2,0,0,0
8752,0,2,0,0,0,1,0,0,0,2,0,3,3,0,3,0,0,0
8753,0,4,0,0,1,0,1,4,4,1,3,2,0,4,0,0,2,0
8754,0,3,1,4,0,2,0,0,3,4,0,2,1,1,1,3,0,2
8755,0,1,0,0,1,0,0,1,1,2,1,1,0,3,0,0,3,0
8756,0,4,0,0,0,0,0,4,0,2,2,4,0,4,0,0,4,0
8757,0,4,4,0,2,0,0,0,0,3,3,4,0,1,0,0,2,0
8758,1,2,0,4,0,3,1,0,2,2,3,2,4,0,4,4,4,4
8759,0,4,1,0,1,4,0,1,1,4,3,4,4,4,2,0,4,0
8760,0,4,0,0,1,4,0,0,3,3,1,2,4,0,4,1,0,0
8761,0,4,1,0,2,1,0,1,0,2,3,3,0,3,0,0,1,0
8762,0,4,0,0,2,0,0,0,0,3,3,2,0,1,4,0,2,0
8763,1,1,0,0,2,1,0,3,4,3,4,4,0,1,4,0,3,4
8764,0,2,1,3,0,3,0,0,2,3,0,3,4,0,2,1,0,1
8765,0,1,0,0,2,0,2,3,4,2,4,2,0,1,2,0,3,0
8766,1,1,1,0,4,4,1,2,3,4,2,2,1,3,1,0,1,0
8767,0,2,0,0,3,0,0,2,1,2,4,3,1,2,0,0,4,0
8768,4,4,4,0,0,4,0,4,4,3,4,4,3,4,2,4,4,0
8769,0,2,0,0,1,1,0,2,2,2,2,4,1,1,0,1,3,0
8770,0,0,0,0,0,0,0,0,0,0,3,3,0,4,4,0,0,0
8771,4,4,4,4,4,1,4,3,2,3,1,3,1,2,3,4,1,0
8772,0,4,1,1,0,1,4,4,4,2,1,3,2,0,1,2,0,1
8773,4,3,2,0,1,2,4,4,3,1,3,2,1,2,1,0,1,0
8774,0,1,0,0,0,2,2,4,2,2,1,2,1,3,1,0,2,0
8775,0,4,1,0,0,0,0,0,1,4,4,3,4,0,4,1,0,2
8776,4,1,3,0,0,3,4,4,1,2,4,4,0,0,3,0,0,1
8777,0,3,0,0,0,0,0,3,3,2,1,2,3,1,1,1,2,0
8778,0,4,2,0,0,3,2,3,4,2,4,4,2,2,1,0,4,1
8779,0,3,0,0,3,0,0,0,0,4,3,4,0,4,0,0,4,0
8780,0,1,0,0,1,4,0,0,0,1,3,4,0,0,0,0,0,0
8781,1,1,2,1,1,4,2,1,4,1,2,2,4,3,3,0,1,1
8782,0,4,0,0,1,0,0,3,1,1,3,2,0,1,0,0,2,0
8783,0,2,1,4,0,0,2,2,3,3,4,2,1,2,1,2,1,1
8784,4,2,1,1,1,2,0,0,0,4,4,4,1,2,2,1,2,1
8785,0,2,1,0,2,4,0,2,4,2,2,2,4,1,1,0,2,0
8786,1,2,2,1,0,1,0,0,3,4,4,2,3,4,2,0,0,0
8787,0,3,3,0,4,4,0,1,4,4,1,3,2,4,3,1,4,0
8788,0,3,1,0,1,4,1,4,4,3,1,3,3,4,4,2,2,2
8789,0,1,3,0,0,1,0,0,1,1,1,1,2,1,2,0,0,1
8791,1,4,1,0,0,4,0,0,4,4,0,4,4,0,2,2,0,4
8792,0,2,1,0,2,4,1,2,2,2,1,2,0,2,1,0,3,4
8793,0,4,0,0,4,0,0,0,0,3,3,2,0,4,0,0,3,0
8794,0,3,4,0,4,2,4,4,4,4,2,1,0,2,3,0,3,0
8795,1,2,1,0,1,1,3,4,2,2,3,4,1,1,2,3,4,3
8796,3,1,2,4,0,1,0,0,1,4,4,3,1,4,2,2,0,2
8797,0,3,0,0,4,0,0,4,4,2,1,2,0,3,1,0,2,0
8798,3,4,0,0,0,1,0,1,2,3,1,2,2,1,1,2,1,4
8799,0,2,2,0,4,4,4,2,4,1,3,3,4,3,2,2,3,2
8800,0,3,0,1,0,4,1,0,4,4,4,3,3,1,3,0,1,0
8801,1,1,4,0,0,0,0,0,1,4,4,1,3,0,4,0,0,0
8802,4,2,1,1,3,1,3,3,2,3,1,2,1,3,1,0,1,2
8803,3,4,1,3,0,1,4,4,1,2,1,3,4,4,3,0,0,0
8804,0,1,0,0,0,1,0,0,0,1,4,3,1,4,4,0,2,0
8805,0,1,1,0,1,2,1,1,4,1,3,3,0,3,0,0,1,0
8806,4,1,0,0,0,0,4,4,2,2,1,3,2,4,3,1,1,2
8807,0,1,4,0,4,3,1,2,4,3,4,3,3,4,1,0,1,0
8808,0,4,4,0,3,4,0,4,4,2,3,2,0,4,4,0,2,2
8809,2,1,4,4,4,1,0,0,2,1,4,3,3,1,3,1,4,3
8810,0,1,3,0,0,1,1,1,1,3,1,2,0,2,1,2,1,4
8811,4,3,0,0,3,0,1,4,4,3,1,2,0,2,0,0,2,0
8812,0,2,4,0,4,1,1,4,1,2,1,3,0,2,3,0,4,0
8813,0,4,2,1,4,4,0,0,1,4,4,4,3,0,3,0,4,0
8814,0,4,1,0,0,0,0,0,0,3,0,2,3,0,4,0,0,0
8815,1,2,1,1,0,1,0,4,2,4,1,3,2,3,1,4,0,0
8816,0,4,3,0,3,4,2,1,3,3,4,3,1,3,3,0,4,0
8817,0,4,4,1,0,1,1,0,3,1,4,2,4,0,2,0,4,1
8818,1,2,2,0,0,2,1,0,2,2,0,2,3,0,4,0,0,1
8819,0,1,1,0,2,0,0,2,1,3,1,2,0,2,0,0,1,1
8820,0,3,0,0,3,3,1,4,4,3,1,2,0,2,4,0,2,0
8821,1,2,0,0,1,4,0,2,2,2,3,2,0,4,2,0,2,0
8822,4,1,3,0,1,2,0,0,2,4,4,1,3,0,2,0,0,4
8823,0,0,0,0,0,0,0,0,0,0,2,4,0,0,0,0,0,0
8824,0,1,0,0,2,0,0,1,1,3,3,2,0,4,2,0,2,0
8825,2,3,3,4,2,1,3,2,3,2,4,3,4,1,4,3,4,3
8826,0,0,0,0,0,0,1,0,0,1,2,2,0,0,1,0,3,0
8827,0,3,3,0,1,3,4,1,4,4,4,3,4,1,1,0,2,0
8828,0,1,1,0,0,0,0,0,4,1,4,1,1,4,3,0,0,1
8829,0,4,4,0,0,4,0,3,0,4,3,2,3,2,3,0,1,0
8830,4,4,2,1,0,3,0,0,3,4,1,1,1,1,2,3,0,3
8831,4,4,4,0,4,1,4,2,4,3,3,4,4,4,4,0,2,4
8832,0,2,0,0,4,3,3,4,2,3,4,4,1,3,1,0,4,0
8833,4,3,1,3,0,4,0,1,4,4,1,2,4,1,2,4,1,0
8834,0,0,0,0,0,0,0,4,4,2,3,2,0,4,0,0,1,0
8835,1,3,1,0,0,4,0,1,4,2,1,2,3,4,2,1,0,2
8836,0,4,2,4,4,3,0,4,3,4,4,4,0,4,1,4,4,2
8837,0,4,0,0,1,0,0,2,4,2,2,2,4,3,4,0,4,0
8838,0,4,0,0,3,4,0,0,1,2,3,2,0,2,0,0,4,0
8839,0,3,0,0,1,0,4,3,3,3,1,1,0,3,1,0,3,0
8840,0,3,0,0,1,0,0,1,0,1,3,3,0,1,0,0,3,0
8841,0,4,0,3,1,1,3,3,2,3,3,2,4,4,4,0,2,0
8842,0,3,4,0,0,4,0,0,4,3,0,4,4,0,4,4,0,0
8843,4,4,1,0,0,3,1,3,3,1,3,2,3,4,4,4,4,4
8844,2,3,1,0,0,3,0,0,3,3,0,2,2,0,1,4,0,4
8845,0,3,0,0,4,0,0,4,1,2,4,3,0,2,4,0,4,0
8846,1,4,2,4,0,1,0,0,0,2,4,2,4,4,1,1,4,0
8847,1,2,2,0,0,4,0,0,1,3,1,1,3,1,1,0,1,0
8849,0,4,2,0,1,2,0,0,2,3,4,4,4,4,4,0,0,4
8850,4,4,3,0,0,3,4,4,3,3,4,2,3,4,1,4,2,4
8851,0,1,0,0,0,0,0,4,0,1,1,1,0,3,1,0,1,0
8852,0,3,0,0,3,0,0,0,1,4,3,2,0,4,1,0,2,0
8853,0,1,0,0,4,0,0,1,2,4,3,3,1,2,1,0,2,0
8854,0,1,4,0,0,2,1,1,3,2,3,2,2,1,4,0,0,0
8855,0,3,0,0,4,0,0,0,0,2,1,3,0,1,0,0,4,0
8856,0,4,4,0,3,4,1,0,2,3,4,1,4,0,4,0,0,4
8857,0,2,0,0,1,1,0,1,1,2,2,2,0,1,0,0,1,0
8858,1,2,2,1,0,2,0,4,2,3,4,4,3,4,3,1,1,1
8859,1,1,2,0,1,3,0,1,4,3,1,2,0,3,3,1,4,4
8860,0,4,0,0,4,0,1,1,4,2,4,4,0,4,0,0,4,4
8861,4,1,1,0,0,0,0,0,0,4,1,1,3,1,1,0,0,0
8862,0,1,1,0,0,0,0,0,1,2,2,3,0,1,1,0,1,0
8863,4,2,0,0,4,2,4,4,1,3,4,2,1,4,3,3,4,1
8864,0,3,3,1,3,4,3,2,2,2,1,2,4,3,4,0,1,0
8865,0,4,0,0,0,0,0,0,4,3,4,4,4,4,4,4,0,2
8866,4,1,1,3,0,1,4,3,2,2,2,1,1,4,2,3,2,0
8867,4,1,1,0,0,2,0,4,1,4,4,2,4,4,2,1,4,1
8868,1,1,2,0,0,4,0,0,1,2,4,1,2,0,1,1,1,0
8869,0,2,4,0,0,2,0,0,4,4,4,4,2,4,4,4,0,1
8870,4,3,3,0,4,4,2,4,3,3,4,4,3,4,4,1,2,1
8871,0,3,4,0,0,4,0,1,4,3,2,1,4,2,4,4,2,0
8872,0,1,0,0,0,4,3,3,4,2,3,4,4,1,0,0,1,0
8873,0,3,0,0,1,4,1,3,2,3,3,3,0,1,4,0,2,0
8874,3,1,2,1,0,3,1,0,3,4,1,3,4,4,4,4,4,3
8875,0,2,1,0,0,0,4,1,4,3,2,2,1,4,4,1,2,0
8876,0,2,0,0,3,0,0,0,0,2,2,3,0,4,0,0,4,0
8877,0,1,0,0,2,0,0,2,3,2,1,2,0,2,1,0,3,0
8878,0,1,0,0,0,0,0,1,1,2,2,2,0,3,1,1,3,0
8879,0,3,0,0,4,0,0,0,4,3,3,4,0,4,0,0,2,0
8880,4,3,4,0,1,3,0,4,4,4,3,4,0,3,4,0,3,0
8881,1,2,2,1,0,1,0,0,3,2,0,2,1,0,3,0,0,0
8882,2,4,4,3,0,1,4,2,3,1,4,3,1,4,4,0,3,0
8884,4,2,3,1,3,2,0,0,1,2,4,3,4,3,3,0,1,2
8885,0,4,4,1,3,1,0,1,1,4,3,4,4,4,4,0,3,0
8886,1,1,2,0,4,1,0,0,1,3,1,3,1,4,1,1,3,0
8887,0,0,0,0,0,4,0,1,1,4,1,1,0,0,3,0,0,0
8888,4,2,1,0,0,1,0,0,4,3,4,4,4,0,3,0,0,0
8889,3,3,0,0,0,4,0,0,3,1,0,2,1,0,4,0,0,3
8890,4,1,3,4,1,4,0,0,1,3,3,3,4,3,2,3,2,1
8891,0,1,3,0,1,2,0,2,4,1,2,3,0,3,2,0,1,1
8893,3,2,1,4,0,3,0,0,2,1,2,2,4,4,4,0,0,0
8894,0,1,0,0,1,4,1,2,1,2,1,2,0,1,4,0,2,0
8895,0,2,0,0,4,0,0,3,2,2,2,1,4,2,1,0,3,4
8896,0,3,0,0,4,0,0,0,0,2,2,3,0,4,0,0,1,0
8897,1,1,1,1,0,2,0,0,1,1,0,2,1,1,1,3,1,2
8898,0,2,0,0,4,0,4,2,3,2,2,2,0,2,4,0,3,0
8899,0,2,0,0,2,1,4,2,4,1,3,2,0,2,0,0,2,1
8900,0,2,0,0,4,0,4,0,0,3,2,3,0,4,0,0,2,0
8901,0,1,0,0,4,0,0,0,1,1,2,2,0,1,0,0,3,0
8902,0,2,3,0,0,1,0,0,0,2,0,1,3,0,2,2,0,2
8903,0,0,0,0,2,1,0,0,0,0,3,2,0,0,1,0,0,0
8904,2,2,1,0,1,1,4,3,3,2,1,2,3,1,3,2,3,1
8905,1,2,0,0,0,2,0,0,3,3,1,3,1,0,1,2,0,4
8906,0,2,1,0,0,4,0,0,4,2,4,3,0,1,4,0,2,0
8907,1,4,2,0,0,2,0,0,2,3,1,4,3,0,3,2,1,4
8908,0,4,0,1,0,2,4,3,2,3,2,3,4,4,4,2,4,1
8909,1,1,1,0,0,4,0,0,3,3,1,4,3,1,3,3,0,0
8910,3,1,1,4,0,4,0,0,4,3,1,1,1,0,2,2,0,1
8911,1,4,1,1,0,1,0,4,1,2,1,1,1,4,1,4,4,0
8912,0,2,1,0,0,4,0,4,1,3,3,1,4,4,1,0,0,0
8913,0,4,0,0,0,1,0,0,1,4,1,1,1,0,4,0,0,0
8914,3,3,3,0,1,3,0,4,3,4,4,4,4,4,4,0,4,4
8915,0,0,0,0,0,0,0,0,0,0,1,4,4,3,3,0,0,0
8916,0,3,1,0,4,1,0,2,3,2,1,3,0,3,2,0,2,0
8917,0,4,4,0,3,4,2,4,4,4,3,3,1,3,1,0,3,1
8918,4,1,2,1,0,4,0,0,3,1,0,1,3,0,3,0,0,4
8919,3,1,4,0,0,1,2,0,4,4,4,4,4,1,4,1,0,1
8920,0,2,0,0,0,2,1,4,3,2,2,1,1,2,4,0,2,0
8921,0,1,1,0,1,0,0,4,3,2,4,3,0,3,3,0,1,0
8922,3,3,2,4,0,1,2,2,1,3,4,3,4,1,1,2,4,2
8923,0,3,0,0,3,4,1,4,4,2,4,3,0,4,4,0,2,0
8924,1,4,1,0,0,0,0,0,4,2,0,2,3,0,2,1,0,0
8925,0,4,4,0,0,4,0,2,4,2,4,4,0,3,4,0,2,4
8926,0,3,1,0,0,1,0,4,2,3,4,4,4,4,1,2,0,3
8927,0,1,0,0,4,3,0,3,3,1,1,3,1,3,2,4,2,0
8928,4,3,4,3,0,4,0,0,2,4,1,4,2,0,4,3,0,2
8929,1,2,1,0,0,0,0,0,2,2,1,2,1,4,4,1,4,1
8930,0,1,0,0,3,1,4,1,3,1,1,2,0,2,0,0,2,0
8931,0,4,0,0,2,0,0,4,4,2,2,3,0,1,0,0,3,0
8932,1,2,4,3,1,2,4,0,3,3,2,4,2,0,3,4,1,1
8933,2,3,0,0,1,4,3,1,3,2,1,3,1,1,1,0,4,0
8934,0,3,0,0,0,1,2,3,1,1,0,4,1,0,1,0,0,3
8935,4,1,4,0,0,4,0,0,0,4,0,4,4,0,4,0,0,0
8936,0,3,1,0,1,2,3,2,2,2,1,1,1,2,2,0,3,0
8937,4,4,3,4,0,0,0,0,0,1,0,1,4,0,3,1,0,0
8938,0,2,0,4,0,2,0,0,1,1,2,1,4,0,4,1,4,0
8939,0,3,1,0,0,2,0,3,2,1,4,4,4,4,4,1,1,4
8940,3,1,1,0,4,2,0,0,4,2,4,2,2,4,4,4,4,3
8941,0,1,1,0,0,3,0,1,2,4,3,1,4,4,4,0,3,0
8942,4,2,3,1,0,3,1,2,1,4,2,2,1,4,1,1,4,2
8943,4,1,2,4,0,3,0,0,1,4,0,4,4,1,3,4,0,3
8944,0,2,4,0,0,0,0,4,1,2,1,1,1,4,2,0,4,0
8945,4,2,3,1,0,3,0,0,4,1,1,3,3,1,3,2,1,1
8946,0,2,3,0,2,4,4,4,4,3,3,3,1,3,1,0,3,3
8947,0,4,2,1,4,1,1,4,3,3,3,2,2,4,3,4,2,4
8948,2,1,0,0,0,2,0,0,4,1,0,2,1,0,1,1,0,3
8949,0,0,4,0,0,2,0,3,0,3,4,4,0,3,4,0,4,0
8950,1,2,4,1,0,4,4,1,1,4,4,2,2,3,1,0,2,0
8951,4,4,2,0,0,3,0,2,3,1,4,3,3,2,4,4,1,1
8952,3,3,1,0,0,4,1,1,1,4,3,3,1,3,2,0,1,0
8953,4,2,4,1,0,4,1,0,2,2,1,4,2,0,3,4,0,4
8954,0,0,0,0,3,1,0,0,3,1,3,3,0,0,1,0,4,0
8955,1,3,1,0,0,3,0,0,3,4,4,4,4,0,2,4,0,0
8956,0,4,0,4,0,4,0,0,1,3,0,4,4,0,3,3,0,0
8957,3,4,4,1,2,1,1,1,3,3,4,4,1,2,2,2,3,2
8958,0,2,0,0,4,1,0,1,0,1,1,1,0,1,0,0,2,1
8959,4,4,3,0,0,2,4,0,1,3,4,3,4,3,3,4,4,4
8960,0,3,1,0,0,1,0,0,2,1,1,1,1,1,1,0,1,4
8961,0,2,0,0,0,0,0,3,4,3,1,2,0,3,4,0,1,4
8962,0,1,0,0,1,4,0,3,3,4,4,4,0,4,4,4,2,0
8963,3,4,1,1,0,4,1,1,3,4,1,1,2,2,2,1,4,1
8964,1,1,3,0,0,1,0,0,1,3,0,1,1,0,2,2,0,0
8965,4,1,3,4,3,3,4,0,4,2,4,3,1,4,4,1,1,1
8966,3,1,2,4,0,1,1,1,1,1,1,4,2,1,1,0,3,0
8967,3,4,3,0,0,1,0,0,4,3,4,1,1,4,1,1,4,0
8968,4,2,4,0,0,2,4,0,0,3,0,3,3,4,4,0,4,4
8969,0,1,0,0,4,0,0,0,4,4,2,1,1,1,0,0,4,0
8970,1,2,1,1,0,2,4,4,4,2,4,3,4,4,4,4,3,4
8971,2,3,0,0,4,4,4,0,3,3,4,1,1,4,1,4,0,0
8972,1,2,3,4,0,4,0,0,2,3,0,4,4,0,4,1,0,1
8973,0,4,0,0,4,2,1,2,4,3,1,2,0,3,4,0,2,0
8974,0,1,4,0,4,1,4,1,4,3,2,1,0,1,0,0,3,0
8975,0,3,4,0,1,1,1,1,1,3,2,3,0,1,0,0,2,1
8976,0,1,4,0,1,1,0,0,1,3,1,1,1,1,4,0,1,4
8977,1,2,1,1,1,3,0,1,1,3,1,1,3,2,1,0,1,0
8978,0,3,1,1,4,2,0,0,2,4,4,3,1,0,3,1,4,1
8979,0,2,4,0,0,0,0,4,1,3,3,3,0,4,1,0,3,0
8980,4,1,2,0,0,3,3,1,3,4,4,2,2,1,2,1,1,0
8981,0,4,0,0,0,4,0,0,4,2,0,3,2,1,4,0,0,0
8982,4,2,4,0,4,1,1,3,2,3,2,2,1,1,3,0,3,0
8983,0,2,2,0,0,1,0,4,4,1,1,1,3,0,4,1,0,4
8984,4,1,0,0,1,2,0,0,2,1,0,4,2,0,2,1,0,1
8985,3,4,3,1,0,3,0,0,3,3,4,4,2,4,1,3,3,2
8986,0,1,1,0,2,2,1,4,1,3,2,2,0,3,2,0,2,0
8987,0,0,0,0,4,0,0,3,4,1,1,3,4,2,4,1,4,0
8988,4,4,2,0,2,3,3,3,3,2,3,4,1,3,4,0,2,0
8989,0,1,0,0,1,1,0,0,0,4,1,1,0,2,0,0,1,1
8990,0,3,0,0,0,3,0,4,4,3,0,3,3,0,3,4,0,1
8991,0,3,1,0,4,0,0,0,2,2,1,3,2,1,1,0,4,1
8992,0,3,0,0,4,1,0,0,0,2,3,3,0,0,1,0,4,0
8993,1,1,2,1,0,2,0,0,2,4,0,3,1,1,3,1,0,4
8994,0,3,1,0,0,1,0,0,4,1,0,2,1,0,1,0,0,0
8995,0,3,1,0,0,1,0,1,4,1,1,3,3,2,4,0,2,0
8996,1,2,0,0,4,1,0,1,2,4,4,1,1,4,0,1,4,1
8997,4,4,0,1,0,1,0,0,3,1,0,3,2,0,3,3,0,3
8998,1,3,0,0,4,1,0,0,0,3,3,3,4,0,1,4,0,1
8999,0,2,0,0,4,4,0,0,1,2,3,4,1,0,1,0,3,0
9000,4,1,1,0,0,3,2,0,4,4,2,3,1,1,2,0,0,0
9001,2,1,0,4,0,4,0,1,2,3,0,2,2,0,4,4,0,3
9002,1,2,3,4,0,1,1,1,2,3,0,3,1,0,1,4,0,1
9003,0,0,0,0,2,1,0,1,4,3,2,3,0,1,0,0,4,1
9004,0,1,4,0,3,1,2,4,1,2,4,4,0,4,3,0,2,4
9005,3,3,3,0,0,2,0,0,0,2,2,2,3,0,1,4,4,2
9006,1,2,1,0,1,0,0,3,1,2,1,3,1,2,1,0,3,1
9007,0,4,0,0,4,0,2,2,4,3,4,4,4,4,1,0,3,4
9008,3,4,4,0,0,1,4,3,2,3,4,3,1,1,2,3,1,2
9009,1,3,4,0,0,4,2,1,2,1,0,2,1,1,1,4,0,4
9010,1,4,2,0,0,3,1,4,3,3,4,2,2,1,2,2,0,1
9011,0,4,4,0,0,1,0,0,3,1,1,4,2,0,2,0,2,1
9012,0,2,0,0,0,4,0,4,4,1,0,3,4,0,3,4,0,4
9013,0,4,0,0,4,0,0,0,0,3,3,4,0,4,0,0,2,0
9014,4,3,0,0,4,1,3,1,1,2,2,3,0,2,1,1,3,0
9015,0,3,4,0,1,0,0,4,3,2,3,2,0,4,3,0,2,0
9016,1,2,0,0,0,4,0,0,3,3,4,1,4,0,1,0,4,0
9017,4,2,4,0,0,2,3,3,3,1,2,3,3,2,3,0,2,1
9018,0,1,0,0,4,4,4,2,1,2,2,3,1,4,1,0,2,0
9019,4,3,2,4,0,1,0,1,2,3,1,1,1,0,4,1,1,0
9020,0,2,0,0,0,0,0,0,0,3,1,3,0,0,0,0,4,0
9021,0,2,0,0,3,0,0,0,0,1,1,1,0,1,0,0,2,0
9022,0,4,4,0,0,3,0,0,4,4,4,3,4,0,1,1,4,0
9023,0,1,0,0,1,0,1,1,1,1,1,1,4,1,4,0,1,0
9024,0,2,1,0,0,1,0,0,2,3,1,3,3,4,2,0,0,0
9025,0,1,0,0,0,0,0,0,1,2,1,2,4,4,4,4,0,0
9026,0,0,0,0,1,0,0,0,0,3,3,2,0,1,0,0,2,0
9027,1,4,0,0,0,1,0,0,4,3,1,2,1,0,1,4,0,4
9028,1,4,0,0,0,1,2,4,1,2,3,2,2,2,1,3,3,4
9029,4,1,4,0,4,1,0,0,1,4,4,3,4,1,4,4,0,0
9030,2,1,4,0,4,3,2,1,3,1,4,2,4,1,1,3,4,1
9031,4,4,2,2,0,2,0,4,2,2,0,1,1,4,2,3,0,2
9032,0,2,1,0,2,4,0,4,4,3,1,2,0,4,0,0,2,0
9033,0,1,2,1,1,2,4,1,3,4,1,2,3,1,3,3,4,1
9035,1,3,4,0,0,1,0,4,3,4,4,3,2,2,3,2,4,0
9036,2,3,4,1,0,1,0,0,3,1,4,1,4,0,3,1,0,0
9037,0,0,4,0,0,4,0,1,4,1,4,3,0,1,4,0,2,0
9038,0,1,0,0,1,1,2,2,2,4,3,3,3,2,4,0,2,1
9039,1,2,3,0,0,1,1,3,3,3,3,3,1,1,3,4,3,1
9040,0,1,1,0,3,2,0,4,3,3,2,3,1,4,1,0,3,0
9041,4,3,0,3,0,4,0,0,2,3,0,4,1,0,1,2,0,1
9042,1,3,1,0,2,1,0,0,0,1,3,3,0,1,4,0,4,0
9043,4,2,3,0,1,4,0,1,2,2,3,1,1,1,4,1,1,2
9044,0,1,0,1,0,3,0,0,1,4,4,3,2,0,1,1,4,1
9045,0,2,3,0,2,4,0,2,2,1,3,4,4,4,4,0,2,0
9046,0,1,0,0,0,1,4,2,4,3,4,3,0,1,1,0,4,0
9047,0,1,0,0,2,4,0,4,2,3,2,2,0,1,4,0,3,0
9048,1,4,4,4,0,0,0,0,4,4,4,4,3,4,4,4,4,4
9049,3,3,4,0,4,3,3,4,3,2,4,4,1,1,1,1,4,4
9050,0,4,0,0,2,0,0,0,0,3,4,4,0,4,0,0,0,0
9051,4,0,1,4,0,4,0,0,1,3,1,1,4,0,4,1,0,4
9052,4,1,2,4,4,4,3,4,1,4,1,3,4,4,4,1,2,1
9053,0,3,0,0,2,0,0,1,1,4,2,3,0,1,0,0,1,0
9054,0,3,4,0,0,1,0,1,2,4,1,3,4,4,2,0,0,0
9055,0,4,2,0,0,0,0,0,3,3,0,4,4,0,4,0,0,0
9056,0,2,4,0,0,4,0,4,4,4,2,4,1,4,2,4,1,4
9058,2,4,3,0,0,3,0,4,2,2,4,3,2,2,1,4,4,0
9059,0,2,1,0,0,3,4,0,4,3,4,4,2,0,2,0,0,1
9060,1,2,1,0,1,1,0,1,1,4,2,3,0,1,1,0,3,0
9061,2,3,3,1,0,3,0,0,2,1,0,1,1,0,1,3,0,2
9062,0,1,0,0,0,0,0,0,2,3,0,4,3,0,4,0,0,4
9063,0,2,4,0,3,1,3,3,4,3,2,2,0,2,4,0,2,0
9064,0,0,0,0,0,4,0,3,4,3,3,3,0,1,0,0,4,0
9065,0,1,0,0,0,0,0,2,4,1,2,2,0,4,4,0,2,0
9066,0,3,1,0,2,1,1,2,3,1,4,4,0,1,3,0,3,0
9067,0,1,1,1,0,1,4,3,2,3,1,2,2,4,3,4,4,1
9068,0,1,1,0,4,4,1,1,1,1,1,2,4,1,1,0,3,0
9069,1,1,2,0,0,4,0,1,3,3,4,3,3,4,3,3,2,3
9070,3,3,0,0,0,1,0,1,2,2,4,3,2,1,1,2,2,0
9071,0,2,1,0,1,4,0,1,0,2,1,2,1,4,4,0,1,3
9072,0,3,2,0,4,0,0,3,0,4,4,3,0,2,1,0,2,0
9073,0,3,0,0,1,4,4,1,4,4,2,2,0,2,1,0,4,0
9074,0,4,3,0,1,4,0,0,0,1,1,2,2,1,4,0,0,0
9075,3,1,4,0,0,3,0,4,2,4,0,4,4,1,4,2,4,2
9076,0,3,4,0,0,1,1,1,2,2,2,4,1,1,2,1,1,0
9077,3,1,1,3,0,1,0,1,2,4,1,1,2,1,2,4,0,0
9078,0,1,1,0,1,0,0,0,1,2,1,1,2,1,4,0,0,0
9079,0,3,4,0,3,4,1,2,3,4,2,1,0,3,4,0,3,0
9080,1,4,2,0,4,0,3,2,4,2,1,2,0,2,4,4,1,0
9081,3,4,1,2,0,4,1,4,4,4,1,4,4,0,4,4,0,4
9082,0,1,4,0,4,1,4,4,3,1,2,3,2,3,1,1,4,1
9083,1,2,2,3,1,2,0,4,3,4,1,4,2,4,2,2,4,0
9084,0,1,0,0,3,0,0,0,0,4,2,3,0,4,0,0,2,0
9085,1,1,1,0,0,0,1,0,4,1,1,2,2,0,4,4,1,0
9086,3,2,1,0,0,0,0,0,1,3,4,3,1,0,2,0,0,1
9087,0,3,1,0,2,4,1,3,2,4,1,2,3,2,4,4,1,0
9088,3,3,4,0,3,4,4,1,3,4,3,3,4,2,2,0,3,0
9089,0,0,0,0,0,0,0,0,0,4,3,3,0,4,1,0,4,0
9090,1,1,1,0,0,1,0,2,1,1,3,3,2,0,3,3,1,4
9091,0,3,1,0,1,3,0,3,3,3,3,3,4,4,1,4,1,0
9092,1,2,1,0,1,1,0,0,1,3,3,3,2,1,2,2,4,1
9093,0,2,0,0,0,0,1,3,0,0,1,2,0,4,4,0,4,0
9094,1,3,1,0,4,3,4,4,3,4,4,3,2,0,4,4,0,0
9095,0,2,1,3,0,1,0,0,1,2,4,1,4,1,1,0,0,0
9096,0,1,2,0,0,3,0,4,3,2,4,4,4,4,2,1,4,1
9097,0,2,3,4,0,2,1,1,3,4,4,3,1,4,3,4,3,3
9098,2,1,1,0,1,1,0,0,1,3,1,3,4,1,2,0,0,0
9099,1,2,0,4,1,2,3,4,2,3,3,3,3,4,1,4,4,3
9100,0,4,0,0,1,0,0,0,4,1,3,4,0,4,4,0,4,0
9101,0,3,4,0,0,4,2,4,3,3,2,3,2,3,4,1,1,1
9102,0,4,1,0,3,0,0,0,0,2,3,3,0,3,0,0,2,0
9103,3,3,0,0,0,1,0,2,3,3,3,3,1,1,2,1,1,2
9104,0,1,0,0,0,0,0,1,0,3,1,2,0,4,1,0,1,0
9105,0,1,1,0,0,4,0,0,4,2,3,3,4,0,2,1,4,1
9106,0,1,0,0,4,0,0,1,3,3,1,3,0,4,0,0,1,0
9107,1,2,2,2,0,2,1,0,3,3,3,3,3,1,3,2,4,2
9108,0,3,1,0,0,0,1,1,1,1,1,1,0,1,0,0,1,0
9109,0,3,1,0,4,4,4,3,2,3,2,3,2,2,1,0,4,0
9110,1,4,0,0,1,2,0,0,3,2,1,3,3,1,1,2,0,0
9111,0,4,4,0,4,3,0,1,4,2,4,4,4,3,4,0,3,0
9112,0,2,0,0,4,1,0,2,4,2,3,3,0,1,0,0,3,0
9113,4,3,0,0,0,2,0,0,0,3,3,3,1,0,2,4,0,1
9114,0,1,0,0,1,0,0,2,3,3,4,3,4,1,3,0,1,0
9115,1,1,0,0,0,1,0,0,4,4,2,1,0,1,1,0,0,0
9116,3,3,4,4,0,2,0,0,2,3,4,2,3,0,2,1,0,0
9117,2,3,4,1,0,0,0,0,3,3,0,2,3,1,1,3,0,0
9118,0,4,0,0,2,0,4,4,4,4,3,4,0,4,4,0,3,0
9119,4,1,3,4,0,1,0,2,2,2,3,2,4,4,4,0,4,0
9120,1,1,0,0,0,1,0,4,4,3,2,2,0,3,1,0,2,0
9121,3,1,2,0,1,1,0,0,3,1,1,1,1,4,2,0,0,4
9122,0,1,3,1,0,2,4,0,3,1,1,1,2,4,2,2,1,3
9123,2,4,0,0,0,4,1,4,2,1,1,1,1,0,2,4,0,1
9124,0,4,0,0,0,0,0,0,0,3,1,4,0,0,0,0,4,0
9125,2,0,3,2,0,3,0,0,3,1,0,1,3,0,4,1,0,0
9126,0,1,0,0,0,0,0,4,0,2,2,3,0,3,4,0,1,0
9127,4,2,1,1,4,2,2,3,3,1,3,3,3,4,4,1,4,1
9128,0,3,1,0,0,4,0,0,1,1,0,2,2,0,4,4,0,1
9129,0,3,3,0,1,1,0,0,1,2,1,2,3,4,4,0,0,0
9130,0,1,0,0,1,1,0,0,4,2,4,3,0,0,4,0,1,0
9131,0,4,0,0,1,1,3,3,3,3,2,1,0,4,0,0,3,0
9132,0,2,4,0,0,1,0,0,3,2,1,1,4,0,1,0,0,1
9133,0,3,0,0,2,0,0,4,1,2,3,2,0,0,0,0,1,0
9134,2,2,3,0,0,2,0,1,2,2,4,2,1,0,4,1,0,4
9135,0,4,3,0,4,4,0,2,2,3,4,3,1,3,4,0,3,0
9136,0,4,1,0,1,1,0,0,1,3,2,2,1,4,3,3,1,1
9137,0,2,3,0,1,0,0,0,0,4,2,3,4,3,1,0,4,1
9138,0,3,4,0,0,0,0,0,2,4,0,4,4,0,2,0,0,0
9140,0,4,4,0,0,1,2,1,3,1,3,3,3,3,4,0,4,0
9141,0,3,0,0,2,4,0,2,2,3,1,2,4,2,4,0,2,0
9142,0,4,2,0,4,3,0,1,3,4,3,3,2,2,2,4,2,4
9143,0,3,0,0,1,4,1,1,3,2,1,1,4,2,4,0,3,0
9144,0,4,4,0,4,1,2,3,2,2,2,2,4,1,0,0,2,0
9145,0,3,0,0,3,0,4,1,1,4,3,3,0,1,0,0,1,0
9146,0,2,4,0,0,0,0,1,1,2,3,2,0,4,1,0,3,0
9147,0,4,0,0,0,0,0,0,0,3,3,1,0,1,0,0,0,0
9148,0,1,1,0,0,1,0,0,4,1,4,3,1,0,1,0,0,0
9149,1,4,2,0,0,4,0,0,0,2,0,3,3,0,4,3,0,3
9150,0,2,0,0,0,4,0,0,4,3,0,1,4,0,3,2,0,4
9151,3,1,3,4,0,3,1,3,2,3,1,1,3,2,3,3,4,4
9152,1,4,0,0,4,2,2,3,2,2,3,2,3,3,1,4,3,1
9153,1,3,0,0,4,4,4,3,3,2,4,3,1,4,1,2,3,0
9154,0,1,1,0,0,0,0,1,4,3,1,2,1,1,3,0,4,0
9155,0,2,2,0,0,4,0,1,4,3,3,3,1,1,1,4,2,0
9156,1,1,4,4,1,1,0,0,2,3,4,1,4,0,1,3,4,0
9157,0,3,0,0,4,0,4,4,4,3,1,4,1,3,1,4,1,4
9158,4,2,3,0,4,4,0,0,2,4,4,4,4,0,4,4,0,1
9159,2,4,1,0,0,1,4,0,1,2,4,3,2,4,2,4,4,2
9160,0,3,4,0,0,4,0,0,1,2,4,2,4,0,4,0,4,0
9161,1,1,0,0,4,4,0,0,4,1,3,2,0,3,4,0,1,0
9162,0,3,1,0,4,0,0,0,0,4,3,2,0,4,0,0,4,4
9163,4,2,4,1,0,3,3,3,2,4,3,3,1,2,3,2,3,4
9164,1,3,3,0,0,3,4,3,3,1,4,4,4,4,1,2,4,1
9165,0,2,0,0,0,0,0,0,1,2,2,3,0,4,0,0,4,0
9166,0,4,4,0,0,4,0,4,2,1,4,1,4,0,1,3,0,3
9167,0,3,0,0,3,0,0,0,0,2,3,4,0,1,0,0,2,0
9168,1,2,0,0,1,4,0,3,3,4,4,3,0,4,1,0,4,0
9169,0,4,0,0,0,0,0,1,1,3,4,4,4,4,2,0,4,0
9170,2,3,0,0,0,4,4,0,4,2,2,2,4,3,4,0,4,1
9171,1,1,0,0,0,4,1,1,4,1,4,1,1,0,1,0,0,0
9172,0,4,1,0,0,3,0,0,3,1,3,1,1,0,1,4,1,0
9173,1,4,4,0,4,3,1,2,3,3,3,2,2,3,4,1,4,4
9174,0,3,4,0,3,1,4,4,2,1,2,4,4,1,4,0,3,4
9175,0,1,2,3,0,3,4,1,3,2,1,1,2,1,1,1,4,3
9176,0,1,1,0,1,0,2,4,1,4,4,2,0,3,4,0,3,0
9177,0,1,0,0,2,1,2,2,1,3,4,3,0,2,4,0,2,4
9178,0,1,0,0,0,0,0,4,4,3,1,2,0,3,0,0,3,0
9179,0,2,4,0,0,2,0,0,2,2,0,3,1,0,2,0,0,0
9180,0,4,3,0,0,3,1,4,2,3,4,4,3,4,3,4,0,1
9181,1,2,4,2,0,4,0,0,3,4,4,4,3,1,2,3,0,0
9182,3,1,4,0,0,4,1,3,2,3,1,2,1,3,4,4,4,0
9183,0,2,0,0,3,4,1,3,3,3,2,2,0,1,0,0,3,0
9184,0,2,1,0,0,1,0,0,4,1,0,1,1,0,1,1,0,0
9185,1,4,1,4,0,2,0,0,2,3,2,4,3,0,3,4,0,0
9186,3,1,0,0,0,2,0,0,3,4,0,3,1,0,1,0,0,2
9187,4,1,0,0,0,0,0,1,4,2,1,3,0,2,4,0,4,0
9188,0,4,0,0,3,0,1,2,3,3,4,2,4,4,1,0,2,0
9189,0,3,0,0,1,1,0,4,4,2,2,2,0,4,0,0,4,0
9190,4,1,1,0,1,4,0,4,2,3,1,2,1,4,4,3,3,1
9191,4,2,0,4,3,4,0,3,4,1,4,3,0,4,2,4,3,0
9192,3,1,0,0,0,3,0,4,1,1,4,2,1,4,3,2,3,4
9193,1,1,0,0,2,1,2,0,2,2,3,2,0,3,1,0,2,0
9194,0,2,0,0,0,0,0,2,1,4,4,1,4,4,1,1,1,4
9195,0,3,0,0,0,4,1,4,4,3,4,4,4,4,4,0,3,0
9196,0,1,1,0,1,0,4,3,1,3,2,3,0,4,1,0,1,0
9197,4,3,4,0,0,3,0,0,4,4,0,3,2,0,3,3,0,4
9198,0,3,0,0,4,1,0,0,0,2,2,3,0,1,0,0,0,0
9199,2,1,1,3,0,1,0,1,4,4,1,4,1,0,3,1,0,0
9200,0,3,1,4,4,1,0,1,0,1,3,3,1,3,4,1,4,1
9201,0,1,2,3,0,1,0,0,3,2,1,1,3,0,1,0,1,0
9202,0,4,0,0,4,4,2,2,3,2,2,3,0,1,4,0,4,0
9203,0,3,0,4,1,4,0,2,3,2,4,4,0,1,4,0,1,0
9204,0,2,0,0,0,0,0,3,3,2,4,2,0,3,0,0,3,0
9205,1,2,1,3,4,1,3,4,3,2,1,3,3,1,1,4,4,0
9206,0,1,4,1,1,3,0,3,4,0,3,3,2,2,3,0,4,3
9207,1,4,1,1,0,1,0,0,4,3,1,2,3,4,4,1,1,0
9208,0,4,0,0,0,4,4,4,4,3,3,3,0,4,0,0,2,0
9209,1,4,4,0,1,2,4,4,1,2,4,4,4,2,1,2,4,1
9210,3,1,1,4,4,3,0,0,1,2,3,4,1,3,1,3,4,4
9211,0,1,1,4,0,1,4,1,4,2,1,2,0,4,4,3,1,1
9212,0,2,4,0,1,3,2,1,3,1,1,1,3,2,4,1,1,1
9213,2,4,3,0,1,2,2,2,3,1,4,3,2,4,4,1,2,1
9214,1,1,1,0,0,2,4,1,1,2,2,1,3,1,2,2,2,4
9215,3,4,1,2,4,3,0,4,4,4,4,4,1,4,4,1,4,2
9216,0,4,0,0,1,4,2,3,4,1,1,2,0,3,0,0,2,0
9217,0,1,0,0,4,0,0,1,4,2,3,3,0,1,4,0,4,0
9218,0,2,4,0,1,4,0,2,1,1,4,4,4,4,3,0,3,4
9219,0,2,0,0,4,0,0,0,0,4,4,3,0,3,0,0,3,0
9220,4,1,1,0,3,3,0,0,4,3,4,2,3,0,1,1,1,4
9221,0,3,2,0,0,3,0,4,3,1,1,1,1,4,2,1,1,0
9222,4,0,1,3,0,1,0,0,3,3,1,4,3,0,2,1,0,3
9223,1,3,2,4,0,2,0,0,1,3,4,1,2,4,3,1,0,2
9224,0,3,4,0,0,0,0,0,0,0,1,2,0,2,1,0,0,0
9225,1,1,3,3,1,1,0,1,4,4,1,2,1,0,3,1,1,2
9226,2,3,0,1,0,2,0,0,2,3,4,2,3,0,3,1,4,1
9227,1,4,2,0,2,2,1,4,1,4,4,3,4,4,4,0,3,4
9228,0,4,0,0,0,0,0,0,2,3,0,2,3,0,4,3,0,0
9229,0,3,3,4,0,1,0,0,2,3,2,2,2,1,2,2,4,0
9230,0,2,0,0,4,0,0,0,4,1,3,3,0,1,4,0,1,0
9231,0,2,3,0,1,1,1,1,2,2,1,2,3,3,2,2,3,1
9232,1,1,1,4,0,1,0,0,1,4,0,3,0,0,1,3,0,1
9233,3,1,2,0,4,0,4,4,3,2,1,1,4,4,3,1,4,3
9234,0,0,0,1,0,1,0,0,3,4,0,2,4,0,1,1,0,0
9235,0,1,1,0,4,0,1,3,1,2,2,2,0,2,0,0,1,1
9236,4,4,0,0,0,2,0,0,1,3,1,2,1,0,2,4,0,4
9237,4,3,1,0,4,4,1,3,2,2,2,3,0,2,3,0,4,0
9238,0,1,3,0,0,3,4,4,3,4,4,1,4,0,1,4,4,0
9239,3,1,1,0,1,2,0,0,3,3,3,2,4,0,4,0,0,1
9240,0,2,3,0,0,3,2,0,1,3,4,2,4,4,3,0,4,1
9241,4,4,0,0,0,4,4,2,4,3,3,3,1,4,4,0,3,0
9242,4,1,2,3,0,3,0,0,1,3,1,2,1,0,3,1,4,1
9243,4,2,3,1,0,2,0,4,2,2,4,2,3,1,2,1,4,1
9244,0,2,0,0,3,0,0,0,0,2,3,2,0,2,0,0,3,0
9245,4,1,1,3,3,2,4,4,2,4,1,3,4,4,2,4,0,3
9246,0,2,4,0,0,4,0,4,4,3,4,2,3,4,4,4,0,4
9247,1,2,1,0,0,1,0,0,1,1,0,2,2,0,1,1,0,3
9248,0,1,1,0,4,1,0,2,3,2,3,4,0,2,4,0,3,0
9249,0,2,0,0,1,3,2,3,2,2,1,1,0,4,1,0,1,0
9250,0,4,0,0,0,0,2,1,1,3,1,2,0,1,1,0,1,0
9251,0,1,2,0,1,1,0,2,3,1,1,1,1,2,4,0,3,0
9252,0,1,4,0,1,0,0,4,0,2,2,3,3,2,3,1,3,2
9253,2,0,2,0,0,4,0,0,2,0,0,2,1,0,4,2,0,3
9254,0,1,0,0,4,1,4,3,1,1,3,1,0,3,1,0,3,1
9255,0,1,2,0,0,2,4,0,2,1,1,2,2,4,4,1,2,2
9256,0,1,1,0,4,4,0,2,2,3,4,2,4,2,4,0,3,0
9257,1,3,4,4,2,4,0,1,2,2,1,2,3,0,4,1,4,3
9258,3,1,2,3,0,3,0,0,0,2,3,1,1,1,3,0,0,0
9259,1,1,2,0,0,3,0,0,1,3,0,3,2,0,4,4,0,4
9260,0,1,0,0,2,0,0,4,4,3,4,2,0,2,0,0,3,2
9261,4,1,4,0,0,0,0,0,4,3,4,2,4,0,2,1,0,4
9262,4,2,3,0,1,2,0,2,2,2,2,4,4,4,4,0,3,3
9263,0,3,0,0,1,0,1,4,4,3,3,4,0,2,0,0,3,0
9264,0,0,0,0,0,1,1,1,4,4,4,3,4,2,1,0,1,0
9265,1,4,3,0,0,1,2,4,3,2,1,1,1,1,4,1,1,0
9266,0,3,0,0,1,1,3,0,1,3,4,4,0,2,1,0,1,0
9267,1,2,4,4,0,1,4,3,4,3,1,2,4,2,2,1,1,4
9268,0,4,0,0,4,1,3,4,3,4,3,2,0,3,0,0,3,0
9269,0,3,3,1,4,1,4,3,4,2,1,2,1,4,4,0,3,0
9270,0,1,0,0,0,3,0,4,2,2,1,2,1,1,2,3,1,0
9271,0,3,1,0,4,0,0,1,1,2,1,1,0,1,0,0,1,0
9272,0,2,4,0,4,0,0,4,4,3,4,1,0,4,4,0,2,4
9273,3,3,1,0,0,1,0,0,2,2,1,2,2,0,4,2,0,0
9274,0,1,3,1,1,3,0,4,3,1,1,3,4,1,3,1,1,0
9275,4,4,1,3,0,1,0,0,2,1,4,4,4,0,2,1,0,1
9276,4,2,1,1,0,3,4,0,3,3,4,3,3,4,4,3,4,4
9277,0,4,3,0,0,2,0,1,2,3,1,4,3,0,4,4,0,1
9278,0,2,0,1,1,4,0,2,4,3,3,3,0,1,2,0,3,0
9279,1,1,1,0,0,0,0,0,0,1,1,4,0,1,1,1,0,0
9280,2,1,1,0,0,1,4,0,4,3,1,4,4,0,3,1,0,4
9281,0,4,0,0,2,0,0,4,0,3,3,3,0,4,1,0,2,0
9282,0,3,0,0,1,4,1,4,3,1,3,3,0,2,4,0,2,1
9283,0,3,0,0,1,0,0,0,0,1,2,3,0,4,4,0,2,0
9284,1,1,3,0,0,3,2,2,1,2,4,3,3,1,2,1,0,1
9285,4,3,2,4,0,2,0,0,4,1,3,3,4,2,1,0,3,0
9286,0,4,1,0,0,0,4,4,2,2,1,2,1,4,4,0,2,0
9287,0,2,2,1,4,3,0,0,2,3,1,4,4,0,2,4,4,3
9288,0,1,2,0,3,3,2,1,1,3,3,3,0,2,1,0,2,1
9289,0,0,0,0,1,0,4,4,4,2,4,3,0,1,0,0,3,0
9290,4,3,4,4,4,2,0,0,2,3,4,3,4,4,2,1,4,3
9291,0,4,0,0,3,0,0,0,0,4,4,1,0,0,0,0,1,0
9292,0,1,0,0,0,0,0,0,0,2,1,4,3,3,1,0,0,0
9293,0,3,0,0,3,0,1,1,2,2,1,1,1,1,4,0,3,0
9294,0,4,4,0,0,4,3,3,3,3,4,4,4,2,1,4,4,4
9295,0,2,0,0,0,0,4,3,3,3,1,2,0,4,0,0,1,0
9296,4,3,4,0,0,3,4,2,3,3,4,2,4,0,4,1,3,1
9297,2,2,4,0,0,4,0,0,1,4,4,4,4,0,4,4,0,4
9298,0,1,0,0,4,1,4,2,2,4,2,3,1,4,1,0,1,0
9299,0,3,1,0,0,4,4,0,2,3,1,2,2,1,1,4,2,2
9300,4,3,1,0,0,0,0,0,1,3,0,3,0,0,2,0,0,0
9301,0,1,1,0,1,0,2,3,3,1,4,1,1,1,4,4,2,1
9302,0,1,1,1,0,1,1,3,2,1,1,1,2,1,4,4,1,1
9303,0,2,1,0,2,1,0,1,1,3,3,2,1,1,1,0,3,1
9304,0,1,0,0,0,1,0,1,2,1,1,1,4,0,1,0,0,0
9305,0,2,0,0,0,0,4,4,4,3,3,3,0,4,0,0,3,0
9306,1,3,0,0,1,3,1,3,2,1,4,2,1,3,4,4,2,4
9307,0,1,4,0,4,4,0,4,3,1,1,4,4,4,3,0,4,4
9308,4,1,4,4,1,2,0,4,4,3,1,1,3,3,2,4,3,4
9309,0,4,0,0,1,4,2,2,4,3,4,4,0,4,0,0,2,0
9310,0,4,4,0,4,4,4,2,3,2,2,1,0,2,0,0,1,0
9311,4,1,1,0,1,0,0,0,0,3,1,2,1,0,4,0,1,0
9312,1,3,2,0,0,2,0,0,2,1,0,1,3,0,2,1,0,1
9313,1,1,4,0,0,0,0,0,1,1,4,4,1,4,1,0,4,0
9314,0,2,0,0,0,1,0,4,2,4,4,1,1,1,1,0,4,0
9315,0,1,2,0,0,3,1,0,3,1,1,1,1,1,4,0,0,0
9316,0,0,1,1,3,4,1,4,0,4,3,3,4,0,3,0,1,0
9317,0,4,4,0,0,0,1,1,2,2,3,2,0,3,1,0,1,0
9318,4,2,4,1,0,1,0,0,4,1,0,2,3,0,2,1,0,4
9319,0,2,1,0,0,2,1,1,4,4,0,4,2,0,3,4,0,1
9320,0,4,4,0,0,4,0,0,2,1,4,4,1,4,4,0,4,0
9321,0,4,3,0,4,3,4,1,2,4,3,2,0,2,1,0,4,0
9322,0,3,0,0,0,0,0,0,1,4,4,4,1,0,0,0,4,0
9323,0,0,4,0,3,0,0,0,0,4,3,4,0,0,0,0,2,0
9324,0,4,0,0,4,1,1,2,2,4,2,3,0,1,2,0,2,0
9325,1,1,4,0,1,2,0,1,2,4,1,1,3,0,2,2,1,4
9326,1,1,4,0,0,2,1,0,1,4,0,1,4,0,2,0,0,4
9327,0,1,4,0,0,1,4,4,3,4,1,2,3,4,1,3,2,1
9328,0,3,0,0,0,4,0,0,4,2,4,1,0,2,4,0,3,0
9329,1,2,1,0,0,3,0,0,2,4,0,4,4,0,3,0,0,1
9330,0,1,0,0,1,1,4,4,3,1,2,4,3,4,1,1,4,1
9331,0,4,1,0,2,3,0,4,1,4,4,2,0,4,1,0,3,4
9332,0,4,0,0,3,0,0,0,0,3,1,3,0,4,0,0,4,0
9333,1,2,1,0,2,0,0,0,0,4,4,3,2,1,4,1,4,0
9334,4,1,3,2,0,3,0,0,4,3,0,4,4,0,1,3,0,2
9335,0,2,4,0,2,4,4,4,4,3,4,3,2,4,4,0,4,0
9337,4,1,0,0,1,2,0,0,2,1,1,1,4,1,1,0,4,3
9339,1,4,3,0,0,1,1,0,1,1,4,3,4,3,2,4,2,4
9340,1,2,1,1,0,0,0,0,4,3,4,2,4,4,3,2,1,0
9341,4,2,1,0,0,4,4,0,4,3,4,3,2,4,4,0,4,4
9342,0,2,3,0,0,2,1,0,3,2,0,2,3,0,4,1,0,1
9343,4,0,1,1,4,3,1,4,2,4,4,2,1,0,3,2,4,2
9344,0,0,0,0,2,4,0,1,0,4,4,3,4,3,3,0,2,0
9345,4,3,4,0,4,4,4,4,2,1,3,3,4,3,1,3,2,4
9346,1,2,1,0,0,1,0,3,1,4,3,3,4,2,0,0,2,0
9347,1,4,4,3,0,3,0,0,4,1,3,3,1,0,4,2,0,0
9348,2,1,2,2,4,0,1,1,2,2,0,1,4,1,3,1,0,2
9349,0,0,1,0,0,0,0,0,0,3,3,3,3,1,1,4,1,1
9350,0,3,1,0,1,1,1,1,2,3,3,2,0,2,4,0,2,0
9351,0,3,2,0,0,3,0,4,4,2,4,3,4,4,4,1,0,2
9352,4,4,0,0,0,1,4,4,2,1,3,3,0,2,4,0,3,0
9353,0,4,4,4,0,3,0,0,2,1,4,4,3,0,3,2,4,0
9354,0,1,0,0,4,3,1,2,4,3,4,2,0,1,4,0,4,0
9355,3,3,4,0,4,2,2,3,3,4,4,2,1,1,4,3,1,4
9356,0,2,3,0,4,4,0,0,2,3,3,3,1,0,4,0,0,0
9357,0,1,4,0,4,3,0,1,1,3,1,1,2,4,3,1,4,4
9358,4,4,2,0,3,1,2,4,1,3,3,3,1,4,2,1,1,0
9359,0,2,4,0,0,2,0,0,2,4,2,2,2,1,4,3,4,0
9360,0,1,4,0,4,4,0,2,1,1,4,3,1,4,4,0,2,4
9361,4,4,3,1,0,3,0,0,4,1,1,4,1,0,2,3,0,4
9362,0,1,0,1,0,2,1,0,2,4,3,3,0,0,4,0,0,1
9363,2,4,2,1,0,2,0,0,1,3,4,1,3,0,2,4,0,0
9364,0,2,0,0,4,0,0,1,3,2,3,2,1,1,4,0,3,2
9365,1,1,4,0,3,2,0,0,1,1,3,3,0,3,2,0,0,0
9366,0,1,0,0,0,4,4,3,3,2,1,2,1,4,2,0,2,1
9367,4,2,1,4,0,1,0,0,4,4,0,4,2,0,1,2,0,0
9368,0,3,4,0,1,1,0,2,4,4,4,3,4,4,3,0,4,0
9369,2,3,2,1,0,2,0,1,1,3,2,1,4,1,2,2,1,3
9370,0,3,4,0,1,1,0,0,4,4,3,3,4,3,4,4,0,0
9371,0,1,0,0,2,1,1,2,4,1,1,2,0,1,1,0,2,1
9372,0,4,4,0,4,0,0,3,3,2,2,2,0,2,1,0,2,0
9373,0,3,4,1,0,4,0,1,2,4,1,2,4,3,4,0,1,0
9374,0,1,1,0,0,4,0,1,4,4,4,4,0,4,3,4,1,4
9375,0,4,2,0,3,3,0,1,4,4,1,3,4,3,4,1,3,1
9376,0,1,1,0,4,1,0,2,2,1,4,2,0,2,4,0,2,0
9377,0,1,0,0,3,0,0,0,0,1,2,3,0,1,0,0,1,0
9378,0,3,0,0,1,4,1,4,3,2,3,1,0,3,3,0,2,0
9379,0,2,1,0,3,2,0,0,3,0,4,3,4,0,2,4,0,1
9380,0,4,1,0,3,1,4,1,2,2,4,2,1,2,2,0,3,2
9381,0,3,2,0,1,1,4,3,3,3,4,4,1,3,4,4,3,4
9382,0,1,0,0,0,0,0,0,0,1,0,2,1,2,1,1,0,0
9383,4,3,4,0,2,0,0,2,1,4,1,2,0,4,4,0,3,1
9384,1,1,3,1,0,1,0,0,4,1,4,2,2,4,3,3,0,1
9385,0,0,0,0,0,4,0,1,0,2,3,4,0,2,1,0,4,0
9386,1,1,1,0,0,4,0,0,0,3,4,4,4,0,4,1,0,0
9387,4,4,3,4,1,1,1,1,1,4,4,4,2,2,2,4,1,3
9388,1,2,3,0,0,2,0,4,2,4,4,4,2,4,2,4,4,1
9389,0,4,3,0,0,2,0,0,1,4,1,1,4,4,3,4,1,0
9390,0,2,1,0,0,4,0,0,2,1,3,2,1,0,4,4,0,2
9391,0,3,0,0,0,4,0,0,0,4,4,3,0,0,4,0,0,0
9392,4,3,0,0,0,4,4,4,4,4,4,4,0,0,4,0,4,0
9393,0,4,0,0,4,0,0,0,1,3,4,3,1,3,4,0,3,4
9394,0,4,0,4,0,1,0,0,0,1,4,1,1,0,4,0,0,4
9395,4,3,0,0,0,0,2,0,0,1,4,4,4,1,3,1,0,2
9396,1,4,1,0,0,3,0,0,3,4,4,3,3,1,3,1,4,4
9397,3,2,1,0,0,4,4,2,4,3,3,2,1,3,4,3,4,4
9398,0,0,2,0,0,1,0,0,3,4,1,4,1,1,1,2,4,0
9399,0,1,4,0,0,0,0,3,0,2,2,1,0,1,0,0,3,1
9400,0,1,0,1,1,2,0,0,1,2,4,3,4,0,3,1,1,1
9401,0,2,4,0,4,0,0,0,0,4,3,3,4,1,4,4,2,0
9402,0,1,1,4,0,4,4,2,2,3,2,2,2,1,4,1,2,2
9403,3,2,1,0,0,1,0,0,0,4,1,4,2,0,1,1,0,0
9404,0,4,0,0,1,1,0,1,1,0,0,1,0,0,0,0,0,0
9405,0,3,0,0,4,4,1,4,4,4,4,4,0,3,4,0,4,4
9406,4,3,2,0,1,3,0,2,4,4,3,1,1,3,2,4,2,4
9407,1,1,0,0,1,4,0,0,0,2,2,1,4,1,4,4,2,0
9408,3,2,3,0,0,3,0,3,2,3,4,3,1,1,4,3,1,4
9409,0,1,3,0,0,0,0,0,0,4,4,3,3,0,2,0,0,0
9410,0,4,0,0,4,0,0,1,0,3,3,2,0,1,1,0,3,4
9411,0,4,2,0,0,4,0,0,4,4,0,2,4,0,3,0,0,0
9412,0,1,4,0,0,4,0,4,4,2,4,3,1,0,1,0,0,0
9413,1,1,2,0,0,4,0,4,1,3,4,3,1,4,2,0,4,0
9414,0,4,0,1,4,0,0,0,2,2,2,3,1,1,1,0,4,0
9415,0,1,4,0,0,2,1,0,0,1,0,4,4,0,3,0,0,0
9416,0,1,3,0,4,4,0,0,3,1,4,3,0,4,2,0,2,0
9417,0,3,0,4,0,4,0,0,4,4,0,4,3,0,4,0,0,0
9418,0,3,4,1,1,1,0,0,4,2,4,2,1,4,4,2,4,4
9419,4,3,4,1,3,1,0,0,2,2,2,2,2,3,3,3,4,4
9420,1,2,4,3,0,3,0,0,0,1,0,2,1,0,2,1,0,4
9421,1,1,1,0,0,2,1,1,4,2,4,1,1,0,1,2,0,4
9422,0,2,0,0,3,0,0,0,0,3,3,3,0,4,0,0,3,0
9423,4,1,0,0,0,1,0,0,4,2,2,3,1,1,4,0,1,0
9424,0,3,1,0,0,4,4,4,4,3,2,3,2,1,2,4,3,0
9425,2,4,1,1,0,1,0,0,1,2,0,4,1,0,1,1,0,1
9426,0,4,0,0,3,0,1,1,3,1,2,2,0,1,2,0,2,4
9427,0,1,3,0,1,4,4,1,3,3,2,1,4,1,2,0,0,0
9428,0,4,4,1,0,4,0,4,2,4,3,4,4,4,3,2,3,4
9429,0,1,0,0,4,0,0,0,0,4,4,4,1,4,1,0,1,0
9430,4,3,0,1,0,1,4,4,1,3,4,3,1,2,1,2,2,3
9431,0,2,3,0,0,2,4,1,4,3,4,4,1,2,3,3,0,0
9432,2,2,3,1,0,3,0,0,4,4,4,4,2,1,3,1,1,1
9433,1,3,2,1,0,2,0,0,1,2,2,4,1,4,2,1,4,1
9434,0,3,4,0,3,4,1,1,4,4,1,2,0,1,0,0,4,0
9435,1,4,1,1,0,3,0,0,2,1,4,4,1,0,1,3,4,1
9436,1,3,1,0,3,3,0,0,2,2,4,4,2,4,2,1,4,0
9437,0,1,1,0,4,1,1,4,3,2,3,2,1,4,1,0,1,0
9438,1,4,0,0,0,2,0,4,1,4,4,3,3,4,3,0,0,0
9439,4,2,4,0,0,3,0,0,0,3,3,2,1,4,3,0,2,2
9440,4,1,3,2,0,3,0,0,4,4,4,3,1,1,2,4,1,0
9441,1,1,1,0,1,3,3,1,4,4,1,1,1,3,1,0,4,0
9442,4,4,4,0,4,1,0,2,3,1,1,3,3,0,3,0,2,0
9443,1,1,2,0,0,2,0,2,2,2,1,3,1,4,1,0,1,1
9444,0,4,1,0,0,1,0,4,1,3,1,2,3,3,1,4,4,0
9445,0,4,0,0,0,0,0,1,3,3,1,2,0,1,0,0,3,0
9446,0,1,4,0,0,1,0,3,0,1,3,2,4,3,3,0,2,0
9447,0,4,2,0,3,1,3,2,4,4,4,4,1,4,1,0,3,0
9448,4,2,1,0,0,1,0,0,0,4,1,3,2,1,2,4,4,4
9449,0,3,0,0,1,1,0,2,1,4,4,4,1,3,2,0,3,0
9450,0,4,4,0,0,3,1,2,1,1,2,1,0,4,1,0,1,1
9451,0,2,2,0,2,1,1,1,2,3,4,2,1,3,2,4,3,1
9452,1,1,3,1,0,2,3,1,2,4,4,2,2,0,1,1,0,4
9453,0,4,1,0,2,0,0,0,1,1,1,4,0,0,1,0,1,0
9454,4,4,1,0,0,2,0,0,2,3,2,2,4,0,4,4,4,3
9455,0,3,0,0,4,0,0,0,0,3,2,2,0,2,4,0,2,0
9456,0,4,1,0,0,1,3,0,3,4,4,4,0,4,0,0,4,0
9457,0,1,1,0,0,3,0,0,4,3,1,4,3,0,4,0,0,0
9458,0,3,1,0,0,0,0,0,2,3,0,2,3,0,3,0,0,0
9459,0,0,0,0,1,0,0,0,4,2,3,3,0,0,0,0,1,0
9460,1,1,1,1,0,1,0,0,4,4,0,4,1,0,2,2,0,4
9461,0,3,1,1,0,4,0,3,1,2,3,3,0,2,0,1,2,0
9462,0,4,0,0,0,0,0,3,4,4,3,3,4,1,4,0,3,0
9463,0,1,1,0,1,2,0,4,1,1,1,3,3,1,2,3,4,4
9464,0,4,0,0,0,0,4,3,1,3,1,1,4,3,1,0,1,0
9465,0,2,1,0,0,1,0,0,1,2,0,3,1,0,4,1,0,0
9466,4,4,4,0,0,2,0,0,4,3,4,3,3,4,3,0,4,0
9467,0,1,1,1,0,1,0,1,2,1,1,1,1,0,2,1,1,0
9468,0,0,0,0,0,4,0,0,0,2,3,1,0,2,0,0,1,0
9469,0,4,1,0,0,1,0,0,1,4,1,4,1,0,4,4,0,4
9470,0,4,4,0,4,4,4,4,4,3,4,4,0,4,4,0,2,0
9471,0,4,0,0,0,0,4,4,4,4,4,4,0,4,4,0,4,0
9472,0,1,4,0,0,0,0,4,0,4,4,3,0,4,4,0,2,0
9473,2,1,2,4,0,3,0,0,1,4,4,4,4,4,2,1,4,4
9474,4,3,4,0,4,1,0,1,2,1,2,1,2,1,1,1,4,0
9475,0,4,0,0,1,3,0,2,0,3,2,3,0,4,2,4,3,1
9476,1,1,4,0,0,0,0,0,2,1,0,4,2,0,4,1,0,2
9477,4,4,1,0,4,2,1,1,2,1,3,3,4,3,3,0,3,0
9478,0,2,1,0,1,4,4,1,3,1,3,2,4,1,1,4,3,0
9479,0,3,2,1,1,4,1,1,1,4,1,2,1,1,1,1,2,3
9480,1,1,4,4,0,2,0,0,4,1,4,4,4,0,3,2,0,1
9481,4,2,4,4,2,3,1,0,2,1,1,1,4,1,4,3,1,1
9482,0,1,0,0,1,0,1,3,4,3,2,3,4,3,0,0,2,0
9483,0,2,4,0,0,4,0,4,1,2,4,2,4,1,3,4,4,1
9484,2,4,1,0,0,3,2,3,3,1,2,3,3,0,3,1,3,1
9485,1,0,0,1,0,3,0,4,1,1,0,1,2,0,3,3,0,1
9486,1,2,4,3,0,2,0,0,4,1,0,1,1,0,1,0,0,1
9487,0,4,2,0,0,1,0,0,0,1,1,2,4,3,3,1,3,4
9488,0,4,0,0,1,0,0,3,4,3,4,2,0,1,4,0,4,0
9489,0,3,1,0,2,0,0,0,1,4,3,4,0,1,0,0,0,0
9490,0,2,4,0,4,4,0,0,4,3,3,3,4,4,2,4,3,4
9491,0,1,0,0,1,0,0,1,4,2,1,1,0,1,0,0,3,0
9492,0,4,0,0,1,4,0,3,1,4,2,2,0,0,1,0,3,4
9493,4,1,1,2,0,4,0,4,4,2,4,2,2,4,1,4,0,4
9494,0,4,4,0,1,0,0,1,2,2,2,2,4,4,0,0,1,0
9495,2,4,0,1,1,2,0,0,4,1,2,2,3,1,2,2,2,4
9496,0,4,0,0,4,2,0,4,0,4,3,1,0,3,3,0,1,4
9497,0,1,0,0,3,0,0,0,0,3,3,3,0,1,3,4,0,0
9498,4,3,1,1,0,4,0,0,4,2,4,4,2,1,2,3,4,1
9499,0,2,0,0,1,0,0,4,4,3,1,1,4,1,1,0,1,0
9500,0,2,2,0,0,1,1,0,3,2,4,2,3,2,2,4,1,4
9501,0,4,4,0,0,3,4,4,4,1,3,4,4,2,4,1,3,0
9502,3,1,2,0,0,1,0,2,2,3,2,2,2,2,2,1,2,1
9503,0,2,3,0,0,1,0,0,0,4,0,4,4,0,4,4,0,4
9504,2,4,4,1,0,4,0,1,2,3,0,2,2,1,3,2,1,4
9505,4,4,4,2,0,4,0,0,3,3,4,4,4,0,3,1,4,3
9506,0,3,1,0,0,0,0,2,2,3,1,4,0,3,4,0,2,0
9507,1,2,1,0,0,4,0,0,4,1,4,2,2,4,3,0,0,0
9508,0,3,0,0,4,0,0,0,0,1,4,3,0,2,0,0,4,0
9509,4,4,4,0,0,0,0,1,2,3,0,1,2,0,1,0,0,0
9510,0,1,0,0,0,1,0,0,1,1,4,1,1,0,1,0,4,0
9511,0,3,0,0,0,0,0,4,0,4,1,4,0,2,4,0,4,0
9512,1,4,1,0,0,1,2,0,4,3,4,2,1,1,1,0,1,0
9513,1,3,1,0,0,1,0,0,1,4,2,4,1,0,2,4,0,3
9514,0,3,2,0,0,2,0,0,4,1,4,4,3,0,3,4,0,1
9515,0,3,0,0,4,0,4,2,2,4,4,4,1,1,1,0,1,1
9516,0,4,0,0,1,3,0,1,4,2,3,2,1,2,1,0,1,0
9517,0,4,0,0,2,1,1,0,1,2,4,2,0,1,1,0,2,0
9518,1,3,3,1,0,2,0,0,1,2,4,2,1,0,1,1,0,0
9519,0,4,1,0,0,1,0,0,0,0,0,2,4,0,1,4,1,0
9520,0,4,0,0,4,0,0,0,0,4,3,4,0,0,0,0,1,0
9521,0,3,3,0,2,1,4,1,2,2,2,2,0,3,0,0,3,4
9522,0,0,0,0,0,0,0,0,0,2,2,3,0,1,0,0,0,0
9523,0,1,0,0,1,0,1,4,3,4,1,1,4,2,0,0,1,0
9525,0,2,0,0,0,0,0,0,1,4,2,3,0,1,0,0,2,0
9526,3,4,4,0,0,3,4,4,3,1,4,4,2,4,4,4,4,0
9527,1,4,1,1,0,1,0,0,4,2,0,1,0,0,3,1,0,0
9528,0,3,2,0,0,4,0,0,0,1,0,3,4,0,1,0,0,0
9529,0,2,1,0,1,3,0,4,3,4,4,4,3,4,3,4,2,1
9530,1,1,1,0,0,4,0,1,1,1,1,2,1,0,2,1,1,4
9531,0,3,0,0,3,1,0,0,0,2,3,1,0,2,0,0,3,0
9532,1,4,3,3,0,3,1,2,3,3,2,3,4,1,1,0,3,1
9533,0,1,3,0,0,2,0,0,3,1,4,4,3,4,2,1,0,1
9534,2,2,0,1,0,3,0,0,4,3,4,4,0,0,1,4,4,0
9535,0,1,1,0,0,0,0,0,0,3,0,1,4,0,4,1,0,1
9536,0,0,2,0,0,2,0,0,0,1,1,1,3,1,1,0,1,3
9537,0,1,4,4,0,3,0,0,4,1,1,2,4,0,4,0,1,0
9538,0,1,1,3,0,4,2,1,1,1,2,1,1,3,2,1,1,1
9539,4,2,1,0,4,1,4,0,2,3,0,3,3,0,3,3,0,1
9540,4,1,2,4,1,4,2,1,3,2,1,1,3,0,4,4,1,0
9541,0,3,0,0,0,2,2,1,4,3,4,1,1,4,1,4,0,0
9542,3,2,3,3,0,2,0,0,3,3,4,4,4,0,2,2,4,1
9543,0,3,1,0,1,0,0,0,4,0,4,4,1,0,3,0,4,0
9544,0,1,0,0,3,0,0,4,4,2,2,3,0,4,0,0,3,0
9545,0,4,0,0,4,0,0,2,4,3,2,3,0,4,1,0,1,0
9546,3,1,4,0,0,4,1,3,2,1,1,3,2,4,3,1,2,0
9547,0,4,1,0,1,1,0,0,3,1,1,3,1,0,1,1,1,1
9548,0,2,0,0,4,4,0,0,0,3,3,3,0,1,4,0,4,0
9549,4,1,0,4,4,2,2,1,4,1,1,1,3,2,3,1,1,1
9551,0,4,0,0,4,0,0,0,0,2,2,3,0,3,0,0,2,0
9553,0,4,4,0,1,0,0,0,0,2,2,3,0,4,4,0,2,1
9554,0,3,0,0,0,1,0,0,4,1,4,4,1,4,4,2,2,0
9555,4,3,0,0,4,0,0,1,1,2,3,2,4,4,3,0,3,0
9556,0,2,0,0,0,1,0,0,2,4,1,4,4,0,4,1,0,3
9558,0,2,4,0,4,4,0,1,3,1,1,1,0,1,4,0,1,0
9559,0,1,1,0,0,3,2,4,4,4,4,4,2,3,0,1,4,4
9560,0,2,4,0,0,2,1,1,3,4,4,3,3,1,2,4,0,0
9561,1,1,1,2,1,4,4,3,1,2,1,2,1,4,1,4,2,1
9562,1,4,3,4,3,3,0,1,2,3,2,2,4,4,3,1,3,1
9563,0,4,0,0,1,0,0,3,2,3,1,2,4,2,0,0,1,0
9564,0,4,2,0,0,3,0,0,3,4,0,4,4,0,1,4,0,0
9565,0,2,0,0,1,0,4,3,4,3,4,4,0,4,1,0,4,4
9567,1,2,2,0,0,2,0,1,2,1,4,3,1,0,3,1,3,3
9568,2,3,1,1,0,3,0,0,2,4,1,2,1,0,3,0,0,0
9569,0,4,0,0,0,4,0,0,4,3,2,3,0,3,4,0,1,0
9570,0,4,1,0,4,4,0,4,3,2,4,4,3,4,1,0,1,1
9571,0,1,0,0,0,1,4,4,2,1,2,2,0,4,3,0,2,0
9572,0,3,1,0,0,1,0,0,2,2,0,3,0,0,3,0,0,0
9573,0,4,4,0,0,4,0,1,3,3,4,4,0,4,4,4,0,0
9574,4,0,1,0,0,4,0,0,3,4,0,1,4,0,2,0,0,2
9575,4,3,1,0,1,1,0,1,3,3,4,4,1,2,2,0,4,0
9576,2,2,2,0,3,2,2,1,2,2,1,4,2,4,1,1,3,2
9577,0,0,0,0,0,0,0,0,1,4,4,4,4,4,3,0,4,0
9578,1,1,4,0,0,2,0,0,3,1,0,1,3,0,1,0,0,2
9579,2,3,4,0,0,3,0,4,2,3,2,4,4,0,3,4,4,0
9580,0,2,1,0,0,1,0,0,2,4,4,1,3,0,1,0,0,4
9581,0,3,3,0,4,1,0,0,0,2,3,2,3,3,3,0,4,1
9582,0,2,0,0,4,0,3,1,4,3,3,3,0,3,4,0,2,0
9583,2,4,0,0,0,1,4,0,1,4,0,1,4,0,4,4,0,3
9584,4,2,4,4,0,3,0,0,1,2,0,3,2,0,4,1,0,0
9585,4,4,2,0,0,0,0,0,1,3,1,4,3,0,3,1,0,0
9586,0,4,3,0,0,1,2,3,4,3,3,3,2,4,2,1,4,3
9587,0,1,0,0,0,0,0,2,0,1,1,2,0,4,0,0,4,0
9588,0,3,2,1,4,4,2,4,1,3,1,2,1,0,2,0,4,0
9589,4,1,2,1,0,0,0,0,4,3,0,4,3,1,4,3,0,4
9590,0,3,1,0,0,4,0,0,4,3,4,3,4,4,4,1,4,0
9591,0,4,0,0,2,0,0,0,3,4,3,2,0,0,0,0,2,0
9592,3,1,3,0,4,3,0,0,3,0,4,3,2,0,1,4,0,1
9593,4,1,3,0,0,4,0,0,3,3,4,2,4,1,3,1,2,1
9594,0,4,0,0,0,4,0,2,4,3,3,2,0,4,0,0,3,0
9595,1,4,3,0,3,0,0,2,4,4,4,4,0,3,1,0,2,0
9596,0,0,0,0,1,2,0,1,0,2,2,2,0,2,1,0,3,1
9597,0,1,1,0,4,1,4,3,3,4,1,1,0,4,0,0,3,0
9598,1,3,3,0,0,3,0,0,3,3,0,2,2,0,2,2,0,4
9599,0,2,0,0,0,1,1,2,4,2,4,3,0,2,3,0,2,4
9600,4,3,3,0,0,2,0,4,0,3,2,3,2,2,1,3,3,0
9601,0,3,0,0,0,1,1,1,1,1,2,1,0,4,1,0,2,0
9602,4,4,1,0,4,4,0,1,2,4,4,4,4,4,4,4,4,0
9603,4,3,4,0,0,3,0,0,1,1,0,2,3,1,1,1,0,4
9604,0,2,0,4,0,1,0,3,3,3,4,3,1,0,1,0,4,0
9605,0,3,3,0,0,1,0,0,4,4,0,4,3,0,1,4,0,2
9606,3,3,2,0,0,4,0,0,0,4,0,1,3,0,4,4,0,3
9607,0,4,3,0,0,4,0,1,0,3,2,1,3,3,1,4,0,0
9608,0,1,0,0,2,4,4,2,4,4,2,3,1,4,1,0,2,0
9609,3,2,1,1,0,3,0,0,2,3,1,3,1,1,3,2,4,1
9611,4,1,1,0,0,0,2,3,1,2,3,2,2,1,1,1,2,0
9612,0,1,1,0,0,3,0,0,0,1,4,2,1,0,4,0,0,0
9613,0,1,0,0,3,1,1,1,2,3,3,2,0,1,1,0,1,0
9614,1,4,0,0,0,0,0,0,0,3,1,1,1,0,2,0,4,0
9615,4,1,4,0,0,3,0,1,4,3,1,3,4,1,4,4,1,4
9616,1,1,0,0,1,1,0,2,1,4,4,4,0,0,0,0,4,1
9617,1,3,2,0,0,2,0,0,4,1,4,4,1,4,2,1,4,4
9618,0,1,3,0,4,4,4,3,4,3,3,2,4,2,1,0,4,4
9619,0,1,0,0,1,0,0,0,4,1,1,1,4,4,4,0,1,0
9620,3,1,2,0,0,2,0,1,2,2,1,4,3,0,4,1,0,2
9621,0,3,4,0,3,0,0,4,0,3,2,2,0,1,0,0,2,0
9622,4,2,3,0,0,4,0,0,0,4,4,4,2,4,2,4,0,1
9623,0,2,4,0,0,0,0,4,2,2,4,2,4,4,2,1,4,4
9624,0,3,2,0,4,1,0,0,1,2,1,3,4,0,1,0,4,0
9625,0,2,1,0,4,4,1,3,4,2,3,2,1,2,2,0,2,0
9626,3,2,3,3,0,3,0,1,4,1,1,2,2,1,2,4,1,4
9627,0,1,1,0,0,3,0,0,2,1,0,3,2,0,1,4,0,0
9628,1,1,0,0,0,1,0,1,1,1,3,2,2,3,4,0,4,4
9629,0,1,2,0,4,4,0,4,1,1,1,1,3,3,4,0,1,0
9630,0,4,3,0,0,1,0,0,0,1,1,3,4,0,3,0,0,0
9631,0,2,0,0,4,4,4,2,3,1,2,3,0,1,0,0,3,0
9632,4,1,3,0,0,3,0,0,3,2,1,1,1,0,3,1,1,1
9633,1,3,1,1,0,4,0,4,0,3,4,3,4,3,1,3,3,2
9634,0,3,1,0,1,1,0,2,4,1,1,2,2,1,2,4,1,1
9635,4,3,1,1,3,1,0,4,1,3,3,4,1,2,1,4,4,1
9636,0,4,4,0,0,3,0,0,0,1,0,1,2,0,4,2,0,1
9637,0,4,3,0,0,3,0,0,4,3,0,4,1,0,4,0,0,0
9638,4,1,4,0,0,3,0,0,4,3,1,4,3,0,4,3,0,2
9639,2,3,2,3,0,1,0,1,4,4,1,1,3,4,2,2,4,4
9641,0,3,1,3,0,2,0,4,1,1,4,3,2,0,3,3,0,3
9642,0,1,0,0,1,0,0,4,2,4,3,4,0,4,4,0,4,0
9643,4,4,3,1,2,3,1,2,3,4,3,3,3,4,2,1,4,4
9644,0,4,4,1,0,2,0,0,1,2,0,1,1,0,3,1,0,2
9645,0,2,3,0,4,1,2,2,2,4,1,1,4,3,0,0,2,0
9647,0,1,4,1,0,1,0,0,0,1,1,2,4,1,1,1,1,1
9648,0,1,1,1,0,2,4,4,3,4,0,4,1,0,2,3,4,4
9649,1,4,1,4,0,4,0,2,2,3,1,3,1,0,1,2,4,3
9650,0,4,3,1,0,1,0,0,0,1,0,3,4,0,2,4,0,2
9651,1,3,3,0,0,3,0,0,4,4,4,3,2,1,3,1,0,4
9652,0,2,0,0,0,0,0,0,0,1,0,2,0,2,0,0,0,0
9653,0,1,0,0,2,4,0,2,1,1,1,1,1,3,1,1,1,0
9654,4,3,3,0,0,1,0,0,2,4,0,4,3,0,1,0,0,4
9655,0,4,0,0,4,0,0,1,1,4,1,4,1,3,4,0,0,0
9656,3,1,2,0,1,2,0,4,1,1,4,2,2,0,3,3,0,0
9657,1,2,0,0,3,0,0,4,2,4,4,3,1,4,3,0,0,0
9658,4,2,4,0,4,4,0,1,4,4,3,4,1,4,3,4,2,1
9659,0,1,1,0,0,0,0,2,3,3,3,3,4,4,3,0,3,0
9660,0,1,2,0,4,1,4,4,1,3,3,2,1,1,4,0,3,0
9661,3,1,3,1,0,1,0,0,4,1,1,2,2,1,3,1,0,0
9662,0,4,0,0,1,0,0,0,0,1,2,2,0,0,0,0,1,0
9663,0,4,0,0,0,0,0,0,1,1,0,4,4,0,4,0,0,0
9664,0,4,0,0,0,0,1,2,1,4,3,2,0,4,0,0,4,0
9665,1,4,4,0,1,3,0,0,3,1,2,1,1,4,4,1,0,2
9666,4,2,2,0,0,4,0,1,2,2,4,4,3,4,4,3,4,3
9667,4,1,0,0,4,1,0,2,4,4,3,3,2,2,4,0,1,0
9668,0,1,4,1,4,2,0,0,4,2,3,3,2,4,2,1,0,0
9669,0,1,4,0,1,4,0,1,4,3,3,4,0,3,1,0,4,0
9670,4,2,3,2,0,1,0,0,4,3,3,1,3,0,3,2,0,1
9671,2,2,0,0,0,1,0,0,0,1,4,1,3,4,2,1,0,0
9672,1,3,1,0,1,1,4,1,3,1,4,3,3,4,2,1,3,2
9673,0,1,0,0,4,1,0,4,0,2,2,1,0,1,0,0,1,0
9675,4,2,2,0,0,3,0,0,2,4,1,3,2,0,4,1,0,3
9676,0,2,2,0,0,1,0,3,2,2,1,4,1,2,2,1,2,4
9677,0,2,0,0,1,0,0,2,1,3,3,3,0,4,0,0,3,0
9678,0,4,0,0,4,0,0,3,3,3,4,3,4,2,4,0,2,0
9679,0,1,4,0,1,0,0,1,4,1,1,2,0,2,4,0,3,0
9680,0,1,3,4,1,4,0,4,4,3,1,2,3,1,3,0,1,1
9681,1,1,1,0,4,4,0,2,4,3,3,2,1,2,1,0,2,0
9682,0,3,1,0,3,0,0,0,1,3,4,3,0,2,1,0,1,0
9683,0,4,4,0,0,1,0,0,0,4,1,4,4,0,3,0,0,0
9684,0,0,0,0,0,0,0,4,1,3,3,2,4,0,0,0,3,0
9685,4,3,4,0,0,0,0,0,0,3,0,2,4,0,4,1,0,1
9686,0,3,3,4,0,1,0,3,4,4,3,2,4,1,3,1,2,1
9687,1,3,1,0,1,2,3,1,3,3,3,3,1,2,1,0,2,2
9688,0,3,2,0,0,1,0,0,0,4,0,1,2,0,2,1,0,0
9689,4,4,0,0,0,3,0,0,1,1,1,4,2,2,2,0,0,0
9690,4,2,2,0,4,1,4,4,4,3,4,4,4,4,4,1,2,3
9691,3,3,3,0,1,4,0,1,2,1,4,3,1,1,4,0,1,2
9692,1,2,3,1,0,3,0,0,2,0,0,4,2,0,4,4,0,1
9693,4,4,0,0,2,0,0,0,0,1,1,2,0,4,2,0,3,4
9694,4,2,0,0,0,1,0,0,2,1,0,3,2,4,1,1,0,3
9695,4,1,2,4,0,4,0,2,2,3,4,2,1,2,2,4,2,3
9696,0,3,0,0,0,0,0,0,0,1,2,3,1,4,1,0,0,0
9697,0,3,0,0,0,0,0,0,3,1,0,1,4,0,1,1,0,0
9698,1,4,1,0,4,1,4,3,3,2,1,2,4,2,1,0,2,0
9699,0,0,1,0,1,4,0,0,4,1,2,2,4,3,4,0,3,0
9700,0,1,4,0,0,2,0,4,1,4,4,2,3,3,1,4,2,0
9701,0,2,2,0,0,2,0,0,2,1,0,3,4,0,1,1,0,0
9702,0,4,0,0,0,0,3,3,4,1,2,3,1,1,1,0,3,0
9703,1,4,4,0,4,4,0,0,4,3,4,3,3,4,4,4,4,0
9704,2,1,3,1,1,2,0,4,1,1,1,1,1,1,3,2,2,2
9705,0,2,4,0,0,3,3,2,4,4,4,4,2,1,4,1,3,1
9706,4,4,1,0,3,3,0,0,3,3,1,1,2,0,3,1,1,4
9707,1,1,0,0,0,1,0,0,4,4,1,1,3,1,4,0,3,0
9708,4,2,1,0,0,1,4,1,4,3,1,3,2,1,1,0,1,0
9709,4,1,1,0,1,3,1,4,2,2,4,1,4,3,1,3,2,3
9710,0,1,1,0,0,1,0,0,1,1,0,1,1,0,1,0,0,0
9711,4,4,4,0,3,0,0,1,0,4,4,4,4,2,2,0,3,4
9712,0,3,0,0,0,0,0,4,0,1,2,1,0,2,0,0,2,1
9713,0,0,0,0,1,0,0,2,0,3,1,2,0,2,4,0,3,0
9714,4,3,4,3,0,2,0,0,4,2,4,4,4,4,1,2,0,3
9715,3,1,1,3,1,1,2,1,2,1,1,1,2,0,3,1,4,4
9716,0,2,3,0,0,4,2,3,3,1,4,1,3,4,2,1,2,4
9717,0,2,0,0,0,0,0,0,0,2,3,1,0,0,4,0,0,0
9718,0,3,1,0,3,2,4,2,2,3,3,2,4,2,3,0,3,4
9719,4,4,3,0,0,4,0,4,0,4,4,4,4,4,4,0,1,1
9720,0,4,0,0,1,0,0,0,3,2,2,1,0,1,1,0,4,0
9721,4,4,4,0,0,3,0,0,1,2,0,2,1,0,4,0,0,0
9722,0,1,1,0,1,0,3,4,2,4,4,1,3,4,4,1,4,0
9723,0,3,0,0,2,0,1,1,1,3,3,2,0,1,0,0,1,0
9724,0,4,0,0,0,0,0,0,0,2,2,2,0,4,0,0,2,0
9725,0,2,4,0,4,0,1,3,3,3,3,3,0,3,0,0,2,0
9726,2,3,1,1,4,3,4,3,1,2,4,3,4,4,3,3,4,4
9727,0,2,0,0,0,4,1,0,1,4,4,4,3,0,3,2,0,1
9728,0,3,0,0,1,0,0,0,0,1,1,1,0,4,2,0,0,0
9729,0,4,4,0,1,4,0,0,4,2,1,4,3,0,3,2,1,2
9730,1,4,2,0,0,3,0,4,2,1,4,4,2,4,3,1,4,3
9731,0,4,0,0,0,1,0,1,3,1,0,4,4,4,1,3,0,3
9732,0,3,0,0,1,1,0,3,4,2,2,2,4,3,1,1,3,1
9733,0,4,4,0,1,4,0,4,2,4,1,3,4,1,3,0,3,0
9734,0,0,0,0,0,0,0,0,0,4,1,2,0,1,4,0,0,0
9736,3,4,2,2,2,2,0,0,1,1,2,3,2,4,3,4,4,4
9737,0,2,1,0,0,0,0,1,2,3,2,1,0,1,2,0,3,0
9738,0,0,1,0,1,4,0,0,0,1,1,3,1,0,1,0,0,0
9739,0,4,0,0,4,4,0,4,0,2,3,4,1,3,0,0,2,4
9740,1,2,1,0,0,3,0,3,4,2,1,1,3,1,2,0,2,4
9741,0,3,3,1,1,2,4,3,3,4,3,4,3,4,4,0,3,0
9742,0,1,0,0,0,1,4,1,4,1,1,2,4,4,0,0,1,0
9743,0,2,0,0,0,0,0,3,1,3,4,1,0,2,3,0,2,4
9744,0,4,4,1,3,4,0,0,0,4,4,4,4,4,2,0,3,1
9745,0,3,0,0,4,4,0,3,4,2,4,4,0,4,4,0,4,0
9746,3,4,4,4,1,4,0,1,4,4,1,3,1,0,4,0,1,4
9747,0,4,4,0,3,1,0,2,0,3,1,2,0,3,4,0,0,0
9748,0,2,0,4,0,3,0,0,3,4,1,4,1,1,1,4,1,4
9749,0,2,1,0,3,3,0,0,0,1,4,2,1,1,3,1,4,0
9750,0,2,3,0,4,0,0,4,4,1,4,2,1,3,3,1,4,1
9751,4,2,1,0,1,2,0,0,0,1,4,2,2,0,4,0,1,0
9752,0,0,0,0,1,0,0,3,0,1,1,2,0,1,0,0,2,0
9753,0,1,3,0,0,1,0,0,1,1,4,1,4,0,1,4,0,4
9754,0,0,4,0,0,3,0,4,2,3,4,4,0,0,2,0,0,0
9755,0,1,1,0,4,4,4,1,3,2,2,3,0,4,1,0,1,0
9756,0,4,3,0,0,1,0,0,2,3,4,2,2,0,3,0,0,0
9757,0,4,4,0,0,1,0,1,4,3,0,2,2,0,2,0,0,0
9758,2,1,2,0,0,1,0,1,2,1,4,3,1,4,1,0,0,0
9759,0,3,0,0,0,1,1,2,2,1,4,3,0,1,0,0,3,0
9760,0,2,0,0,4,0,0,0,0,3,1,2,2,0,1,0,4,0
9761,4,2,4,0,1,0,0,4,4,1,1,2,1,1,1,4,1,4
9762,3,4,4,0,0,1,0,0,0,2,0,2,3,0,3,0,0,1
9764,1,3,0,0,0,1,0,0,0,1,0,4,3,0,4,2,0,0
9767,4,1,3,4,0,0,0,0,0,2,4,3,1,4,2,4,4,4
9768,1,0,3,0,1,1,0,0,0,0,1,3,1,3,2,0,0,1
9770,0,4,1,1,0,4,0,0,0,3,1,4,4,2,3,0,3,3
9771,0,2,0,0,1,3,0,0,4,3,3,2,0,4,0,0,0,0
9772,0,1,0,0,0,1,0,0,0,4,0,1,1,0,4,1,0,2
9773,0,4,3,0,0,0,0,0,1,1,0,1,2,0,1,0,0,0
9774,0,4,4,0,0,4,0,4,4,3,2,3,4,1,4,0,1,0
9775,2,2,1,0,0,4,0,0,4,4,0,2,4,4,1,2,0,1
9776,0,1,1,0,1,3,4,2,4,4,1,1,0,2,1,0,2,1
9777,0,4,1,0,0,1,0,0,1,1,0,2,0,0,4,4,0,0
9778,2,1,1,0,0,3,0,1,3,1,1,3,2,1,4,4,1,0
9779,0,4,4,0,0,3,0,0,1,1,1,2,3,4,1,0,2,0
9781,0,4,0,0,0,1,0,1,0,3,4,2,0,3,4,0,4,0
9782,4,2,4,0,0,0,0,1,0,2,4,2,0,2,3,0,1,0
9783,4,1,2,0,0,0,0,1,3,4,0,4,4,0,4,3,0,4
9784,4,2,3,1,4,4,0,1,4,3,1,1,3,1,2,1,3,3
9785,1,2,1,4,0,3,0,0,0,3,0,3,2,0,4,4,0,4
9786,0,2,1,0,0,4,0,1,4,3,1,2,0,3,3,4,4,4
9787,0,0,1,0,0,0,0,0,4,3,4,4,3,0,3,4,3,0
9788,0,3,3,0,4,0,0,4,0,3,4,4,3,2,1,0,4,4
9789,0,1,0,0,1,1,0,2,0,1,2,2,0,4,1,0,1,1
9790,0,3,4,0,0,0,0,0,0,4,1,2,2,0,2,0,0,0
9791,0,1,0,0,0,1,0,0,1,1,4,3,1,0,2,0,0,0
9792,0,2,4,0,0,1,0,0,0,1,1,2,4,0,1,0,0,0
9793,1,3,2,4,0,4,1,4,4,1,3,4,4,4,2,1,1,3
9794,1,3,2,4,0,4,0,0,3,2,4,1,2,0,2,3,0,3
9795,1,4,0,0,0,0,0,0,0,4,0,2,1,0,4,0,0,0
9796,0,3,0,0,0,0,0,2,4,4,4,4,0,3,0,0,4,0
9797,0,2,1,0,0,0,0,4,4,2,4,2,1,1,3,0,3,0
9798,1,3,1,0,4,1,2,3,2,4,2,1,1,3,1,0,1,2
9799,0,2,0,0,0,4,0,4,0,4,3,4,0,4,1,0,2,0
9800,0,4,0,0,1,1,4,2,0,3,3,2,0,1,1,0,2,3
9801,0,1,2,0,0,1,2,3,3,4,1,4,3,2,4,4,4,0
9802,2,3,1,1,0,2,0,0,4,4,0,1,1,0,2,2,0,3
9803,0,2,0,0,4,0,0,1,4,3,3,2,0,2,1,0,3,4
9804,1,4,1,1,0,0,0,4,1,4,4,3,1,2,4,0,4,0
9805,4,1,3,1,0,3,0,4,3,4,4,1,3,4,2,4,4,0
9806,4,2,3,0,0,3,0,1,3,3,2,2,3,0,1,3,3,4
9807,4,0,0,0,0,4,0,3,3,1,3,3,4,4,4,0,2,0
9808,0,2,2,0,0,1,0,0,0,1,4,1,1,0,1,0,0,0
9809,4,3,0,0,0,0,0,4,4,4,4,3,4,0,2,4,4,0
9810,4,2,2,0,0,1,0,0,1,3,4,3,2,0,1,0,0,0
9811,0,4,0,0,0,0,0,2,0,2,1,2,0,2,4,0,4,0
9812,0,2,1,0,4,1,0,0,4,1,4,2,4,4,1,1,0,2
9814,0,3,3,0,0,4,0,0,3,4,0,4,3,0,1,0,0,0
9815,0,4,2,0,1,1,0,4,4,3,2,2,0,3,3,1,1,1
9816,0,3,0,0,3,0,1,2,3,3,2,2,0,1,0,0,3,4
9817,4,3,2,0,0,1,0,0,1,3,0,1,3,0,4,0,0,0
9818,0,2,0,0,4,0,0,0,4,4,2,4,3,0,1,0,4,0
9819,3,1,2,4,0,4,0,0,1,1,1,1,4,1,2,1,0,1
9820,0,0,0,0,4,0,0,1,0,3,1,1,0,4,4,0,3,0
9821,4,0,0,0,0,1,0,0,2,3,1,2,2,4,1,1,0,0
9822,0,1,0,0,1,1,0,1,4,1,1,1,0,1,0,0,3,1
9823,1,1,1,1,0,1,0,0,0,0,0,0,1,0,1,1,0,2
9824,0,1,1,0,0,3,0,0,1,2,4,1,3,4,2,0,4,0
9825,0,1,0,1,4,2,0,4,4,3,4,2,1,2,1,0,1,0
9826,0,1,0,0,1,0,4,4,4,3,1,3,0,2,4,0,4,0
9827,0,1,4,0,0,1,1,4,1,3,1,1,4,1,1,0,1,0
9828,4,1,3,1,4,2,0,0,1,3,2,1,1,4,3,0,4,0
9829,2,2,1,0,0,3,0,0,4,1,0,4,1,0,3,1,0,0
9830,0,2,0,0,0,0,0,1,4,3,3,3,0,1,0,0,1,0
9831,4,2,1,0,0,2,0,1,2,3,0,4,2,0,4,0,0,4
9832,1,4,3,0,0,1,0,0,4,4,1,4,4,0,1,4,0,0
9833,0,4,0,0,0,0,0,0,0,0,4,4,0,4,3,0,0,0
9834,0,4,4,0,0,0,0,0,1,2,1,3,3,1,1,0,0,0
9835,0,1,4,0,0,4,0,4,4,2,3,2,4,4,4,0,1,0
9836,0,2,0,0,4,0,0,0,0,4,2,3,0,3,4,0,4,0
9837,0,4,4,4,0,0,0,0,0,1,2,4,0,1,4,0,4,0
9838,0,2,1,0,0,4,0,0,0,1,4,2,4,0,2,0,0,0
9839,4,1,4,4,0,1,0,0,0,4,0,2,3,0,1,0,0,2
9840,0,4,0,0,0,0,0,0,0,4,1,4,0,3,4,0,4,4
9841,3,3,1,1,0,3,0,0,0,2,1,4,2,0,4,3,1,3
9842,1,4,4,1,0,1,0,0,1,1,4,3,2,1,3,4,4,4
9843,1,1,4,0,0,1,0,0,3,2,2,2,3,4,3,0,0,0
9844,0,1,0,0,0,4,0,0,4,2,1,3,2,0,1,0,0,0
9845,0,3,0,0,0,0,0,0,4,0,1,4,0,1,1,1,0,0
9846,0,1,1,0,4,0,4,4,4,4,2,4,1,4,3,4,0,0
9848,0,3,0,0,1,1,0,2,1,3,3,3,0,3,3,0,4,0
9849,0,1,0,0,0,0,0,1,0,4,2,3,0,4,0,0,2,0
9850,0,3,0,0,0,0,0,0,4,2,2,2,0,3,1,0,2,0
9851,0,2,0,0,0,0,0,2,0,2,4,2,0,2,0,0,1,1
9852,0,1,1,0,0,1,0,0,4,4,1,2,3,1,3,0,4,0
9853,0,1,1,0,0,0,0,0,0,0,2,4,0,4,1,0,0,0
9854,2,3,1,0,0,1,0,0,0,0,1,1,2,1,1,0,0,0
9855,0,0,0,0,1,0,0,0,0,0,1,1,0,4,4,0,0,0
9856,0,3,4,0,0,2,0,0,3,3,4,3,4,0,0,4,0,2
9857,1,4,3,0,0,1,0,0,1,2,3,3,4,4,4,0,3,0
9858,4,4,3,0,0,1,0,0,4,3,4,4,4,4,4,0,4,0
9859,4,4,1,0,0,3,3,1,1,2,4,4,3,2,4,3,3,2
9860,0,1,0,0,0,1,0,0,0,4,4,1,4,4,3,1,0,0
9861,0,1,1,0,1,1,0,0,0,2,4,4,4,2,4,0,4,0
9862,4,4,1,0,0,3,0,0,4,3,1,4,3,0,4,2,2,0
9863,0,1,1,1,1,1,0,0,1,1,3,2,1,3,2,2,1,4
9864,0,4,4,4,0,3,0,0,1,3,4,1,1,4,2,0,0,1
9865,1,2,0,0,0,0,0,0,0,1,1,1,1,0,4,4,0,0
9866,4,3,4,4,0,2,0,0,4,3,0,4,3,0,4,0,0,0
9867,3,3,1,0,0,4,0,0,3,2,4,3,1,0,3,1,0,4
9868,1,4,2,4,4,3,0,4,1,3,4,3,2,2,2,3,4,4
9869,0,4,0,0,4,0,0,1,0,4,2,3,0,4,1,0,4,0
9870,0,2,0,0,0,4,0,4,4,1,2,3,0,2,4,0,4,1
9871,0,1,4,0,1,2,4,3,4,3,4,3,0,2,2,2,2,0
9872,0,4,0,0,1,0,0,0,0,3,1,2,0,4,0,0,0,0
9873,0,1,1,0,0,4,0,0,1,4,3,4,0,0,4,0,0,4
9874,0,4,0,0,1,1,0,2,0,1,2,1,4,1,1,0,2,0
9875,1,4,2,0,1,4,0,0,0,3,4,3,4,4,4,3,0,1
9876,1,3,3,0,4,0,0,0,0,2,2,4,1,4,1,0,4,0
9877,4,1,1,0,0,2,0,0,1,1,0,2,4,0,3,3,0,0
9879,0,3,0,0,3,4,4,3,3,4,4,4,0,4,0,0,4,4
9880,2,3,4,1,0,4,0,0,0,4,0,4,1,0,2,1,0,1
9881,1,2,4,3,0,2,0,0,2,1,0,4,1,0,4,2,0,2
9882,0,2,4,0,4,2,2,1,4,2,4,2,0,1,0,0,1,0
9883,3,3,3,0,0,1,0,0,1,1,4,2,1,0,4,0,0,1
9884,2,1,1,3,0,1,0,0,4,3,4,1,3,0,1,2,0,2
9885,0,1,4,0,2,1,0,2,4,3,1,1,1,4,3,0,3,4
9886,4,1,0,0,2,1,0,0,1,2,1,2,0,1,2,0,3,0
9887,0,1,0,0,1,4,0,1,0,2,1,2,0,2,3,0,3,0
9889,0,1,3,2,0,4,0,0,0,4,3,3,4,0,4,0,2,0
9890,0,1,1,1,0,4,0,1,1,2,3,3,2,1,1,4,4,4
9891,0,1,2,0,0,2,0,0,3,3,2,4,2,4,1,4,3,1
9892,1,1,1,0,1,1,0,2,1,4,4,1,0,3,3,0,2,1
9893,0,1,0,0,3,1,0,4,4,1,1,1,0,1,3,0,3,0
9894,0,4,0,0,0,0,0,0,0,3,2,2,0,1,0,0,0,0
9895,4,2,1,0,0,1,0,0,1,1,1,1,3,1,2,4,0,0
9896,3,1,0,0,0,4,0,0,1,3,3,3,2,1,4,2,1,0
9897,0,2,0,0,0,0,0,0,0,4,0,1,3,1,2,1,0,0
9898,0,2,0,0,0,4,0,0,3,1,0,3,4,0,1,1,0,0
9899,0,3,4,0,0,3,0,3,0,1,4,3,4,2,2,0,1,0
9900,0,0,0,0,4,0,0,0,0,2,2,1,0,4,1,0,3,0
9901,0,2,0,0,0,4,0,4,3,1,2,3,4,4,4,0,2,0
9902,0,3,1,0,0,1,0,0,0,1,4,3,1,1,4,4,3,0
9903,1,2,3,4,0,1,0,1,4,4,4,3,1,3,1,4,1,4
9904,0,3,0,1,4,3,0,0,4,4,4,2,4,0,2,1,0,0
9905,0,2,0,0,1,4,0,0,0,2,3,3,0,4,0,0,4,0
9906,4,0,0,0,0,0,0,3,0,0,0,4,1,2,4,0,4,0
9907,0,3,0,0,1,0,0,0,0,3,3,4,4,4,1,0,4,0
9908,3,4,1,0,0,1,0,0,0,3,4,4,3,3,1,0,4,0
9909,1,2,1,0,0,1,0,0,0,3,1,2,1,4,4,0,4,0
9910,0,2,0,0,3,0,0,0,0,3,3,4,0,0,0,0,3,0
9911,0,1,1,0,0,0,1,2,3,2,4,4,0,3,1,0,3,0
9912,0,1,0,0,1,1,3,1,0,1,2,4,4,2,1,0,4,0
9913,0,1,0,0,0,1,0,0,0,4,3,1,1,1,0,0,1,0
9914,0,1,1,0,3,4,1,2,4,4,1,2,0,2,3,0,2,0
9915,0,2,0,0,0,0,0,3,4,1,3,3,0,3,4,0,3,0
9916,0,3,0,0,2,3,0,0,4,3,1,2,1,0,1,2,1,3
9917,0,4,0,0,1,0,4,2,4,1,1,2,0,3,1,0,2,0
9918,0,4,2,0,3,1,0,4,1,1,1,2,3,1,4,4,3,0
9919,0,3,0,0,2,1,0,4,0,1,1,2,4,2,3,0,2,4
9920,0,0,0,0,0,0,0,0,0,4,4,4,0,2,4,0,4,0
9921,1,1,1,0,0,0,0,1,1,1,3,1,2,1,1,0,1,1
9922,0,1,4,0,1,2,0,0,0,2,2,3,0,0,1,0,0,1
9923,3,1,1,3,0,3,0,0,1,0,0,3,3,1,2,1,0,0
9924,0,2,0,0,2,0,0,0,0,3,3,2,0,2,0,0,1,0
9925,0,3,0,4,0,4,0,4,1,2,3,3,3,3,4,1,3,1
9926,1,3,3,0,3,1,0,1,1,1,3,3,1,2,2,2,1,2
9927,4,4,1,1,0,3,0,0,0,1,4,2,2,3,1,1,1,3
9928,0,4,2,0,0,1,0,0,0,1,0,4,1,4,0,0,4,0
9929,0,4,0,0,4,0,0,0,0,3,3,3,0,4,1,0,1,0
9930,1,1,1,0,1,4,2,2,3,2,3,2,3,4,2,3,2,4
9931,1,2,1,1,0,4,0,0,1,2,1,2,3,0,4,1,0,1
9932,0,3,0,0,0,0,0,0,0,1,2,2,0,3,0,0,4,0
9933,0,4,0,0,0,0,0,0,0,0,2,2,0,3,1,0,1,0
9934,4,4,4,0,0,2,0,0,1,0,4,2,2,0,4,0,0,0
9935,0,3,0,0,1,0,0,0,4,3,2,2,0,1,0,0,2,0
9936,0,1,0,0,2,0,0,0,0,1,2,1,0,0,0,0,1,0
9937,0,3,4,0,0,1,0,0,0,2,1,2,3,0,1,4,0,4
9938,4,2,1,1,0,1,0,0,1,4,4,3,4,4,3,3,0,0
9939,0,1,2,1,0,1,0,0,1,2,3,2,3,4,2,1,4,0
9940,0,1,0,0,2,0,0,1,4,3,1,1,0,4,1,0,4,0
9941,0,1,0,0,1,2,4,3,1,2,2,2,4,4,3,0,4,2
9942,0,1,0,0,4,0,4,2,4,3,4,3,0,2,0,0,3,0
9943,0,3,4,0,3,1,0,1,0,2,4,3,0,4,0,0,3,0
9944,4,2,0,0,4,4,0,0,0,3,3,2,0,3,4,0,1,0
9945,1,4,0,0,0,0,0,0,4,2,3,3,1,4,2,0,2,0
9946,4,0,4,0,3,4,0,0,3,4,0,1,0,0,1,0,0,0
9947,1,2,1,1,1,2,0,1,3,1,1,2,1,1,2,4,1,2
9948,0,3,4,0,4,3,0,3,4,4,4,3,0,3,4,0,3,0
9949,0,2,0,0,3,0,0,0,0,2,2,3,0,4,1,0,4,0
9950,1,4,0,0,0,0,0,0,0,2,2,4,0,1,0,0,3,0
9951,0,1,4,0,3,1,0,0,0,3,3,3,0,0,4,0,2,1
9952,0,1,0,0,1,1,0,4,0,3,1,2,0,3,4,0,3,3
9953,3,1,3,0,0,0,0,0,3,1,4,4,4,4,4,2,0,0
9954,0,4,0,0,1,1,0,0,0,3,3,2,0,4,4,0,4,1
9955,0,4,0,0,2,0,0,0,0,3,3,4,0,1,0,0,3,0
9956,0,2,0,0,0,1,0,0,0,2,3,3,0,1,1,0,1,0
9957,0,4,0,0,1,0,0,4,0,4,3,3,4,2,1,0,4,1
9958,0,4,0,0,1,0,0,4,0,1,4,3,0,3,0,0,2,0
9959,0,4,1,0,4,0,0,3,1,4,1,1,4,1,3,4,4,4
9960,0,1,0,0,2,4,0,0,0,2,4,3,0,0,0,0,3,0
9961,0,2,0,0,4,0,0,0,0,2,1,2,0,1,0,0,0,0
9962,0,1,4,0,3,0,0,0,0,2,3,2,0,4,0,0,4,0
9963,0,1,1,0,1,1,0,0,0,4,2,2,0,1,1,0,2,0
9964,0,2,0,0,1,0,0,0,0,4,2,2,0,2,1,0,3,0
9965,0,1,1,0,2,4,0,3,0,3,3,2,0,4,0,0,3,0
9966,0,2,0,0,0,0,0,0,1,1,4,2,0,4,0,0,2,0
9967,0,4,4,0,1,0,0,3,3,3,3,3,0,3,0,0,2,0
9968,0,4,0,0,3,4,0,4,0,3,3,4,0,4,0,0,4,0
9969,1,1,2,0,1,4,4,1,3,3,3,2,1,2,3,1,2,1
9970,4,3,2,0,4,3,0,0,0,1,3,3,1,1,4,4,1,4
9971,4,2,1,0,4,1,0,0,1,3,2,3,1,1,4,0,2,3
9973,0,4,4,0,0,3,1,1,3,4,4,4,4,4,4,0,4,2
9974,0,3,0,0,3,0,0,1,4,2,3,2,4,3,4,0,4,0
9975,0,4,0,0,4,0,1,0,0,0,4,2,0,0,0,0,1,0
9976,0,3,0,0,3,0,0,0,0,2,4,4,0,4,0,0,4,0
9977,1,1,1,0,1,1,1,2,2,2,2,2,4,2,2,0,2,1
9978,0,2,0,0,1,0,0,1,4,2,2,1,0,3,1,0,2,0
9980,0,4,0,0,0,0,0,0,0,0,3,3,0,2,0,0,2,0
9981,0,3,0,0,3,0,0,0,0,2,3,1,0,4,0,0,4,0
9982,0,4,4,0,2,0,0,0,0,1,3,1,0,1,0,0,2,0
9983,0,1,4,0,0,0,0,2,0,3,3,2,0,2,0,0,2,3
9984,0,4,1,0,2,0,0,4,0,1,2,2,1,4,4,0,1,0
9985,0,1,0,0,1,4,0,1,4,2,2,1,0,3,4,0,1,0
9986,1,1,1,0,1,1,0,0,3,1,2,3,4,4,4,4,1,1
9987,0,2,0,0,3,4,0,0,0,3,2,3,0,3,4,0,4,0
9988,0,1,0,0,1,1,0,0,0,3,1,2,4,3,0,0,2,0
9989,0,1,0,0,3,0,0,0,0,3,2,1,0,4,3,0,2,4
9990,0,3,0,0,3,0,0,0,0,3,3,3,0,2,0,0,4,0
9991,0,0,0,0,4,0,0,2,2,2,3,2,0,2,1,0,3,0
9992,0,2,0,0,3,0,0,0,1,2,2,1,0,1,0,0,2,0
9993,0,4,0,0,0,0,0,0,0,2,3,3,0,4,0,0,1,0
9994,0,4,0,0,2,4,0,0,0,3,2,3,0,4,0,0,1,0
9995,0,3,0,0,1,0,0,0,1,1,3,2,0,1,0,0,2,0
9996,0,4,1,0,1,1,0,1,4,1,3,3,0,4,4,0,3,0
9997,0,4,0,0,1,1,0,0,0,2,2,1,1,4,0,0,4,4
9998,0,4,0,0,4,0,0,0,0,4,4,3,0,1,0,0,4,0
9999,0,3,2,0,1,1,0,4,1,3,2,1,0,4,1,4,4,0
10000,0,2,0,0,4,0,0,0,0,2,1,1,0,2,0,0,2,0
10002,0,0,0,0,1,1,0,0,0,1,4,2,0,2,1,0,3,1
10003,0,3,0,0,1,4,0,1,1,1,2,2,0,2,0,0,2,4
10004,1,4,0,0,0,0,0,0,0,1,3,2,0,3,1,4,0,0
10005,0,3,0,0,2,0,4,1,1,3,3,2,0,4,0,0,2,1
10006,0,2,0,0,0,0,0,4,0,1,1,2,0,1,1,0,2,0
10007,0,1,0,0,0,0,0,2,0,3,4,4,2,3,4,0,2,0
10008,0,3,4,0,3,4,0,4,3,2,3,4,0,1,4,0,2,0
10009,0,1,4,0,4,0,0,1,0,3,3,3,0,4,1,0,2,4
10010,2,3,2,0,4,4,0,0,2,1,1,2,0,2,3,4,4,2
10011,0,4,4,0,1,0,0,1,0,4,2,1,4,1,4,0,1,0
10012,0,2,0,0,4,0,0,0,0,1,2,2,0,2,4,0,3,0
10013,0,3,4,0,1,1,4,3,4,3,4,3,0,1,0,0,2,1
10014,0,1,3,0,0,2,0,0,0,3,2,2,4,4,3,0,1,0
10015,0,4,0,0,2,1,0,1,4,4,2,3,0,3,2,0,3,2
10016,0,3,2,0,1,0,0,0,1,4,1,2,0,2,1,0,3,1
10017,0,1,0,0,0,0,0,4,0,1,3,3,0,2,4,0,1,0
10018,0,2,0,0,4,1,0,1,0,3,3,3,0,1,0,0,1,0
10019,0,4,0,0,0,0,0,0,0,1,4,3,0,4,1,0,3,0
10020,0,4,0,0,0,0,0,0,0,3,4,4,0,2,0,0,3,2
10021,0,4,0,0,4,0,0,1,1,4,1,4,0,1,4,0,1,4
10022,0,4,0,0,4,3,0,0,0,4,2,4,0,1,0,0,2,0
10023,0,4,0,0,4,0,0,1,0,3,1,4,0,3,4,0,2,0
10024,0,1,4,0,4,0,0,3,2,1,2,3,0,1,3,0,1,4
10025,0,2,4,4,0,4,2,1,3,4,2,3,2,3,1,2,2,1
10026,0,0,4,0,1,2,0,0,0,1,2,2,0,4,0,0,2,0
10027,4,3,0,0,3,4,0,1,2,3,3,3,0,4,4,0,2,0
10028,0,2,0,0,1,1,0,1,0,3,3,3,1,4,3,1,2,4
10029,0,1,0,0,1,0,0,0,0,3,3,2,0,4,4,0,1,0
10030,0,2,0,0,3,0,0,0,0,4,1,2,0,4,0,0,0,0
10031,0,4,3,4,0,1,0,0,4,4,4,4,3,0,1,3,4,1
10032,0,4,0,0,0,0,0,0,0,4,4,3,0,0,4,0,1,0
10033,0,0,0,0,0,0,0,2,0,3,3,1,0,1,1,0,4,1
10034,0,4,0,0,2,0,0,4,0,2,2,1,0,1,0,0,3,0
10035,0,1,4,0,4,0,0,0,0,2,2,3,0,4,0,0,3,0
10036,0,3,0,0,1,0,0,0,0,4,3,2,0,1,4,0,3,1
10037,0,0,0,0,0,0,0,0,0,4,1,2,0,4,0,0,4,0
10038,0,4,0,0,4,4,0,0,4,3,2,3,0,4,4,0,4,0
10039,0,4,0,0,1,0,0,0,0,3,2,2,0,4,0,0,4,0
10040,0,4,4,0,3,4,0,0,0,2,4,3,0,4,0,0,4,0
10041,0,3,0,0,0,0,0,3,2,1,2,3,0,4,1,0,2,0
10042,0,3,0,0,3,0,0,0,0,4,2,1,0,2,0,0,3,0
10043,0,1,0,0,1,0,0,0,0,2,2,2,0,4,0,0,2,0
10044,0,1,0,0,3,0,0,0,0,3,3,2,0,2,0,0,4,0
10045,0,3,1,0,3,1,0,4,0,4,4,4,0,3,4,0,1,0
10046,0,2,0,0,2,0,0,0,0,2,3,2,0,3,0,0,2,0
10047,1,3,2,1,0,1,0,0,2,1,0,4,4,0,1,1,0,1
10048,0,1,1,0,3,2,0,3,2,1,4,2,1,2,2,4,2,3
10049,2,3,2,0,0,1,0,0,0,2,0,1,1,0,2,1,0,0
10050,0,4,0,0,0,1,0,2,0,3,3,3,0,3,1,0,2,1
10051,1,1,1,0,0,3,0,2,1,2,4,2,0,1,2,2,1,1
10052,1,3,4,4,0,3,0,0,0,1,4,3,3,4,1,0,0,1
10053,0,2,0,0,4,0,1,1,3,2,1,1,0,3,4,0,1,0
10054,0,0,4,0,3,4,1,1,3,3,2,2,0,1,4,0,2,1
10055,0,2,4,0,4,1,0,1,2,1,2,2,0,1,1,0,3,0
10056,0,4,0,0,2,0,0,0,4,2,1,1,0,1,1,0,0,0
10057,0,4,0,0,3,0,0,0,0,1,1,3,0,1,4,0,4,0
10058,0,1,0,0,4,4,0,4,0,3,4,4,2,3,3,0,4,0
10059,4,2,4,0,4,3,4,4,2,4,4,4,0,4,2,4,4,4
10060,0,4,0,0,1,0,0,1,0,3,4,3,0,2,0,0,4,2
10061,0,4,0,0,2,0,0,3,1,3,3,1,0,1,0,0,1,0
10062,0,2,0,0,0,0,0,0,1,4,3,1,0,4,1,0,1,0
10063,0,3,0,0,1,0,0,0,0,2,2,1,0,3,1,0,2,1
10064,2,1,0,0,0,1,0,0,0,2,3,2,3,1,1,3,2,3
10065,0,2,0,0,2,0,0,0,0,2,2,2,0,1,0,0,4,0
10066,0,2,3,0,4,3,0,4,4,4,4,4,1,3,1,4,4,2
10067,0,1,1,4,0,0,0,0,0,3,4,1,1,0,1,1,4,1
10068,0,2,3,0,3,4,2,4,1,3,3,3,0,3,1,4,1,0
10069,0,3,0,0,3,0,0,0,0,3,2,3,0,2,0,0,4,0
10070,3,3,3,0,4,4,0,0,4,1,1,1,3,2,4,2,1,0
10071,4,3,4,4,0,3,0,0,3,3,0,3,2,0,4,4,0,0
10072,0,1,1,1,4,3,0,1,0,4,3,2,4,1,3,2,2,3
10073,0,3,1,0,4,0,1,1,3,2,2,2,0,1,0,0,2,1
10074,0,4,1,4,4,4,0,1,2,2,3,3,0,3,1,0,3,1
10075,0,1,0,0,3,0,0,1,0,3,3,3,4,1,2,0,2,0
10076,0,2,0,0,3,0,0,0,0,2,3,3,0,4,0,0,1,0
10077,0,2,0,0,4,0,0,0,0,3,3,2,0,4,0,0,4,0
10078,0,2,0,0,0,0,0,1,4,2,1,1,0,3,1,0,2,0
10079,0,2,2,0,2,4,3,3,3,4,1,3,0,2,4,0,4,0
10080,0,4,0,0,2,0,0,0,0,2,3,2,0,1,1,0,2,0
10081,1,3,4,0,3,3,0,4,2,3,3,4,4,4,2,1,2,0
10083,0,1,1,0,4,0,0,3,4,2,1,3,0,2,4,0,3,4
10084,0,1,2,0,3,0,0,1,4,3,2,3,0,3,4,0,4,0
10085,0,3,3,0,1,4,0,0,0,3,4,3,1,2,4,0,4,4
10086,0,4,0,0,2,1,0,0,0,4,3,2,0,3,4,0,2,4
10087,0,3,1,0,1,1,0,1,0,3,1,2,0,2,4,0,2,0
10088,0,2,4,0,4,1,0,1,4,4,3,3,0,3,3,0,3,3
10089,0,1,0,0,0,4,0,0,4,3,4,2,4,3,2,4,0,2
10090,0,2,0,0,1,3,0,1,0,4,1,1,0,1,0,1,2,4
10091,1,4,4,0,0,1,3,3,2,1,1,2,2,1,2,4,3,0
10092,0,3,0,0,4,1,0,0,0,2,2,3,1,1,0,0,4,4
10093,0,3,0,0,4,0,0,0,0,2,4,3,0,2,0,0,3,1
10094,0,0,2,0,1,1,0,1,1,2,4,1,0,2,0,0,3,1
10095,0,0,0,0,0,0,0,0,0,3,3,3,0,1,0,0,4,0
10096,4,4,0,1,4,0,0,2,1,4,4,4,4,4,4,0,4,0
10097,1,3,1,0,1,4,0,4,0,3,3,2,3,4,4,0,2,4
10098,0,1,2,0,1,3,0,0,0,1,4,3,1,1,3,1,1,1
10099,0,0,0,0,0,1,0,0,0,3,4,4,0,4,0,0,3,0
10100,0,4,0,0,3,0,0,0,0,1,3,3,0,2,0,0,1,0
10101,4,4,0,0,0,0,0,0,0,1,3,3,1,1,4,2,1,4
10102,0,4,1,0,3,3,1,2,2,3,3,2,1,3,1,0,1,0
10103,0,1,1,0,3,0,0,1,0,3,3,2,0,3,2,0,1,0
10104,0,2,0,0,1,1,0,2,0,2,3,2,0,2,1,0,4,4
10105,0,2,0,0,0,0,0,2,0,1,2,2,0,3,4,0,2,1
10106,0,3,0,0,1,1,0,4,0,2,2,2,4,2,4,0,4,0
10107,3,4,3,0,0,1,4,1,2,3,1,2,2,2,3,4,4,4
10108,0,4,0,0,2,0,0,1,0,2,3,2,0,1,0,0,2,3
10109,0,1,0,0,4,4,0,2,0,3,4,3,4,3,4,0,4,4
10110,0,4,0,0,0,0,0,0,4,2,3,1,0,4,0,0,4,0
10111,0,0,1,0,0,4,0,0,0,2,2,2,4,4,4,0,3,0
10112,1,4,1,1,1,1,0,1,0,2,3,2,4,3,0,0,1,0
10113,0,3,0,0,1,0,0,1,1,2,1,3,0,3,4,0,2,0
10114,0,1,0,0,3,3,0,2,1,2,3,4,4,3,4,0,1,0
10115,0,3,0,0,3,0,0,4,0,2,3,2,0,4,4,0,4,4
10116,0,0,0,0,0,2,1,3,4,3,2,3,0,4,4,0,3,0
10117,0,4,1,0,1,2,0,1,1,1,3,4,0,2,3,0,3,0
10118,0,1,0,0,0,0,0,3,2,3,4,2,0,3,0,0,3,0
10119,0,2,4,0,0,2,0,0,0,3,4,2,4,0,2,0,0,1
10121,0,2,0,0,4,0,0,0,0,2,2,2,0,1,0,0,4,0
10122,0,4,0,0,4,1,1,4,4,4,4,4,0,4,4,0,4,0
10123,0,3,4,0,4,4,0,0,0,1,3,3,1,4,3,1,3,0
10124,0,0,0,0,0,0,0,0,0,1,1,2,0,2,0,0,3,0
10125,1,3,4,0,1,4,0,2,1,1,2,4,3,4,2,3,4,3
10126,0,4,4,0,3,0,0,1,4,3,3,1,0,1,0,0,3,1
10127,0,3,0,0,0,4,0,3,4,3,1,3,0,4,0,0,2,0
10128,0,4,0,0,3,0,0,0,0,3,2,2,0,1,0,0,2,0
10129,0,1,1,3,0,0,0,1,0,4,4,2,0,4,4,1,3,0
10130,4,3,3,0,1,2,0,0,4,2,1,2,3,0,2,2,1,2
10131,0,2,0,0,4,1,0,1,0,2,3,4,0,3,1,0,3,1
10132,0,2,3,0,1,1,0,1,3,4,2,4,4,3,3,1,2,0
10133,0,1,0,0,3,0,0,3,4,1,1,1,0,3,0,0,2,0
10134,0,3,0,0,3,0,0,0,0,3,3,3,0,2,0,0,4,0
10135,1,2,4,0,0,4,0,0,0,2,2,2,2,4,2,3,0,3
10136,1,3,0,0,0,0,0,0,0,2,1,1,1,4,0,1,0,1
10137,0,4,0,0,3,0,0,0,0,2,2,3,0,1,0,0,4,0
10138,0,2,0,0,4,0,0,0,0,3,2,2,0,1,0,0,3,0
10139,0,1,1,0,4,0,0,1,0,1,3,2,0,2,0,0,2,0
10140,0,0,0,0,0,0,0,1,0,3,4,4,0,1,0,0,1,0
10141,0,2,0,0,3,1,0,3,0,2,2,3,0,2,4,0,1,2
10142,0,1,0,0,0,4,0,2,0,4,3,2,0,4,4,0,4,0
10143,0,3,0,0,3,1,0,0,0,2,3,3,1,3,4,4,0,0
10144,4,4,1,4,0,4,0,0,0,3,2,4,4,1,3,1,1,3
10145,0,4,0,0,0,1,0,0,1,1,4,3,4,0,3,4,0,0
10146,0,3,4,0,1,4,0,3,4,1,4,4,0,4,1,0,2,0
10147,0,1,0,0,0,0,0,0,1,3,4,3,1,1,2,0,4,0
10148,0,3,3,0,3,1,2,2,2,4,4,3,0,3,1,0,4,3
10149,0,1,1,0,4,0,0,0,0,4,1,2,1,3,1,0,2,0
10150,0,0,0,0,4,4,0,2,2,2,2,3,0,3,1,0,3,0
10151,0,3,0,0,0,1,4,0,3,3,2,3,0,2,1,4,4,0
10152,0,4,0,0,1,0,0,0,0,2,1,3,0,1,2,0,4,0
10153,0,1,0,0,3,1,0,0,0,3,3,2,1,4,1,0,3,0
10154,0,3,0,0,2,0,0,0,0,2,3,4,0,1,0,0,3,0
10155,0,4,0,0,0,0,0,0,0,3,1,1,1,1,0,0,0,0
10156,0,4,0,0,1,1,0,2,0,1,3,2,0,4,0,0,1,0
10157,4,4,2,1,0,1,4,4,4,2,4,3,2,4,4,1,0,4
10158,0,3,0,0,2,1,0,0,0,2,3,3,0,1,0,0,1,0
10159,0,3,1,0,4,0,0,4,4,1,3,3,0,2,0,0,2,0
10160,0,3,0,0,1,0,0,0,0,4,3,2,0,1,0,0,1,0
10161,0,2,3,1,4,3,0,3,4,4,4,2,0,1,3,0,3,4
10162,0,1,0,0,1,0,0,0,0,3,1,2,0,1,1,0,2,0
10163,0,4,0,0,3,0,0,0,0,1,3,4,0,4,0,0,1,0
10164,3,1,1,3,0,1,0,0,0,1,0,1,1,0,2,2,0,1
10165,0,3,1,0,0,0,0,3,0,1,2,1,0,4,3,0,1,0
10166,0,1,4,0,3,4,0,4,0,2,3,2,0,2,1,0,3,4
10167,0,2,4,0,1,4,0,0,0,3,2,3,0,4,1,0,3,0
10168,3,1,1,4,0,1,0,0,2,2,1,2,3,1,2,2,2,3
10169,0,1,3,0,0,0,0,0,1,4,3,3,4,1,0,0,0,0
10170,0,2,1,0,2,0,0,0,0,3,2,2,0,2,0,0,3,0
10171,0,1,0,0,2,0,1,4,1,3,4,4,0,4,1,0,2,0
10172,0,0,1,0,3,3,0,0,0,3,2,4,4,1,4,0,4,0
10173,0,2,4,0,0,0,0,0,0,4,1,4,1,0,0,0,1,0
10174,0,4,0,0,1,0,0,0,0,3,3,4,0,1,0,0,3,0
10175,0,4,0,0,1,0,0,2,0,3,3,3,4,1,0,0,4,0
10176,0,2,0,0,4,0,0,0,0,4,4,3,0,4,0,0,4,0
10177,3,4,2,3,2,3,0,1,4,1,3,3,3,1,2,4,4,4
10178,4,2,2,0,1,1,0,0,3,1,1,2,4,1,3,2,1,4
10179,0,1,1,0,2,0,0,0,0,1,1,2,4,2,4,0,3,0
10180,0,1,0,0,4,0,2,2,1,4,3,3,0,3,4,0,2,0
10181,0,4,1,0,0,0,0,0,0,2,4,4,4,3,1,1,0,1
10182,0,3,4,0,3,4,0,1,0,4,3,2,0,1,1,0,3,0
10183,4,1,1,0,2,1,0,0,0,0,1,2,0,4,0,0,3,0
10184,0,1,0,0,4,1,0,1,3,1,4,3,0,2,0,0,3,1
10185,0,4,4,0,0,4,1,2,4,3,3,3,0,1,4,0,4,0
10186,0,4,1,0,4,4,2,3,4,2,3,2,1,2,2,1,2,0
10187,0,0,0,0,0,0,0,1,0,1,2,2,0,2,1,0,1,1
10188,0,2,0,0,0,4,3,4,3,4,2,2,0,2,4,1,3,0
10189,0,4,4,0,0,0,0,3,0,1,3,3,0,4,0,0,2,0
10190,0,4,4,0,1,4,0,4,0,4,2,3,4,1,1,0,3,0
10191,0,4,0,0,2,0,0,1,0,2,3,1,0,3,1,0,4,0
10192,0,4,2,0,4,3,0,1,0,2,1,2,3,3,4,0,1,4
10193,0,4,0,0,4,4,3,2,3,2,3,3,4,2,1,0,2,0
10194,0,2,0,0,1,1,0,0,4,1,2,3,0,2,4,0,4,0
10195,0,2,3,0,4,3,4,3,4,2,1,1,0,3,2,0,2,4
10196,3,2,3,4,1,1,0,1,1,2,4,2,3,0,4,4,1,0
10197,0,4,0,1,0,0,0,0,0,4,2,3,4,0,4,0,4,0
10198,0,2,0,0,0,1,0,0,4,2,2,3,4,2,3,0,1,0
10199,0,1,0,0,0,4,0,1,0,1,1,1,4,3,4,0,2,0
10200,0,4,4,0,0,4,0,2,0,1,1,1,0,3,4,0,2,0
10201,0,3,3,4,2,3,0,2,1,3,4,3,2,4,1,3,3,4
10202,0,2,0,0,2,0,0,0,0,2,2,2,0,3,1,0,1,0
10203,0,1,1,1,4,1,0,1,2,4,4,2,0,2,4,0,1,4
10204,0,0,0,0,1,0,0,1,0,2,1,2,0,2,0,0,1,0
10205,1,2,1,0,0,3,0,4,0,3,1,1,0,2,1,0,2,0
10206,0,4,0,0,4,4,0,2,0,3,4,3,0,3,1,0,3,0
10207,0,1,0,0,4,4,2,4,4,3,3,3,4,4,0,0,4,0
10208,0,1,0,0,0,0,0,4,0,3,3,3,0,4,4,0,4,0
10209,0,1,0,0,1,0,4,4,4,1,2,1,0,1,0,0,3,1
10210,3,2,1,1,0,0,0,4,1,3,1,1,3,2,1,4,3,0
10211,0,4,1,0,3,1,0,2,4,1,2,3,0,2,1,0,1,0
10212,0,3,0,0,1,0,0,0,0,3,4,3,0,4,0,0,2,0
10213,4,3,3,3,0,4,0,0,4,3,4,4,1,4,3,2,4,2
10214,0,4,0,1,0,4,4,0,4,4,4,4,0,1,4,4,1,0
10215,0,4,0,0,4,0,0,0,0,4,4,4,0,4,0,0,1,0
10216,0,4,0,0,2,0,0,0,0,4,3,3,0,2,0,0,4,0
10218,0,0,0,0,4,0,0,0,0,3,3,3,0,0,0,0,1,0
10219,0,0,0,0,0,0,0,3,1,2,2,4,0,3,1,0,2,0
10220,0,1,0,0,0,0,0,4,0,2,2,2,0,2,2,0,2,0
10221,1,3,3,1,0,1,0,0,1,3,4,1,1,0,4,3,3,1
10222,1,4,1,0,2,1,4,2,4,4,3,2,1,2,1,0,2,4
10223,0,3,0,0,1,0,0,0,4,2,2,3,0,2,4,0,3,0
10224,1,2,2,0,0,1,0,0,0,4,1,4,2,0,2,0,0,4
10225,0,4,4,0,4,0,0,0,0,2,3,3,0,0,0,0,1,1
10226,0,1,0,0,0,0,0,0,0,1,2,3,0,2,1,0,1,0
10227,4,1,1,1,3,1,0,0,0,3,2,3,4,4,1,4,2,4
10228,0,4,4,0,3,4,0,4,0,2,4,4,0,4,0,0,4,0
10229,0,3,0,0,2,0,0,0,0,2,2,2,0,1,0,0,4,0
10230,0,4,0,0,2,0,0,4,0,4,4,4,0,4,4,0,4,0
10231,0,3,0,0,4,4,0,1,4,3,3,2,0,4,2,0,2,0
10232,0,1,1,0,1,1,0,1,1,3,4,3,0,2,1,0,3,4
10233,0,4,1,0,0,1,0,1,0,4,3,3,0,4,0,0,4,0
10234,0,4,0,0,0,4,0,0,0,3,3,4,2,4,1,1,4,3
10235,0,4,1,0,1,4,0,3,4,1,3,2,0,2,1,0,2,0
10236,0,3,0,0,2,0,0,2,2,3,3,2,0,2,0,0,2,0
10237,0,4,0,0,4,0,0,0,0,2,3,2,0,0,0,0,0,0
10238,0,2,0,0,2,4,0,0,0,1,2,3,0,1,0,0,1,0
10239,0,0,4,0,0,0,0,4,0,4,4,4,0,3,2,0,1,4
10240,0,2,0,0,4,3,0,3,0,4,2,2,0,3,4,0,2,0
10241,0,0,4,0,0,4,0,4,2,1,1,3,4,4,1,1,0,4
10242,0,3,3,0,1,0,0,1,0,3,2,2,0,3,4,0,1,0
10243,0,4,1,0,0,4,0,1,0,3,3,4,4,3,2,1,0,0
10244,0,1,1,0,4,0,1,2,3,4,3,2,0,1,1,0,2,0
10245,0,4,0,0,0,3,0,2,1,4,3,3,0,1,4,0,3,0
10246,4,2,2,1,0,4,0,0,4,3,4,2,3,4,1,1,0,4
10247,0,1,0,0,3,1,0,0,0,3,3,3,0,3,2,0,4,0
10248,0,2,0,0,0,0,0,4,0,3,2,4,1,4,0,0,4,4
10249,1,4,0,0,0,1,0,1,4,1,2,3,1,4,1,0,3,0
10250,0,4,0,0,1,0,0,3,0,3,3,3,0,4,0,0,2,0
10251,0,1,0,0,0,0,0,3,0,3,2,3,1,2,4,0,3,0
10252,0,4,0,0,0,0,0,1,2,2,1,2,0,4,0,0,1,0
10253,1,4,1,1,0,4,0,0,3,1,0,4,3,0,4,4,0,0
10254,1,2,4,0,0,1,0,0,0,4,4,4,3,0,2,4,0,4
10255,0,4,3,0,0,3,0,0,0,2,4,3,4,4,3,4,0,2
10256,0,2,0,0,1,0,4,0,0,2,4,4,0,1,0,0,2,0
10257,0,3,0,0,0,0,0,0,0,3,2,3,0,4,0,0,2,0
10258,0,1,0,0,1,4,0,0,4,3,3,3,0,1,0,0,4,0
10259,0,2,0,0,4,0,0,4,0,4,3,3,0,3,1,0,1,0
10260,0,4,0,0,0,4,4,3,2,1,4,3,4,3,0,0,2,3
10261,0,3,1,0,2,0,0,0,1,1,2,3,0,3,1,0,3,0
10262,0,3,0,0,4,0,0,0,4,3,4,4,0,0,4,0,4,0
10263,0,4,0,0,1,0,0,1,0,1,1,2,0,3,4,0,1,1
10264,0,1,1,0,4,0,1,2,4,3,3,3,4,2,1,0,3,1
10265,0,4,4,1,0,2,0,0,1,4,1,1,3,0,2,0,0,0
10266,4,2,1,1,2,4,0,0,0,2,2,3,1,4,4,0,2,0
10267,0,1,2,0,4,4,0,2,1,3,4,4,0,2,1,0,3,1
10268,0,3,4,0,3,4,0,4,0,3,1,3,0,2,0,0,3,4
10269,1,3,3,0,4,1,0,0,1,3,3,4,4,1,1,1,2,4
10270,0,0,0,0,1,0,0,1,0,1,2,2,0,3,0,0,3,2
10271,1,2,1,0,0,3,0,4,0,2,4,3,4,3,1,1,4,0
10272,0,2,1,0,2,1,2,3,3,4,3,3,0,3,1,0,2,0
10273,0,3,0,0,0,4,0,0,0,2,4,3,2,0,2,4,0,4
10274,0,4,0,0,4,4,0,4,1,0,2,3,0,2,3,0,1,0
10275,0,2,0,0,3,0,0,2,0,3,2,2,0,3,2,0,2,0
10276,0,1,0,0,4,0,0,0,0,3,3,2,0,4,0,0,4,0
10277,0,1,0,0,2,1,1,1,0,1,3,2,0,1,0,0,2,0
10278,0,3,0,0,4,0,1,2,4,1,2,2,0,2,0,0,1,0
10279,0,3,0,0,3,0,0,0,0,1,3,1,0,2,1,0,1,0
10280,0,2,4,0,1,1,0,1,2,1,2,1,0,1,4,0,1,0
10281,0,2,0,0,3,0,0,1,4,1,2,2,0,3,0,0,2,4
10282,0,1,0,0,3,3,0,0,0,3,3,2,0,1,1,0,3,0
10283,4,2,2,1,0,4,0,0,3,2,0,2,1,0,2,4,0,0
10284,0,1,4,1,0,4,0,0,0,2,0,1,1,0,4,2,0,1
10285,0,2,0,0,3,0,0,0,0,3,3,4,0,2,0,0,1,0
10286,0,1,0,0,1,4,0,0,0,4,4,3,0,3,0,0,1,0
10287,0,4,0,0,4,0,0,4,0,4,1,3,0,3,4,0,1,0
10288,0,4,3,1,1,2,4,4,3,2,1,1,3,1,1,4,1,3
10289,0,3,0,0,0,0,0,2,4,3,3,4,0,3,0,0,4,0
10290,1,4,1,0,3,1,0,2,0,1,2,2,2,4,1,0,1,0
10291,0,4,4,0,0,0,0,2,4,1,4,3,0,3,1,0,2,0
10292,0,3,0,0,4,2,0,0,1,3,3,2,1,1,2,0,3,0
10293,0,4,4,0,4,0,0,4,4,3,3,3,0,4,0,0,4,0
10294,0,4,1,0,4,4,0,4,0,2,3,3,4,3,4,0,2,0
10295,0,3,2,0,0,2,0,0,0,3,1,4,2,1,1,3,1,4
10296,0,3,0,0,2,0,4,4,0,3,3,4,0,4,4,0,4,0
10297,0,3,0,0,0,0,0,0,0,3,1,1,4,4,0,0,2,0
10298,0,2,0,0,4,0,0,3,0,1,2,3,0,2,4,0,2,0
10299,0,4,0,0,4,0,1,0,1,1,2,2,0,1,0,0,1,0
10300,0,1,0,0,4,0,0,4,2,1,3,3,0,4,0,0,1,0
10301,0,3,4,0,3,4,0,1,1,2,2,2,0,1,4,0,2,0
10302,4,3,1,1,0,2,0,1,1,4,4,4,1,2,2,1,0,2
10303,0,1,0,0,2,4,1,0,4,2,1,1,0,1,4,0,1,4
10304,0,1,0,0,0,2,0,2,1,1,1,1,1,2,3,0,2,0
10305,0,4,3,0,1,4,0,1,4,3,3,3,0,3,4,0,2,4
10306,0,3,0,0,0,0,0,0,0,3,0,3,1,0,0,0,0,0
10307,0,1,3,0,0,4,0,0,1,1,0,4,3,0,2,0,0,0
10308,0,2,0,0,3,0,1,4,1,1,2,2,0,2,1,0,4,0
10309,0,2,0,0,4,4,0,2,3,3,2,2,0,3,1,0,2,0
10310,0,1,0,0,2,0,0,2,4,3,3,3,1,1,3,0,2,0
10311,0,1,0,0,1,4,0,0,0,3,3,2,0,2,1,0,2,0
10312,0,3,0,0,2,1,0,0,0,1,3,1,0,4,4,0,4,0
10313,0,4,0,0,0,0,0,0,0,4,3,4,0,1,1,0,3,0
10314,0,4,0,0,4,0,1,4,0,2,2,3,0,2,0,0,3,0
10315,0,3,0,0,4,0,0,2,4,4,4,3,0,1,0,0,1,1
10316,0,1,0,0,4,0,0,0,0,3,3,3,0,1,0,0,1,0
10318,0,2,4,0,4,1,0,4,0,3,4,3,0,3,0,0,2,0
10319,0,2,0,0,2,0,0,0,0,3,2,4,0,4,0,0,3,0
10320,0,3,0,0,0,0,0,1,3,4,3,4,0,2,0,0,1,0
10321,0,1,1,0,1,1,0,4,1,4,2,3,0,1,1,0,4,0
10322,0,3,0,0,1,1,0,0,0,3,3,2,0,0,0,0,1,0
10323,0,3,0,0,1,0,0,0,0,2,3,3,0,2,0,0,3,0
10324,0,2,1,0,4,0,0,1,0,1,1,2,2,3,3,0,2,0
10325,0,3,0,0,1,0,0,0,0,3,1,2,0,1,0,0,1,0
10326,0,4,0,0,4,0,0,1,0,2,2,3,0,2,0,0,0,0
10327,0,3,4,0,0,0,0,4,4,3,4,4,2,3,1,0,1,0
10328,4,1,1,0,0,2,0,2,4,1,1,1,1,1,3,2,2,4
10329,0,4,0,1,0,1,0,0,1,3,3,1,2,0,1,0,4,1
10330,0,4,0,0,2,0,0,0,0,1,3,2,1,4,0,0,3,0
10331,0,4,0,0,4,0,0,0,1,2,3,3,0,2,0,0,2,0
10332,0,4,1,0,3,0,0,0,0,3,2,3,0,4,4,0,4,0
10333,4,2,1,0,0,2,0,1,0,2,2,2,1,2,2,4,3,4
10334,0,1,0,0,4,0,0,4,0,4,2,2,0,4,1,0,2,0
10335,0,4,1,0,3,1,0,0,0,1,1,3,0,3,4,1,2,0
10336,0,3,0,0,0,1,1,0,2,1,2,2,4,2,4,0,1,0
10337,0,1,0,0,0,0,0,2,4,3,1,2,4,3,1,0,2,0
10338,0,1,0,0,1,0,0,4,0,4,1,3,0,1,1,0,1,1
10339,0,1,0,0,1,0,0,0,0,1,2,2,4,3,0,0,2,0
10340,1,4,0,0,0,3,1,0,4,3,1,3,2,0,2,0,0,4
10341,4,2,1,0,1,1,2,2,2,3,2,3,4,3,1,0,1,1
10342,0,4,4,4,1,0,0,3,1,4,3,4,0,3,4,0,3,0
10343,0,3,1,1,0,2,0,0,2,1,1,2,1,3,3,1,1,3
10344,0,3,0,0,4,0,0,0,0,1,2,2,0,0,1,0,0,0
10346,0,3,0,0,0,0,0,3,1,3,4,3,0,2,0,0,2,0
10347,0,1,0,0,4,1,0,1,0,2,2,2,0,2,0,0,3,0
10348,0,3,0,0,4,4,3,1,3,3,3,3,3,3,4,0,4,0
10349,0,0,1,0,1,0,0,0,0,2,1,1,0,1,4,0,2,0
10350,0,0,0,0,2,0,0,2,0,3,3,4,0,0,4,0,0,0
10351,0,1,0,0,1,0,0,0,4,4,2,2,0,4,0,0,3,0
10352,0,4,0,0,0,0,0,0,0,3,2,3,1,2,0,1,1,4
10353,0,1,0,0,0,0,0,0,0,2,2,3,0,0,0,0,3,0
10354,0,4,0,0,0,1,0,2,0,4,3,3,0,3,0,0,2,0
10355,0,4,0,0,2,0,0,4,0,3,3,4,0,3,4,0,4,0
10356,0,4,1,0,2,1,0,0,0,2,2,2,0,2,0,0,4,0
10357,0,4,1,1,0,2,0,0,0,2,1,2,2,0,1,3,4,0
10358,0,2,0,0,1,0,0,4,0,3,1,2,0,3,3,0,4,0
10359,4,2,1,0,0,3,0,0,0,1,4,2,4,4,2,1,4,1
10360,0,2,0,0,1,1,0,1,3,3,2,3,0,1,4,4,3,0
10361,0,3,4,0,3,2,0,1,1,1,1,2,4,1,1,1,3,4
10362,0,2,0,0,1,1,4,3,4,3,3,2,0,2,1,0,3,1
10363,2,4,4,0,0,2,1,4,4,4,4,4,3,4,2,4,2,4
10364,0,1,2,4,0,1,0,0,0,4,4,4,1,0,3,3,0,1
10365,0,0,0,0,0,0,0,1,0,2,1,1,0,3,4,0,2,0
10366,4,2,2,1,0,4,0,0,0,2,0,2,4,4,3,0,4,0
10367,4,3,4,4,4,4,0,2,3,3,2,3,0,2,1,1,2,4
10368,0,3,4,0,1,0,0,4,0,1,1,1,0,4,1,0,1,0
10369,0,1,0,1,1,1,0,0,0,4,2,4,0,4,1,0,1,0
10370,0,3,0,0,0,0,0,0,4,3,0,2,0,0,4,0,0,0
10371,0,4,0,0,3,4,4,2,1,3,4,3,0,2,4,0,4,4
10372,0,4,0,0,0,4,0,4,4,0,4,4,0,4,1,0,4,0
10373,0,0,0,0,0,0,0,2,0,1,1,2,0,1,0,0,1,0
10374,0,3,0,0,1,0,0,1,1,4,4,3,0,3,0,0,2,0
10375,0,3,3,0,0,2,0,0,0,2,0,2,3,0,4,1,0,0
10376,4,4,4,4,1,4,0,3,4,2,3,4,3,1,3,4,2,4
10377,0,2,4,0,3,0,4,3,3,1,2,1,0,3,2,0,3,1
10378,0,4,0,0,3,2,0,2,4,4,4,3,0,2,2,0,3,4
10379,0,4,0,0,3,0,0,0,1,1,1,1,0,4,0,0,0,0
10380,0,1,1,0,2,1,0,4,0,2,2,1,1,4,1,0,1,0
10381,0,4,0,0,3,0,0,4,0,2,3,2,1,4,0,0,4,0
10382,0,4,0,0,0,1,0,3,3,2,3,2,0,3,4,0,4,0
10383,0,2,0,0,4,4,0,0,0,4,4,4,0,1,4,0,4,4
10384,0,1,2,0,0,1,0,0,3,4,1,1,3,4,2,1,0,0
10385,0,0,0,0,0,0,0,0,0,4,3,2,0,4,0,0,2,0
10386,0,3,1,0,0,4,0,0,0,3,0,4,4,0,2,0,0,0
10387,0,0,0,0,2,0,0,0,0,2,2,2,0,2,0,0,1,4
10388,0,3,1,0,2,0,0,0,0,3,2,3,0,1,0,0,4,0
10389,0,2,3,0,1,4,0,0,1,3,1,1,1,4,3,2,1,0
10390,0,4,0,0,4,2,0,0,0,3,4,4,4,4,4,0,4,4
10391,0,4,0,0,0,4,0,4,0,2,1,3,0,1,0,0,4,0
10392,0,4,0,0,3,4,0,2,4,2,3,3,0,1,4,0,2,0
10393,0,0,2,0,2,0,0,0,0,2,4,1,0,3,2,0,2,1
10394,4,2,2,0,0,3,0,0,0,2,4,4,3,0,2,0,0,0
10395,0,4,0,0,4,0,4,3,3,2,2,2,0,3,2,0,2,4
10396,0,3,0,0,1,0,0,1,0,2,4,3,0,1,4,0,4,1
10397,0,1,0,0,0,4,0,0,0,0,0,4,0,0,0,4,0,0
10398,0,4,0,0,3,4,0,0,0,4,3,4,0,2,0,0,4,0
10399,0,1,2,0,1,4,1,1,1,3,2,1,2,3,3,1,1,1
10401,0,0,0,0,0,0,0,0,0,4,3,2,0,0,0,0,4,0
10402,0,2,1,0,0,2,0,2,4,4,3,3,0,1,0,0,2,4
10403,0,4,0,0,1,0,0,0,0,2,2,3,0,3,4,0,3,0
10404,2,4,2,0,0,3,0,4,1,1,4,4,4,1,2,3,0,2
10405,4,3,0,2,1,2,0,4,1,4,4,4,2,4,4,4,4,3
10406,0,4,4,4,2,4,0,4,0,3,3,2,1,3,4,0,4,4
10407,0,4,0,0,4,0,0,0,0,2,2,2,4,3,4,0,1,0
10408,0,4,4,0,4,3,0,4,0,2,3,3,4,3,2,0,2,4
10409,0,2,1,0,0,1,4,1,3,3,3,2,0,1,0,0,2,0
10410,0,0,0,0,0,0,0,0,0,2,4,4,0,4,0,0,2,0
10411,0,4,4,0,2,1,0,1,1,2,2,1,4,3,4,3,1,0
10412,0,0,0,0,4,0,0,0,0,1,3,3,0,3,0,0,3,0
10413,0,4,0,0,2,0,0,0,0,4,2,3,3,2,1,0,2,0
10414,4,1,1,0,1,4,0,1,0,1,2,3,1,1,3,0,4,4
10415,0,1,1,3,4,3,0,0,4,1,2,1,1,3,3,1,4,2
10416,0,1,1,0,1,1,0,1,4,2,1,2,0,2,0,0,1,0
10417,0,4,1,0,4,4,0,0,0,4,2,1,0,3,4,0,4,4
10418,0,4,0,0,1,0,0,1,0,1,4,2,0,4,0,0,4,0
10419,0,0,0,0,0,0,1,4,1,1,1,1,0,1,4,0,2,1
10420,1,3,3,0,0,3,0,0,4,4,1,1,2,0,3,2,0,0
10421,0,2,0,0,2,0,0,0,0,2,3,2,0,1,0,0,4,0
10422,0,2,2,0,0,1,0,0,0,1,4,2,4,0,4,0,0,0
10423,0,3,4,0,1,0,0,0,0,2,3,3,0,1,4,0,4,4
10424,0,4,0,4,2,3,0,0,0,3,2,2,1,4,4,1,4,3
10425,0,1,4,0,1,4,1,4,4,2,3,3,0,1,0,0,2,0
10426,0,3,0,0,0,0,0,1,1,2,3,3,0,3,1,0,1,1
10428,0,1,0,0,3,4,0,4,1,4,2,1,4,1,0,0,1,1
10429,3,3,4,0,4,1,0,4,4,2,1,2,4,2,1,3,2,0
10430,4,4,0,0,1,1,0,1,4,4,3,2,0,4,0,0,1,0
10431,0,3,4,0,4,4,4,2,2,2,3,3,0,3,4,4,4,0
10432,0,2,0,0,4,0,0,4,0,3,2,2,0,2,4,0,2,0
10433,0,1,0,0,1,0,0,0,0,1,4,4,0,2,0,0,3,0
10434,1,4,4,0,1,3,0,0,4,3,2,3,1,4,3,0,2,0
10435,0,3,0,0,0,0,0,1,0,3,4,3,0,1,4,0,1,4
10436,0,1,0,0,2,0,4,2,4,1,1,3,0,1,0,0,2,0
10437,0,4,0,0,4,0,0,0,0,4,4,4,0,4,0,0,3,0
10438,0,1,4,0,0,1,0,0,0,1,0,1,1,1,2,1,0,0
10439,0,4,0,0,0,4,0,0,0,2,2,2,0,1,0,0,2,0
10440,0,3,0,0,2,0,0,0,0,1,3,2,0,3,0,0,4,0
10441,0,4,0,0,0,0,0,4,0,3,2,1,0,1,0,0,2,0
10442,4,4,1,4,0,3,0,0,0,3,1,2,2,0,2,1,4,0
10443,0,4,0,0,4,0,2,4,0,2,3,2,0,3,0,0,3,0
10444,2,4,3,1,0,2,0,2,3,2,1,2,3,3,4,1,4,1
10445,0,2,2,0,0,4,0,0,0,4,1,1,2,4,2,2,1,3
10446,0,2,0,0,4,4,0,0,4,3,1,2,0,4,0,0,3,0
10447,0,2,4,0,2,0,0,4,0,3,2,3,0,3,0,0,2,1
10448,0,1,0,0,2,4,0,2,3,2,3,2,0,2,0,0,3,4
10449,0,2,0,0,3,0,0,0,0,2,2,2,0,0,0,0,0,0
10450,0,4,0,0,4,0,0,0,0,3,2,4,0,0,0,0,0,0
10451,0,4,0,0,1,1,4,3,3,1,3,2,1,1,1,0,3,0
10452,0,4,0,0,4,0,0,0,2,2,3,2,0,4,0,0,3,0
10453,0,1,0,0,1,0,0,1,3,1,3,3,0,3,0,0,3,0
10454,0,1,4,0,4,0,3,2,1,2,2,2,0,1,0,0,1,0
10455,2,1,4,1,4,3,0,3,0,2,2,2,2,2,3,2,1,2
10456,0,4,1,0,1,3,0,1,4,2,1,2,0,1,4,0,4,4
10457,0,4,0,0,2,0,0,4,0,1,2,3,0,3,2,0,3,0
10458,0,1,1,0,1,1,0,0,1,2,2,2,0,3,1,0,4,0
10459,0,2,0,0,0,1,0,3,0,1,2,2,0,4,0,0,2,0
10460,0,2,1,0,3,1,0,4,3,2,3,4,2,4,3,1,3,1
10461,0,4,0,0,1,1,0,1,0,2,2,1,0,3,3,0,4,0
10462,0,3,0,0,1,2,0,0,0,4,4,3,0,2,1,0,4,1
10463,0,1,0,0,1,0,0,4,4,1,3,3,0,2,0,0,1,0
10464,0,4,0,0,4,0,0,4,0,3,1,3,0,4,0,0,4,0
10466,1,1,4,1,3,3,0,0,0,3,4,3,0,2,1,0,4,0
10467,0,2,0,0,3,0,0,0,0,3,1,4,0,4,0,0,1,0
10468,0,3,4,3,0,3,0,4,3,3,0,3,1,0,2,4,0,2
10469,0,3,2,0,4,3,0,4,4,3,3,2,4,1,1,0,2,0
10470,0,4,0,0,3,0,0,0,0,4,4,4,0,4,0,0,4,0
10471,2,4,2,4,0,4,0,4,4,2,3,2,2,4,2,2,4,2
10472,4,1,3,2,0,3,0,0,4,1,0,4,1,0,4,4,0,4
10473,0,4,3,4,0,2,0,0,0,3,1,4,3,0,4,0,0,0
10474,0,4,0,0,4,0,0,4,0,2,2,3,0,4,0,0,3,0
10475,4,2,4,2,0,1,0,0,1,2,0,1,4,0,3,2,0,0
10476,0,4,0,0,1,0,0,0,0,2,4,4,0,0,0,0,4,0
10477,0,3,0,0,4,0,0,0,0,2,2,2,0,4,2,0,1,0
10478,0,1,4,0,0,1,0,0,0,2,1,2,3,4,4,0,0,1
10479,0,3,1,0,3,0,0,4,0,4,4,4,0,4,1,0,1,4
10480,0,3,1,0,1,2,4,3,4,3,2,2,0,2,2,0,2,1
10481,0,2,0,0,1,0,0,0,0,2,2,4,0,4,4,0,2,0
10482,0,2,1,0,2,4,0,4,0,3,3,3,4,3,0,0,3,0
10483,0,1,0,0,0,1,0,1,1,1,3,3,0,1,4,0,0,0
10484,0,1,0,0,4,0,0,0,0,3,2,2,0,4,0,0,2,0
10485,0,1,4,0,0,2,0,1,0,2,2,3,0,3,4,0,1,4
10486,0,0,1,0,2,0,0,0,1,2,3,1,0,1,0,0,1,0
10487,0,1,0,0,1,0,0,0,0,3,1,1,0,4,0,0,0,0
10488,0,4,0,0,4,0,0,0,0,2,2,2,1,2,1,0,2,0
10489,0,1,4,0,4,1,4,3,4,2,2,3,0,3,1,0,2,4
10491,0,2,0,0,1,0,0,3,0,2,2,2,0,1,0,0,4,0
10492,0,3,0,0,4,0,0,0,0,3,3,3,0,1,0,0,4,0
10493,0,0,1,0,0,1,0,0,0,4,1,4,3,2,0,0,3,0
10494,0,4,1,0,1,0,0,1,0,3,4,4,0,4,4,0,0,1
10495,4,4,4,0,0,0,0,0,4,1,4,2,1,0,2,1,0,1
10496,4,3,0,1,4,4,0,1,0,2,3,2,4,4,3,0,3,0
10497,0,4,0,0,4,4,0,0,0,3,3,3,4,4,1,0,3,4
10498,0,2,1,0,2,1,0,4,4,2,3,3,0,2,0,0,3,4
10499,0,3,0,0,3,0,0,1,0,2,3,3,1,4,1,0,3,0
10500,0,2,0,0,3,3,4,3,3,4,1,3,4,3,1,0,4,4
10501,0,1,4,0,0,0,0,1,0,1,4,2,0,2,0,0,2,0
10502,0,1,0,0,0,0,0,1,4,3,2,2,0,2,0,0,2,0
10503,0,4,0,0,0,0,0,0,0,2,2,3,0,0,0,0,4,0
10504,0,2,1,4,0,3,0,0,1,3,4,4,1,2,2,2,0,4
10505,0,3,1,0,0,0,0,0,0,4,1,4,0,2,3,0,4,0
10506,0,2,3,4,4,3,0,1,4,4,3,4,3,4,2,1,0,1
10507,4,1,4,1,0,3,0,0,3,4,0,4,4,0,4,2,0,3
10508,1,4,1,0,0,1,0,0,0,2,0,3,1,0,1,4,0,1
10509,0,2,4,0,1,4,0,2,2,4,3,2,4,4,1,0,4,0
10510,0,0,0,0,3,0,0,0,0,3,2,2,4,2,0,0,1,0
10511,0,2,1,0,3,3,0,0,1,2,3,4,1,3,4,0,0,0
10512,0,4,0,0,0,0,1,0,0,4,1,2,0,0,0,0,1,0
10513,0,1,0,0,0,0,0,0,0,2,3,2,0,2,1,0,3,1
10514,0,1,1,0,0,0,1,1,0,1,1,2,0,2,3,0,3,1
10515,4,2,0,0,0,4,0,0,4,4,4,2,0,0,3,0,0,0
10516,0,0,4,0,4,0,0,4,0,3,3,3,0,3,0,0,3,0
10517,0,1,4,0,2,3,0,1,1,2,4,2,0,3,0,0,2,4
10518,0,4,0,0,3,0,0,4,0,3,2,3,0,4,2,0,1,0
10519,0,3,2,0,0,3,0,0,0,3,3,2,1,4,3,0,2,1
10520,0,3,0,0,1,4,1,4,4,3,2,3,0,4,4,0,1,0
10521,1,2,1,0,0,4,4,1,3,3,1,2,1,4,4,2,4,3
10522,0,1,4,0,1,1,0,2,3,3,4,3,1,2,1,0,3,0
10523,3,1,3,0,1,1,0,0,3,1,1,1,4,2,3,0,1,0
10524,0,0,0,0,0,0,0,4,0,2,3,2,0,1,0,0,4,0
10525,0,4,0,0,1,2,0,2,0,1,1,2,0,2,4,0,3,0
10526,0,3,0,0,1,0,0,3,3,2,3,2,0,3,0,0,3,0
10527,0,4,0,0,1,0,0,4,0,1,1,3,0,1,0,0,3,0
10528,3,1,4,1,0,4,0,1,3,1,1,4,4,0,2,3,0,0
10529,0,1,1,0,0,4,0,4,1,4,3,3,0,2,1,0,4,1
10530,1,3,0,1,0,0,0,0,0,2,1,3,4,3,1,3,0,1
10531,4,4,3,0,4,4,0,2,3,1,4,2,2,1,2,0,3,0
10532,0,4,1,0,4,0,0,1,1,2,2,3,0,1,1,0,3,0
10533,0,4,0,0,0,1,0,1,0,0,1,1,0,1,2,0,1,0
10534,0,3,0,0,2,0,0,2,4,1,3,4,0,2,4,0,3,4
10535,0,4,0,0,4,0,0,1,0,3,2,3,0,4,0,0,4,0
10536,0,1,4,0,0,2,0,1,0,4,2,3,3,2,3,0,4,0
10537,0,4,0,0,1,0,0,1,0,1,2,2,0,4,0,0,1,0
10538,0,1,0,0,0,0,0,1,0,3,3,2,0,4,0,0,1,0
10539,4,1,0,0,0,1,0,0,0,2,4,3,3,1,4,0,4,4
10540,0,3,2,0,4,0,0,1,0,2,3,3,4,3,3,0,3,0
10541,0,0,0,0,2,0,0,0,0,2,4,2,0,4,0,0,1,0
10542,0,3,4,0,1,0,4,4,2,2,2,2,1,1,3,0,3,1
10543,0,2,0,0,4,3,2,4,3,4,2,3,4,3,4,4,1,4
10544,0,3,0,0,2,1,1,0,0,1,2,2,0,1,1,0,3,0
10545,3,2,2,0,0,4,0,0,0,1,4,2,2,0,3,1,0,1
10546,0,1,4,0,0,0,0,1,0,1,2,3,0,2,4,0,4,0
10547,0,2,0,0,4,4,2,4,3,1,4,2,0,2,0,0,2,0
10548,0,3,3,4,3,4,0,2,4,2,1,3,2,1,2,0,3,0
10549,0,2,0,0,2,4,0,4,0,4,3,3,0,3,0,0,3,0
10550,0,1,0,0,4,1,0,0,0,3,2,3,0,4,4,0,2,1
10551,0,3,0,0,1,0,0,0,0,2,2,1,0,3,0,0,2,0
10552,0,0,0,0,0,0,0,0,1,2,3,2,0,4,0,0,2,0
10553,0,3,3,0,1,0,0,1,0,2,3,3,0,4,3,0,1,0
10554,0,0,0,0,1,0,0,1,0,3,3,2,0,2,4,0,4,0
10555,0,1,0,0,3,2,0,4,1,3,1,2,0,0,0,0,2,0
10556,0,2,0,0,0,0,0,0,0,1,1,1,4,1,1,0,2,0
10557,1,4,1,4,0,1,1,1,2,1,3,2,0,1,1,3,1,0
10558,0,4,0,0,1,0,0,3,0,3,1,2,0,2,2,0,3,0
10559,1,1,0,0,0,4,0,1,4,3,0,4,3,1,1,1,2,0
10560,0,2,0,0,3,0,0,0,0,1,1,2,0,1,4,0,3,0
10561,0,2,0,0,4,0,0,0,0,2,2,2,0,3,0,0,2,0
10562,0,3,0,0,4,0,0,2,0,2,2,2,0,3,0,0,4,0
10563,0,1,0,0,0,0,0,0,0,4,2,2,0,0,0,0,0,4
10564,0,3,4,0,4,0,0,0,0,2,3,3,0,3,4,0,3,0
10565,0,4,0,0,4,2,0,0,0,4,1,3,0,2,0,0,1,1
10566,0,4,3,0,4,1,4,3,3,1,2,3,3,3,1,3,2,4
10567,0,1,4,0,3,0,0,4,0,2,3,4,0,2,3,0,4,0
10568,0,2,0,0,3,0,0,0,0,1,3,2,0,1,0,0,3,0
10569,1,3,3,0,1,4,0,3,4,2,4,4,3,4,3,0,1,1
10570,1,4,2,0,0,0,0,0,4,3,3,2,3,0,3,1,0,0
10571,0,3,3,0,3,1,0,1,2,2,3,2,2,4,2,3,2,1
10572,0,1,4,0,2,0,4,0,4,1,2,2,1,1,1,0,2,0
10573,0,2,0,0,2,0,0,0,0,3,3,2,0,1,0,0,1,0
10574,0,2,0,0,1,1,0,0,0,4,3,4,0,0,0,0,4,0
10575,0,4,0,0,4,0,0,0,0,2,2,2,0,1,1,0,1,0
10576,0,4,1,0,0,1,0,1,1,3,1,2,3,1,4,1,3,1
10577,1,2,2,0,4,2,0,4,4,3,4,4,3,4,2,3,3,4
10578,0,4,0,0,0,0,0,0,0,2,4,4,0,4,1,0,4,0
10579,0,1,0,0,1,0,0,0,0,2,1,1,0,4,1,0,1,0
10580,0,3,0,0,4,0,0,2,4,3,2,2,0,2,1,0,1,0
10581,0,4,0,0,2,0,0,2,3,2,3,2,0,1,0,0,1,0
10582,0,3,0,0,0,0,0,0,0,2,1,2,0,3,0,0,3,0
10583,0,3,4,0,3,0,0,0,3,3,4,4,0,1,3,0,4,0
10584,0,0,3,1,4,3,0,0,3,1,2,4,4,1,1,0,4,0
10585,1,2,4,1,0,3,0,4,0,3,2,2,2,3,1,1,2,2
10586,0,1,1,0,1,4,0,0,0,3,2,3,3,1,1,0,2,0
10587,0,3,1,0,3,0,0,1,0,3,3,3,0,1,2,0,3,0
10588,0,3,2,1,1,2,0,1,3,2,3,3,4,2,1,0,2,0
10589,0,0,0,0,4,4,0,2,0,4,2,2,0,3,1,0,2,0
10590,0,4,0,0,2,0,0,0,0,3,3,4,0,1,2,0,3,1
10591,0,3,0,0,0,1,0,0,0,3,3,4,1,4,1,0,1,0
10592,0,3,2,0,0,4,0,0,0,2,1,2,0,1,4,4,0,2
10593,4,2,1,0,0,3,0,0,2,1,1,2,4,1,2,1,0,2
10594,0,2,1,0,0,4,0,4,2,1,4,1,1,4,3,1,4,2
10595,0,1,4,0,1,0,0,0,0,1,1,1,0,1,4,0,3,4
10596,0,4,4,0,1,4,0,0,4,3,2,4,0,1,0,0,3,0
10597,0,2,0,0,0,4,0,0,0,2,2,4,0,2,2,4,3,0
10598,0,3,0,0,4,1,0,0,0,1,2,2,0,4,1,4,2,0
10599,0,2,0,0,0,0,0,1,3,2,1,1,0,4,0,0,2,0
10600,1,3,1,0,4,2,0,4,2,3,4,3,2,3,2,3,2,1
10601,0,4,0,0,1,0,0,0,0,1,2,2,0,4,0,0,2,0
10602,0,3,0,0,1,4,1,2,3,3,4,3,0,2,1,0,2,2
10603,0,2,0,0,3,0,0,4,2,3,1,2,0,3,0,0,2,0
10604,0,1,0,0,0,1,0,0,0,2,3,3,0,2,4,0,0,0
10605,4,4,4,4,0,1,0,0,4,1,4,3,4,0,4,3,1,1
10606,0,4,1,0,0,1,0,4,2,0,4,4,1,0,4,0,0,4
10607,4,2,4,0,0,1,0,0,0,3,1,3,2,0,2,4,1,4
10608,0,1,4,0,0,4,0,0,1,3,4,3,4,4,4,4,4,0
10609,0,3,0,0,2,0,0,0,0,1,4,3,0,4,0,0,4,0
10610,1,1,2,0,1,1,0,0,1,2,4,3,3,3,2,2,1,2
10611,0,1,0,0,4,4,1,4,3,3,3,2,0,4,0,0,4,0
10612,0,1,1,0,1,0,1,3,0,1,4,4,4,1,1,0,2,0
10614,0,4,0,0,4,4,4,4,0,1,3,3,0,1,0,0,4,0
10615,4,3,4,0,1,3,1,2,4,3,2,2,3,4,3,4,2,0
10616,0,4,4,0,0,4,0,4,2,2,2,4,3,4,4,0,4,0
10617,0,3,2,4,0,2,0,0,0,2,0,1,3,0,3,1,0,0
10618,0,4,1,0,1,1,0,3,1,2,3,3,0,3,1,0,3,0
10619,0,2,1,0,4,0,0,0,1,2,2,2,1,3,2,0,3,0
10620,0,2,0,0,4,4,0,0,0,3,3,3,0,4,1,0,2,0
10621,3,4,3,0,0,4,0,0,0,4,4,1,4,4,1,0,0,0
10622,4,4,2,0,0,2,0,0,1,3,0,3,4,0,4,0,0,1
10623,0,3,4,0,0,1,0,0,4,2,4,3,3,4,3,3,0,3
10624,4,1,1,4,0,1,0,0,4,2,0,1,1,0,2,1,0,1
10625,0,0,0,0,1,0,1,0,4,3,1,2,0,3,0,0,3,4
10626,1,3,0,0,0,2,0,0,0,3,4,4,1,0,1,2,0,1
10627,0,1,4,0,0,0,4,3,2,3,3,3,0,1,0,0,3,1
10628,0,2,0,0,4,3,0,0,0,1,4,2,0,4,1,0,1,0
10629,0,1,1,0,1,4,0,2,0,1,3,2,0,3,1,1,2,3
10630,0,1,0,0,1,0,0,0,0,2,2,4,0,4,1,0,4,0
10631,1,2,3,4,3,2,4,4,2,1,3,2,1,4,4,4,1,0
10632,2,1,1,0,0,1,0,0,1,4,0,1,3,0,2,1,0,0
10633,0,4,0,0,1,3,0,4,3,1,1,1,2,0,1,1,0,0
10634,0,4,2,0,0,4,0,4,3,2,2,2,1,1,4,0,3,3
10635,0,3,4,0,0,0,0,3,1,2,2,4,0,3,4,0,2,0
10636,0,3,0,0,0,0,0,1,0,1,2,2,1,3,2,1,2,2
10637,3,3,2,0,0,2,0,4,3,3,1,4,4,0,3,3,0,3
10638,0,3,0,0,4,1,0,0,1,4,4,4,0,0,0,0,0,0
10639,2,4,1,4,0,4,0,0,1,4,4,1,4,0,3,4,4,3
10640,0,2,0,0,4,0,0,1,1,1,2,3,0,1,0,0,2,0
10641,0,2,1,0,1,4,3,3,3,2,2,2,0,2,4,4,4,0
10642,0,2,0,0,3,2,0,4,0,2,1,2,0,4,4,0,2,1
10643,4,1,4,3,4,2,0,0,4,3,2,3,1,1,2,2,4,4
10644,0,4,4,1,0,3,0,0,2,4,4,4,4,1,4,3,0,2
10645,0,1,1,4,2,1,0,1,0,3,1,1,3,1,1,4,1,0
10646,0,1,0,0,2,0,1,3,4,4,3,2,0,2,1,0,3,4
10647,0,1,0,0,1,0,0,3,1,2,2,2,0,1,1,0,4,0
10648,0,4,0,0,3,0,0,0,0,2,2,3,0,4,0,0,4,0
10649,0,1,4,0,1,0,0,0,0,1,3,2,0,4,1,0,4,0
10650,0,1,1,0,3,1,0,1,1,2,4,2,1,1,1,0,2,0
10651,4,3,2,2,0,1,0,0,4,1,4,2,2,4,1,2,4,2
10652,0,0,1,0,3,0,0,4,1,2,2,2,0,3,2,0,2,1
10653,0,2,0,0,0,0,0,0,0,1,4,3,0,3,0,0,4,0
10654,0,4,0,0,1,4,0,4,0,1,1,1,0,1,1,0,1,1
10655,0,3,1,0,4,1,0,4,2,4,4,3,0,2,2,0,2,3
10656,0,4,1,2,3,4,0,0,0,3,3,1,1,1,2,3,2,1
10657,0,4,2,0,4,3,4,2,1,3,4,4,1,3,0,0,3,0
10658,0,3,0,0,1,0,4,1,1,1,2,3,0,2,4,0,1,0
10659,0,3,0,0,3,0,0,4,0,3,2,2,0,2,1,0,2,0
10660,0,4,3,0,0,4,0,0,4,0,0,2,3,0,4,0,0,0
10661,0,1,0,0,2,0,0,0,0,1,2,3,0,1,0,0,2,0
10662,0,2,0,0,4,0,2,2,1,2,3,1,0,4,1,0,1,0
10663,0,4,1,0,2,1,0,4,0,2,3,3,0,2,1,0,3,0
10664,0,0,4,0,0,4,0,2,0,3,2,2,0,4,4,0,3,4
10665,0,4,0,0,1,0,0,0,0,1,1,1,0,1,0,0,1,0
10666,1,3,0,0,0,1,0,0,2,3,0,3,2,0,3,4,0,0
10667,0,1,0,0,0,1,0,4,0,1,1,2,4,1,1,0,2,1
10668,0,4,0,0,0,4,3,1,3,1,4,3,0,4,4,0,4,1
10669,0,2,1,0,2,2,0,0,0,1,2,1,0,3,4,0,1,1
10670,0,0,0,0,0,0,0,0,0,1,3,2,0,1,4,0,1,0
10671,0,2,0,0,3,3,1,2,2,3,3,3,0,3,4,0,2,0
10672,0,1,0,4,0,1,0,0,0,2,2,2,1,2,1,0,2,1
10673,0,1,1,4,0,1,0,0,0,3,4,4,1,0,1,0,0,0
10674,0,1,0,0,4,1,0,4,0,3,3,2,0,2,4,0,4,4
10675,0,1,0,0,3,0,0,4,4,3,2,3,0,2,4,0,1,1
10676,0,2,0,0,3,0,0,0,1,1,4,3,0,1,0,0,1,0
10677,3,4,0,0,0,4,0,4,0,3,4,3,4,2,4,2,2,4
10678,0,1,2,0,1,0,0,0,4,2,1,2,4,3,2,4,1,4
10679,0,1,0,0,4,0,0,0,0,2,3,2,0,2,0,0,3,0
10680,0,4,1,0,1,0,0,4,4,4,2,3,0,4,0,0,4,0
10681,0,4,0,0,0,0,0,4,0,4,3,4,4,0,1,0,1,0
10682,0,3,3,4,0,2,0,1,2,4,4,2,3,4,2,1,0,4
10683,0,4,1,1,4,2,4,4,3,1,1,4,4,4,2,3,1,3
10684,0,3,1,0,1,0,0,1,0,3,2,2,0,3,1,0,3,0
10685,0,4,4,0,4,0,4,2,1,2,2,2,0,4,1,0,2,4
10686,0,2,4,1,4,1,0,4,4,3,4,4,4,0,4,4,0,4
10687,1,4,3,0,0,2,0,0,3,3,3,2,3,2,1,0,2,4
10688,0,1,0,0,4,1,0,3,1,4,2,2,0,3,1,0,4,0
10689,1,1,0,0,0,4,0,0,3,2,0,3,4,0,0,4,0,4
10690,0,2,0,0,4,4,0,3,1,4,4,3,0,2,4,0,3,0
10691,0,1,0,0,4,0,0,1,0,1,2,4,0,1,1,0,4,0
10692,0,4,0,0,0,0,0,4,0,4,4,3,0,3,4,0,3,0
10693,0,1,0,0,3,0,0,0,1,3,1,2,0,2,1,0,2,1
10694,0,1,0,0,0,1,0,1,0,3,3,2,0,3,1,0,3,0
10696,0,1,4,0,0,0,0,1,1,1,4,4,0,3,4,0,3,0
10697,1,4,3,0,0,2,0,0,1,2,1,4,1,3,3,3,4,2
10698,1,4,1,4,0,3,0,0,2,1,4,2,1,4,2,4,0,4
10699,0,3,3,0,0,4,0,1,1,1,1,3,1,2,2,0,3,3
10700,3,1,1,2,0,2,0,0,1,1,0,1,1,4,3,1,0,1
10701,0,1,0,0,0,0,0,0,3,3,4,4,0,1,0,0,2,4
10702,0,3,4,0,0,3,0,0,3,4,1,4,1,2,3,4,2,4
10703,1,4,2,2,0,1,0,0,0,3,0,3,1,4,3,0,0,4
10704,0,2,3,0,1,0,0,1,0,2,3,3,0,4,4,0,1,3
10705,0,3,0,0,3,0,0,0,0,2,3,3,0,2,0,0,3,0
10706,0,1,0,0,4,4,0,0,0,1,2,4,0,2,4,0,4,4
10707,0,4,4,0,2,2,0,0,0,3,3,4,0,0,1,0,1,0
10708,0,1,0,0,0,0,0,1,0,2,3,1,0,1,0,0,1,4
10709,0,1,1,0,0,4,1,1,1,1,1,1,0,1,1,0,1,0
10710,0,3,0,0,1,0,0,0,0,2,3,3,0,4,4,0,4,0
10711,0,3,0,0,0,4,0,0,0,4,4,4,0,4,1,0,2,0
10712,0,1,1,0,2,0,0,1,0,3,3,1,4,3,4,0,3,0
10713,0,1,0,0,4,1,0,0,0,1,2,2,0,4,1,0,1,0
10714,0,1,0,0,1,4,0,1,0,3,2,2,0,3,1,0,2,0
10715,0,4,0,0,0,1,0,4,0,3,3,2,0,2,4,0,1,0
10716,0,0,0,0,2,0,0,1,0,3,3,2,0,2,0,0,3,0
10717,4,4,0,2,0,4,0,0,0,2,3,3,1,2,1,4,1,3
10719,0,4,1,0,1,0,0,0,0,3,4,4,0,1,0,0,4,0
10720,0,3,4,0,2,1,1,4,4,4,2,4,0,3,1,0,4,0
10721,0,2,2,3,1,3,0,0,4,2,1,2,2,4,3,4,0,1
10722,4,1,2,0,3,3,0,4,1,4,3,3,4,4,4,0,2,2
10723,0,2,3,0,0,2,0,0,4,1,3,4,2,4,4,0,4,0
10724,0,1,2,0,0,1,0,1,0,2,1,1,0,4,2,1,2,4
10725,0,4,0,0,4,0,0,0,0,3,1,3,0,4,0,0,1,1
10726,0,1,0,0,0,0,0,0,0,3,2,3,0,1,0,0,2,0
10727,0,2,0,0,4,0,0,0,0,2,1,1,0,2,1,0,1,4
10728,0,2,0,0,1,0,0,1,0,1,2,2,0,2,0,0,3,1
10729,0,1,0,0,3,0,0,0,0,4,1,3,0,2,0,0,3,0
10730,0,3,0,0,0,0,0,0,1,2,0,2,1,0,4,4,0,0
10731,0,1,0,0,3,0,0,4,0,1,1,2,0,3,0,0,3,0
10732,0,3,0,0,0,0,0,1,0,3,3,2,0,1,0,0,1,0
10733,0,4,1,0,0,4,0,4,0,3,1,2,1,1,1,4,0,3
10734,0,3,0,0,3,0,0,1,4,4,2,2,0,3,0,0,1,0
10735,0,2,0,0,2,4,4,1,2,2,2,3,0,4,4,0,4,4
10736,0,0,0,0,1,4,0,0,0,0,2,2,0,1,0,0,4,1
10737,0,0,0,0,1,4,0,1,0,2,3,2,0,2,1,0,2,0
10738,0,3,0,0,4,1,0,4,0,2,3,3,4,4,4,0,1,2
10739,0,2,0,0,3,0,0,0,0,2,2,2,0,4,0,0,2,0
10740,4,1,4,0,0,3,0,0,0,3,0,4,1,0,4,1,0,0
10741,0,1,1,0,3,0,0,0,0,2,2,3,2,3,4,2,2,1
10742,0,2,4,0,0,2,0,0,2,1,0,1,2,0,2,3,0,4
10743,0,0,0,0,1,4,2,1,2,3,4,4,4,0,4,0,4,0
10744,0,4,4,0,4,1,0,1,0,2,2,3,0,2,0,0,1,0
10745,0,4,0,0,3,0,0,3,3,3,2,2,0,4,4,0,3,0
10746,0,3,0,0,4,0,0,1,0,2,2,2,0,3,0,0,2,0
10747,0,4,0,0,1,4,1,2,3,3,3,3,1,1,2,0,3,0
10748,4,4,2,0,0,2,0,0,0,4,4,4,3,1,3,1,4,4
10749,0,4,0,0,0,1,0,0,0,3,1,2,0,4,0,0,3,4
10750,0,3,3,1,0,3,0,1,3,4,1,3,1,1,1,2,1,3
10751,0,1,0,0,4,0,0,0,0,1,1,4,0,1,0,0,1,0
10752,0,1,0,0,1,4,0,2,4,3,3,3,0,2,4,0,2,0
10753,0,2,2,0,1,1,0,0,1,4,1,2,4,0,4,0,0,0
10754,0,1,1,0,4,4,0,0,1,4,4,4,0,2,4,0,4,0
10755,0,1,0,0,0,0,0,0,0,3,1,2,1,1,4,0,2,0
10756,0,2,0,1,0,1,0,0,0,3,4,2,4,0,0,0,0,0
10757,0,4,2,0,4,1,0,4,4,1,2,2,0,1,0,0,2,0
10758,0,1,0,2,4,1,1,3,4,1,2,2,2,3,4,0,3,0
10759,0,2,0,0,1,0,1,1,1,2,2,2,0,2,1,0,2,0
10760,4,2,0,0,4,1,0,3,4,2,3,4,2,3,2,0,3,4
10761,0,4,0,0,3,0,0,1,4,1,3,3,0,4,1,0,3,0
10762,0,2,0,0,1,4,0,0,0,1,2,1,0,3,0,0,2,0
10763,0,2,0,0,0,1,0,1,0,2,1,2,1,1,0,0,1,1
10764,2,2,3,0,3,4,2,1,3,3,2,2,3,2,4,3,4,4
10765,0,4,1,0,0,0,0,1,4,1,1,1,0,4,4,0,3,0
10766,0,0,0,0,0,0,0,0,0,0,1,3,0,1,4,0,0,0
10767,0,1,4,0,0,1,0,0,0,4,1,4,4,0,4,0,0,0
10768,0,1,1,0,1,0,0,1,4,1,3,2,3,1,1,0,4,0
10769,0,2,4,0,3,4,0,4,0,1,3,3,3,2,1,0,4,0
10770,0,2,1,1,4,4,0,1,0,3,1,3,0,2,2,0,2,4
10771,0,0,1,0,1,0,0,0,0,1,3,1,0,4,0,0,1,0
10772,0,4,0,0,0,0,0,0,0,2,2,2,0,4,4,0,1,0
10773,3,2,3,1,0,3,0,0,0,3,1,4,2,1,4,2,0,4
10774,1,3,2,4,1,4,0,0,1,4,4,2,1,3,2,4,0,4
10775,0,2,0,0,4,0,0,0,0,2,1,2,0,4,0,0,1,0
10776,4,2,1,0,0,3,1,1,1,1,3,1,4,2,1,2,1,3
10777,0,3,1,4,4,4,1,4,1,3,2,2,1,4,3,2,4,4
10778,0,4,0,0,4,4,0,4,0,2,2,3,0,4,0,0,2,0
10779,4,3,4,2,0,2,0,0,4,1,3,3,1,3,1,2,4,1
10780,0,1,4,0,2,0,0,4,0,3,4,3,1,2,4,0,3,0
10781,1,3,2,1,1,3,3,1,3,1,4,2,1,1,4,1,1,0
10782,0,4,4,0,0,4,0,0,0,1,3,2,2,0,0,0,0,4
10783,0,0,0,0,4,4,0,1,0,2,3,2,0,3,4,0,4,0
10784,0,2,0,0,1,0,0,3,1,0,1,1,0,4,0,0,1,0
10785,0,3,0,0,0,0,0,1,0,4,4,2,0,1,4,0,1,0
10786,0,1,1,1,4,2,0,0,3,3,3,2,2,1,4,1,1,1
10787,0,1,0,0,0,2,2,2,1,2,1,1,0,3,1,0,3,0
10788,0,3,0,0,1,2,4,3,4,3,2,2,0,3,1,0,3,0
10789,0,4,0,0,1,4,0,1,0,4,2,2,0,1,2,0,4,0
10790,0,4,0,0,4,4,0,0,1,2,3,3,1,4,1,0,3,0
10791,1,2,2,0,0,4,0,0,4,4,4,3,4,4,3,4,0,4
10792,4,2,1,0,0,3,0,0,2,4,0,4,3,1,3,0,0,0
10793,0,2,0,0,0,1,0,1,2,2,2,2,4,1,1,0,1,0
10794,4,1,4,1,0,1,0,4,3,3,3,4,2,4,4,1,2,3
10795,0,4,1,0,4,0,0,2,4,4,3,3,0,3,4,0,1,0
10796,0,1,0,0,0,0,0,1,0,3,3,3,0,1,0,0,1,0
10797,0,4,0,0,0,1,0,4,4,2,2,1,0,2,4,0,3,0
10798,0,1,4,0,0,0,0,0,0,3,2,2,0,2,4,0,1,4
10799,3,1,0,0,0,1,0,1,2,3,4,2,1,2,1,4,1,0
10800,0,3,0,0,3,0,4,2,3,2,3,3,4,4,0,0,1,0
10801,0,1,0,0,1,4,0,0,4,3,2,4,0,0,1,0,3,0
10802,0,3,4,0,3,0,0,4,3,3,3,4,2,3,2,0,3,0
10803,1,4,1,4,0,2,0,0,3,2,4,3,1,0,2,2,2,0
10804,0,4,0,0,2,4,0,2,1,3,4,3,0,3,0,0,1,0
10805,0,1,0,0,0,0,1,0,1,2,1,1,0,0,0,0,1,0
10806,0,0,1,0,3,0,0,4,0,3,3,3,0,2,1,0,1,1
10807,0,2,0,0,3,1,1,2,2,1,1,2,0,3,1,0,2,1
10808,0,2,4,0,4,4,0,1,0,2,2,3,1,1,3,1,1,0
10809,0,3,0,0,3,1,0,1,0,2,2,3,0,2,1,0,4,0
10810,0,3,4,4,0,0,0,1,3,4,4,3,4,4,3,1,4,4
10811,1,4,2,0,4,3,0,0,2,4,4,4,4,4,4,0,0,0
10812,0,4,1,0,3,1,0,0,0,1,2,2,0,2,1,0,1,0
10813,0,3,0,0,3,0,0,4,3,2,2,2,0,4,4,0,2,0
10814,0,4,4,0,4,0,0,2,0,4,2,3,0,1,4,0,3,4
10815,2,4,1,0,0,4,0,0,0,3,0,2,1,0,3,4,0,1
10816,0,0,0,0,0,0,0,0,0,1,3,2,0,2,1,0,4,0
10817,0,4,4,0,4,0,0,1,4,1,4,2,1,4,0,0,4,4
10818,0,2,3,0,3,3,0,0,0,1,2,1,0,3,4,0,3,0
10819,0,2,0,0,0,1,0,1,0,2,2,1,0,1,1,0,3,1
10820,0,0,0,0,3,0,0,0,0,4,3,3,0,3,1,0,4,0
10821,0,1,4,0,0,1,0,0,0,2,2,2,0,4,0,0,4,0
10822,0,2,0,0,1,0,0,1,4,3,2,3,0,1,3,0,3,4
10823,0,3,0,0,0,1,2,3,1,2,2,2,0,2,1,0,2,0
10824,0,3,0,0,4,0,0,0,0,4,2,3,0,1,0,0,2,0
10825,0,1,0,0,1,0,0,0,3,1,1,2,0,0,1,0,3,0
10826,0,4,0,0,0,4,0,2,0,1,2,2,0,1,2,0,1,0
10827,0,0,0,0,2,0,0,0,0,3,1,2,4,4,4,0,2,0
10828,0,1,0,0,2,2,0,4,4,3,1,4,0,1,1,0,3,0
10829,0,0,4,0,4,0,0,0,0,2,2,2,0,0,4,0,4,0
10830,0,2,4,0,0,0,0,0,0,2,2,2,4,2,2,3,4,0
10831,0,0,0,0,4,0,0,0,0,4,1,1,0,4,4,0,3,0
10832,0,1,2,1,1,4,0,4,4,3,3,2,0,2,1,4,1,0
10833,1,2,2,0,2,0,4,0,4,1,2,2,1,1,4,1,3,0
10834,0,4,0,0,1,0,0,4,0,4,4,4,0,3,4,0,3,1
10835,0,2,0,0,4,0,0,0,0,2,1,1,0,4,0,0,0,0
10836,0,3,0,0,1,0,0,0,0,4,2,2,0,1,0,0,4,0
10837,4,4,3,1,0,2,0,0,0,3,0,3,3,0,2,2,0,1
10838,0,3,4,0,0,4,0,0,0,1,1,3,3,0,1,4,0,3
10839,0,4,0,0,3,4,1,3,2,2,2,2,0,3,4,0,2,0
10840,1,2,1,1,1,1,0,1,4,1,2,3,2,4,1,1,1,1
10841,0,3,0,0,2,1,0,3,0,3,4,3,0,2,0,0,4,4
10842,0,1,0,0,1,2,4,4,3,4,2,2,0,3,1,0,2,0
10843,0,1,0,0,0,1,0,4,0,4,2,2,0,1,1,0,1,0
10844,0,1,1,0,0,0,0,0,0,1,4,1,0,4,0,0,0,0
10845,1,4,4,3,0,4,0,0,4,4,4,1,4,1,2,1,0,4
10846,3,2,3,0,4,3,0,0,3,3,4,2,4,0,3,4,0,4
10847,2,4,1,0,0,3,0,0,4,4,4,4,2,0,2,1,0,1
10848,4,3,0,0,3,1,1,1,4,1,1,2,0,3,4,0,4,4
10849,0,1,0,0,0,0,0,0,0,3,1,2,0,4,4,0,1,1
10850,0,4,0,0,2,2,4,4,4,2,4,3,0,1,2,0,3,2
10851,0,2,4,0,1,1,1,0,1,3,4,3,3,3,4,1,4,0
10852,0,1,1,0,2,1,0,1,0,3,3,2,1,3,4,0,3,0
10853,0,1,3,0,1,4,0,1,0,4,3,3,0,3,1,0,4,0
10854,0,2,0,0,1,1,0,0,0,1,2,4,0,4,1,0,4,0
10855,0,4,0,0,2,0,0,0,0,3,1,2,0,4,4,0,3,0
10856,4,3,1,1,1,2,0,0,1,1,1,1,2,1,2,2,2,2
10857,0,1,1,1,0,0,0,0,0,1,1,1,0,0,1,4,0,0
10858,0,2,1,0,3,0,0,0,0,2,1,2,0,1,0,0,1,0
10861,1,2,3,4,1,3,0,2,1,1,3,4,4,3,4,2,3,0
10862,0,2,3,0,3,3,0,3,3,2,1,2,0,1,4,0,2,0
10863,0,2,0,0,1,0,0,1,1,3,4,2,0,4,4,0,2,0
10864,0,4,0,0,3,4,0,0,0,2,3,3,4,1,4,0,3,0
10865,0,2,3,0,0,1,0,0,0,3,1,3,3,0,1,0,0,0
10866,1,3,4,0,4,1,0,0,0,1,2,1,1,1,1,0,4,1
10867,1,3,3,0,1,2,0,0,1,1,4,1,0,0,4,0,2,4
10868,2,1,2,0,1,1,0,0,0,1,3,2,4,2,4,1,2,0
10869,0,4,0,0,4,0,0,0,0,4,2,4,0,4,2,0,3,0
10870,0,4,4,4,1,4,4,1,1,4,4,3,1,4,3,1,1,0
10871,0,1,1,0,2,3,1,2,4,4,2,2,0,2,0,0,4,0
10872,4,2,4,0,0,1,4,3,2,3,4,4,2,4,4,1,4,4
10873,0,0,3,0,0,0,0,2,1,2,1,3,0,2,4,0,2,0
10874,0,2,0,0,1,0,0,0,0,1,2,2,0,4,0,0,2,0
10875,0,1,1,0,0,0,0,0,0,2,3,1,0,0,1,0,3,0
10876,0,1,0,0,3,0,0,1,1,2,2,1,0,2,2,0,1,0
10877,0,2,0,0,4,0,0,0,0,2,2,3,0,1,1,0,1,0
10878,0,4,4,0,0,0,0,0,0,4,3,4,0,1,4,0,4,0
10879,0,4,0,0,0,0,0,4,2,4,2,2,0,3,4,0,2,0
10880,0,4,0,1,4,1,0,4,0,1,2,2,1,1,2,0,1,4
10881,0,4,4,0,0,0,0,0,0,3,0,3,4,0,2,4,0,1
10882,0,4,0,0,2,4,0,0,0,3,3,3,0,3,0,0,2,0
10883,2,1,3,0,0,4,0,0,0,0,1,1,1,1,4,0,0,0
10884,0,4,0,0,0,1,0,0,4,2,0,2,3,0,1,1,0,4
10885,0,0,4,0,4,1,0,0,1,2,2,3,0,1,4,0,3,0
10886,4,4,0,0,0,3,0,0,1,1,1,1,4,0,3,1,0,1
10887,0,2,0,0,2,0,1,1,3,1,2,2,0,4,0,0,1,0
10888,0,2,2,0,0,4,0,0,0,4,0,4,2,0,3,4,0,3
10889,0,1,0,0,0,1,0,4,0,1,2,3,0,1,3,0,1,0
10890,2,1,1,1,0,1,0,4,3,4,4,4,4,1,2,1,4,3
10891,0,4,0,0,1,0,0,0,0,3,2,4,0,2,4,4,4,0
10892,0,4,4,0,2,3,0,0,2,4,4,2,3,3,2,2,1,3
10893,0,2,0,0,1,0,0,0,0,4,2,4,0,3,1,0,4,0
10894,0,3,0,0,1,1,0,1,4,0,4,3,0,2,4,0,2,1
10895,1,4,4,3,3,4,0,1,4,4,3,2,2,1,3,4,3,2
10896,0,3,3,0,4,1,0,0,4,2,4,4,4,1,1,4,3,0
10897,0,2,0,0,4,3,2,2,1,3,1,2,0,3,4,0,2,0
10898,0,4,0,0,1,0,4,4,4,4,4,4,0,4,0,0,4,0
10899,0,4,3,0,0,3,0,0,1,1,4,1,3,0,3,4,4,0
10901,0,4,1,0,4,4,0,0,0,1,1,3,0,4,2,0,4,0
10902,0,4,0,4,1,0,0,0,0,3,1,3,0,2,0,0,3,0
10903,0,4,3,0,0,0,0,0,0,3,1,3,4,1,3,4,1,1
10904,1,2,4,0,0,1,0,0,4,3,1,1,3,1,4,4,0,0
10905,3,1,3,0,0,1,0,0,0,1,4,2,3,1,3,0,1,0
10906,0,3,1,0,1,4,4,2,3,3,2,2,1,2,1,0,2,1
10907,0,4,1,0,2,4,0,2,3,1,4,4,0,4,4,0,1,0
10908,0,3,1,0,1,0,3,2,3,3,3,3,0,2,1,0,3,0
10909,0,2,0,0,1,1,4,4,3,1,3,2,0,1,1,0,3,0
10910,4,1,2,0,0,2,0,0,2,4,0,4,2,0,1,3,0,3
10911,0,1,0,0,0,0,0,1,0,2,3,3,2,1,2,0,1,0
10912,0,1,1,0,4,0,0,2,4,3,1,1,0,4,4,1,4,1
10913,0,3,4,4,0,1,0,0,0,2,2,1,4,3,4,4,3,4
10914,0,1,0,0,3,0,0,0,0,2,3,2,0,2,1,0,3,0
10915,0,4,0,0,1,0,0,0,0,3,2,3,0,4,2,0,1,0
10916,0,1,0,0,3,4,0,1,0,2,1,2,0,4,4,0,0,0
10917,3,1,3,1,0,1,0,0,0,1,0,1,4,4,2,3,0,2
10918,0,1,0,0,1,0,0,0,0,2,1,1,0,4,0,0,2,0
10919,0,4,0,0,4,0,0,4,0,3,4,4,0,2,0,0,3,1
10920,0,2,0,0,0,1,0,0,3,3,0,4,2,0,2,0,0,0
10921,2,2,1,0,0,1,0,4,1,2,4,1,3,4,2,0,0,0
10922,0,3,0,0,0,1,0,2,0,1,3,2,0,3,1,0,4,0
10923,4,3,1,0,4,1,0,2,4,4,3,4,4,4,3,0,3,0
10924,2,2,4,1,0,2,0,0,3,1,0,3,3,0,2,4,0,1
10925,1,3,0,0,1,3,0,0,0,2,1,1,0,3,4,0,1,0
10926,1,1,1,0,1,3,0,2,1,2,2,2,4,1,1,0,1,1
10927,0,2,1,0,0,1,4,1,3,2,1,2,3,0,4,0,0,0
10928,0,3,0,0,1,0,4,4,3,2,2,1,0,3,1,0,1,4
10929,0,2,1,0,0,0,0,0,0,0,1,4,2,3,3,0,0,0
10930,0,2,0,0,3,0,0,3,0,2,4,2,0,2,1,0,3,4
10931,0,4,4,0,0,0,0,0,0,4,0,4,1,0,3,4,0,0
10932,0,4,0,0,4,0,0,0,4,4,4,2,0,4,4,0,2,0
10933,0,1,1,0,1,4,0,0,4,4,4,2,0,1,1,0,3,0
10934,0,1,0,0,1,3,1,1,1,3,2,2,0,3,4,0,3,1
10935,0,2,0,0,4,0,0,0,0,3,1,3,0,1,0,0,3,0
10936,1,2,1,0,0,4,0,0,0,2,1,3,3,0,4,1,0,0
10937,0,1,0,0,0,0,0,0,0,4,4,1,4,4,1,0,0,0
10938,0,3,4,0,4,2,1,1,1,1,1,2,0,4,4,0,2,4
10939,0,1,0,0,1,4,0,0,0,1,1,2,4,3,1,0,4,0
10940,0,2,4,0,4,4,1,2,2,3,3,2,0,2,1,0,1,2
10941,0,1,0,0,1,1,0,4,0,4,2,3,0,3,0,0,2,4
10942,1,4,1,4,0,3,0,0,1,2,0,3,1,0,4,2,0,0
10943,0,4,0,0,4,0,0,3,3,2,1,2,0,3,0,0,4,0
10944,0,3,0,0,2,0,0,0,0,1,2,2,0,4,0,0,4,0
10945,4,2,4,2,1,3,1,1,3,2,3,2,3,1,2,3,2,1
10946,0,0,0,0,4,0,0,4,0,1,4,4,0,4,0,0,3,0
10947,0,1,0,0,2,0,0,1,0,2,1,2,0,4,0,0,1,4
10948,4,2,1,0,4,1,2,0,1,2,1,1,3,4,2,2,3,1
10949,0,3,4,0,3,2,4,4,3,2,2,3,4,2,4,0,4,4
10950,0,1,4,0,0,0,0,0,0,2,2,3,1,3,1,1,3,3
10951,0,3,4,0,1,4,0,1,0,3,1,2,0,3,4,0,2,0
10952,0,1,0,0,2,0,0,0,4,3,2,3,0,1,0,0,4,0
10953,0,1,1,0,3,0,1,0,4,2,1,3,0,3,4,0,4,0
10954,0,3,3,0,1,2,0,2,1,3,1,2,0,2,1,4,4,4
10955,0,1,3,0,4,3,0,0,1,3,1,1,2,4,1,1,4,4
10956,0,2,0,0,1,0,0,0,0,2,1,1,0,1,0,0,1,0
10957,1,1,1,0,0,3,0,0,2,1,0,1,1,0,2,1,0,4
10958,0,1,0,0,4,0,0,0,0,4,1,2,0,3,0,0,4,0
10959,4,2,4,0,0,0,0,0,0,2,0,4,2,0,4,0,0,0
10960,0,2,0,0,4,1,0,3,4,4,4,3,0,4,4,0,3,1
10961,0,4,0,0,4,1,0,0,0,2,3,3,0,4,1,0,3,0
10962,0,1,0,0,2,0,0,2,0,1,3,2,0,2,0,0,3,0
10963,0,2,1,0,4,0,1,3,3,4,3,1,0,2,4,0,2,0
10964,0,3,0,0,0,4,0,1,4,3,3,3,0,3,1,0,3,4
10965,0,1,1,0,0,1,0,0,4,4,1,1,4,0,1,1,4,1
10966,4,3,1,0,4,3,0,0,4,2,1,3,3,4,1,4,4,4
10967,1,4,0,0,0,2,0,0,0,3,4,2,4,3,0,3,3,2
10968,1,4,2,0,0,2,0,4,1,3,1,2,4,0,3,0,0,1
10969,0,3,0,0,2,0,0,0,0,4,3,2,0,4,1,0,4,0
10970,0,1,2,0,4,4,0,0,0,4,1,1,2,4,3,3,1,2
10971,1,2,0,4,0,4,0,0,0,4,1,3,2,4,2,4,0,4
10972,0,2,1,0,3,3,2,1,2,2,3,3,4,2,1,0,2,1
10973,0,1,0,0,0,0,0,0,0,1,3,2,0,1,0,0,1,0
10974,1,4,3,0,0,4,0,2,2,4,4,3,3,0,4,0,4,0
10975,0,2,3,0,3,1,1,0,1,1,2,1,1,1,2,0,2,0
10976,3,4,4,0,1,3,0,0,2,4,3,3,4,1,4,0,2,4
10977,2,1,3,0,1,2,0,0,0,2,2,2,3,1,2,1,1,1
10978,0,4,1,0,1,4,0,3,2,3,3,3,3,4,4,0,2,0
10979,0,3,0,0,1,0,2,3,1,2,2,2,0,2,3,0,3,1
10980,0,1,0,0,1,0,0,4,1,2,2,2,4,3,1,0,3,0
10981,0,2,0,0,0,0,0,4,0,2,3,1,1,4,1,0,3,0
10982,0,4,0,0,3,0,0,2,0,3,4,3,0,4,4,0,2,0
10983,0,1,2,0,3,0,0,4,0,2,2,2,1,3,3,0,4,0
10984,0,3,4,0,2,0,0,2,0,3,3,4,4,1,0,0,2,1
10985,0,2,0,0,0,2,0,0,0,4,3,3,0,4,1,4,2,0
10986,0,0,0,0,1,0,0,1,1,2,1,2,0,1,0,0,4,0
10987,0,1,0,0,4,0,0,0,0,2,2,4,0,0,1,0,3,0
10988,0,4,0,0,1,0,0,0,0,1,1,2,0,4,1,0,3,0
10989,0,2,4,0,0,0,0,4,4,3,1,3,1,2,2,0,3,0
10990,1,3,4,0,0,4,0,0,4,3,3,2,4,4,2,3,4,0
10991,2,1,1,1,0,2,0,0,0,3,0,2,2,3,1,1,4,4
10992,0,3,0,0,3,1,0,4,0,1,3,1,4,3,1,0,3,2
10993,1,1,0,0,1,3,0,0,0,3,2,2,0,4,3,0,2,0
10994,0,3,0,0,0,3,4,2,1,2,2,2,0,4,0,0,2,0
10995,0,0,0,0,1,0,0,0,0,1,2,2,0,1,0,0,2,0
10996,0,0,0,0,1,2,2,1,4,2,2,1,0,3,1,0,3,0
10997,0,3,1,0,3,0,4,4,4,3,3,3,0,4,4,0,3,0
10998,0,4,0,0,4,1,1,1,1,4,4,4,0,4,0,0,4,0
10999,0,2,0,0,2,0,0,0,1,4,2,1,0,3,0,0,4,0
11000,1,2,2,0,0,4,0,0,0,2,2,3,2,3,4,2,0,4
11001,0,3,0,0,2,0,0,0,0,3,2,3,0,4,0,0,3,0
11002,0,4,3,0,4,3,2,3,3,1,1,2,3,1,4,0,3,4
11003,0,3,0,0,0,0,0,3,4,3,2,2,0,3,0,0,3,0
11004,4,3,3,0,0,4,0,0,0,4,1,3,4,4,4,4,4,0
11005,0,2,4,0,1,0,0,2,0,4,3,3,2,4,4,2,3,0
11006,0,0,0,0,2,4,0,2,0,1,1,1,0,0,0,0,4,0
11007,0,4,0,0,1,2,0,3,0,1,1,2,3,2,4,0,2,0
11008,0,4,3,0,2,2,0,1,1,4,2,3,0,2,4,0,2,0
11009,0,1,0,0,4,1,1,0,0,2,3,2,0,3,0,0,2,1
11010,0,0,4,0,1,0,0,0,0,3,2,3,0,4,0,0,2,0
11011,0,4,3,0,4,0,4,0,4,1,2,3,0,1,4,0,1,1
11012,4,2,3,3,0,4,0,0,0,3,1,4,1,0,3,1,0,4
11013,0,4,4,0,2,0,4,0,3,1,2,2,0,4,1,0,3,0
11014,0,4,4,0,0,0,0,4,0,3,4,4,4,1,4,0,0,0
11015,0,4,0,0,3,0,0,0,0,3,3,2,0,2,0,0,3,0
11016,0,3,1,0,4,4,0,3,2,4,4,3,0,3,4,2,4,4
11017,0,2,0,0,0,0,0,2,4,1,1,2,0,2,0,0,2,4
11018,0,2,1,0,0,1,3,1,2,1,1,1,2,4,2,0,4,1
11019,0,4,4,0,1,2,0,0,0,1,3,3,0,3,1,0,2,4
11020,0,3,1,4,0,1,0,0,2,4,4,2,3,0,2,3,4,4
11021,4,3,0,0,1,0,0,0,0,3,2,3,0,3,4,0,4,0
11022,1,1,2,1,2,3,0,0,0,1,1,2,1,1,2,2,2,1
11024,0,4,0,0,1,1,1,2,3,4,4,3,0,4,4,0,3,0
11025,0,4,3,0,3,0,0,0,0,3,2,3,0,3,0,0,3,4
11026,0,4,0,0,0,0,0,2,0,2,3,3,0,2,4,0,3,4
11027,4,1,3,0,0,3,0,0,4,4,0,1,3,0,2,1,4,0
11028,0,4,0,0,1,4,0,0,0,3,2,4,0,4,4,0,4,0
11029,0,2,0,0,0,0,0,0,0,1,3,3,0,4,0,0,2,0
11030,4,1,4,0,0,2,0,0,1,3,4,4,3,2,4,4,4,0
11031,0,1,0,0,3,0,0,0,0,3,3,4,0,3,0,0,4,0
11032,0,2,3,1,1,3,0,0,2,1,1,1,1,1,1,1,4,1
11033,0,0,0,0,0,0,0,0,0,2,2,4,0,2,0,0,3,0
11034,0,0,0,0,0,0,0,0,0,3,3,3,0,2,0,0,3,0
11035,0,2,0,0,4,1,0,2,3,3,2,2,0,3,2,0,2,0
11036,0,0,4,0,0,4,0,2,0,2,1,4,0,4,1,0,1,0
11037,0,2,0,0,0,4,0,0,0,3,4,1,4,0,4,4,2,3
11038,0,4,0,0,2,2,0,2,3,3,2,2,0,2,4,0,3,0
11039,3,4,1,0,1,1,0,1,0,2,1,2,4,1,3,1,1,2
11040,4,2,2,1,0,1,3,0,3,1,1,1,1,2,1,4,1,1
11041,0,1,0,0,1,1,4,1,4,4,1,2,0,1,4,0,1,1
11042,0,1,0,0,3,0,0,0,0,2,1,2,0,0,0,0,3,0
11043,0,2,0,0,1,0,0,0,0,2,3,3,0,1,0,0,3,0
11044,0,0,0,0,0,0,0,0,0,1,2,4,0,3,1,0,4,0
11045,0,4,0,0,4,2,0,2,4,2,2,3,0,3,1,4,1,4
11046,0,0,1,1,0,1,0,0,0,4,4,4,0,4,1,1,4,1
11047,0,0,0,0,0,2,0,0,0,1,3,3,3,0,1,0,1,0
11048,0,3,2,0,4,3,0,0,4,3,4,3,4,4,4,1,1,2
11049,0,0,0,0,1,0,0,0,0,4,3,3,1,1,1,0,3,1
11051,1,2,3,2,0,3,0,0,0,4,0,1,4,0,2,1,0,0
11052,0,2,0,0,4,1,0,4,0,1,3,3,0,2,4,0,4,0
11053,0,1,0,0,1,0,0,1,4,3,2,2,0,2,4,0,3,4
11054,0,0,0,0,4,4,2,3,2,2,3,3,0,4,0,0,4,0
11055,0,2,0,0,4,1,0,0,4,2,2,3,0,4,0,0,2,4
11056,0,4,4,0,0,0,0,0,0,1,3,2,0,4,4,0,3,0
11057,0,3,0,0,0,0,0,0,0,3,2,3,0,1,4,0,4,0
11058,1,1,1,1,0,4,0,1,3,1,1,2,2,1,1,1,1,1
11059,0,4,1,1,1,3,0,0,4,3,4,3,1,1,4,2,4,2
11060,0,1,3,0,0,2,0,0,1,1,0,1,4,1,2,0,0,0
11061,1,3,4,0,0,3,0,4,2,1,4,4,4,0,1,0,1,0
11062,0,4,3,0,0,0,0,1,0,1,3,3,0,1,4,0,4,0
11063,1,3,4,0,0,3,0,0,0,2,0,3,4,0,1,2,0,2
11064,1,1,3,1,0,4,0,0,0,4,4,4,1,4,3,1,4,4
11065,0,0,0,0,0,1,0,2,4,3,2,2,0,2,0,0,3,0
11066,0,4,0,0,4,0,1,1,4,3,2,3,0,4,4,0,4,4
11067,0,0,4,0,2,0,0,3,0,2,2,3,0,3,1,1,2,1
11068,0,4,0,0,0,3,0,0,0,3,1,3,3,4,1,1,1,4
11069,0,2,0,0,1,0,0,0,0,2,4,4,0,2,0,0,2,0
11070,0,1,1,0,2,2,0,1,2,1,4,2,0,1,1,0,1,0
11071,4,1,1,0,0,1,0,0,2,4,3,1,2,4,4,1,0,1
11073,0,3,4,0,1,1,0,4,0,2,2,3,1,2,1,0,1,1
11074,0,4,0,0,4,1,4,0,1,1,3,2,0,2,4,0,2,4
11075,0,3,0,1,4,0,0,0,4,1,1,3,0,1,4,0,0,0
11076,0,2,0,0,2,0,0,3,0,4,3,2,0,4,1,0,1,3
11077,0,1,4,0,0,0,0,4,0,4,1,3,0,1,0,0,2,0
11078,0,1,0,0,1,0,0,0,0,2,1,2,0,1,0,0,4,0
11079,0,2,0,0,0,4,0,0,0,2,0,1,0,0,0,0,0,0
11080,1,1,1,1,0,1,0,0,1,2,4,4,1,4,3,2,0,0
11081,0,4,2,0,0,4,0,0,1,4,1,2,4,4,4,4,0,0
11082,0,3,0,0,3,0,0,0,0,1,2,1,0,4,0,0,4,0
11083,0,4,2,0,0,4,0,0,2,1,4,4,1,0,2,2,4,2
11084,0,3,0,0,4,0,0,2,4,4,2,3,0,4,0,0,3,0
11086,0,4,0,0,0,0,0,0,4,3,0,2,3,0,4,0,0,0
11087,0,3,0,0,3,0,0,4,1,2,1,1,0,3,1,0,3,0
11088,0,3,4,0,0,0,4,2,1,2,1,2,4,1,4,0,3,0
11089,0,2,0,0,0,0,0,0,4,2,1,2,3,0,3,1,0,4
11090,0,2,1,0,1,4,3,1,3,2,4,2,4,1,1,0,1,1
11091,0,2,0,0,4,0,0,1,1,2,4,3,0,2,0,0,2,0
11092,0,3,0,0,0,0,0,1,4,4,3,3,0,4,0,0,1,0
11093,0,1,4,0,1,3,0,2,3,3,3,4,0,4,3,0,2,0
11094,4,3,0,0,0,0,0,0,4,2,0,1,1,0,1,0,0,3
11095,0,2,1,0,0,4,3,4,1,2,1,1,1,1,2,1,1,0
11096,1,1,4,4,0,1,0,0,1,1,0,1,1,0,3,3,0,1
11097,0,3,0,0,0,0,0,1,0,2,4,3,0,2,4,0,1,0
11098,0,4,1,0,0,4,0,2,2,2,2,4,0,1,4,1,1,0
11099,4,2,0,0,0,4,0,0,1,1,0,3,0,0,3,3,0,0
11100,0,1,0,0,4,0,0,1,2,1,4,4,0,4,0,0,1,0
11101,0,1,1,0,0,1,0,1,0,3,4,3,2,1,1,4,4,0
11102,0,1,1,0,3,1,0,4,0,2,2,2,1,1,2,0,3,1
11103,0,4,3,0,4,1,0,0,4,3,1,2,1,4,3,0,3,0
11104,0,4,0,0,4,0,0,2,1,3,2,3,0,2,4,0,2,4
11105,1,3,1,4,0,2,0,0,1,2,0,3,3,0,3,1,0,0
11106,0,3,4,0,1,0,0,3,2,3,3,3,0,4,2,0,3,1
11107,0,3,0,0,2,0,0,0,0,1,3,3,0,2,0,0,4,0
11108,4,4,1,1,1,2,0,0,2,1,1,1,1,4,4,1,2,1
11109,0,4,0,0,4,0,0,0,0,3,2,2,0,3,0,0,4,0
11110,0,2,4,0,0,0,0,0,0,3,4,3,4,4,1,0,4,0
11111,0,3,0,0,4,1,1,3,3,2,3,3,0,3,0,0,3,0
11112,0,4,0,0,4,0,0,0,0,3,3,2,0,4,0,0,2,4
11113,0,0,0,0,1,0,0,0,0,4,2,3,0,2,0,0,1,0
11114,0,4,4,0,0,1,0,0,0,4,3,3,1,3,1,0,4,1
11115,0,0,0,0,4,0,0,0,0,2,2,2,0,1,0,0,0,0
11116,4,4,4,0,0,1,0,3,2,2,3,2,4,2,3,3,2,1
11117,0,2,0,0,1,4,1,2,1,3,2,3,0,2,4,4,2,1
11118,0,1,1,0,0,3,0,1,0,1,2,3,4,4,1,3,1,0
11119,0,4,0,0,4,4,0,2,4,3,1,2,0,3,1,0,1,0
11120,0,1,1,0,4,1,0,1,1,2,3,3,1,1,1,0,1,1
11121,0,3,2,0,4,0,0,4,2,2,1,3,1,3,4,0,1,0
11122,0,3,0,0,4,0,0,4,0,1,3,3,0,1,0,0,2,3
11123,0,1,0,0,4,1,0,4,1,4,1,1,1,2,4,0,2,0
11124,0,1,1,0,4,4,0,2,1,1,1,1,0,3,4,0,1,4
11125,1,4,1,2,0,2,0,0,4,4,2,1,4,2,2,3,1,1
11126,0,0,1,0,0,0,0,0,0,4,3,3,0,0,0,0,2,0
11127,0,2,1,1,0,1,0,0,0,2,1,3,2,1,3,0,0,1
11128,0,2,1,0,0,1,0,0,0,2,3,4,4,4,2,1,3,2
11129,0,0,0,0,0,0,0,0,0,1,0,1,0,0,0,0,0,0
11130,0,3,0,0,1,1,0,0,4,2,1,1,3,0,4,2,1,1
11131,0,4,1,0,0,1,0,0,0,1,1,2,1,0,1,0,0,1
11132,0,1,0,0,0,0,0,0,0,2,4,4,0,4,0,0,4,0
11133,0,2,0,0,0,0,0,1,1,2,2,1,0,1,3,0,3,1
11134,1,4,3,0,0,4,0,0,4,2,1,3,2,4,1,0,1,0
11135,0,2,1,0,1,4,0,4,0,2,2,3,0,3,3,0,3,4
11136,4,4,3,0,0,3,0,0,4,2,1,3,4,0,3,1,4,0
11137,0,4,4,0,2,1,0,4,0,3,3,3,0,4,4,0,2,0
11138,4,2,4,1,0,4,0,0,0,1,1,2,1,2,4,1,0,4
11139,0,4,0,0,2,0,0,4,0,1,1,1,0,4,3,0,3,2
11140,4,3,0,0,1,0,0,0,0,1,4,3,0,4,1,0,2,4
11141,0,4,2,0,1,1,0,1,3,4,2,1,0,3,4,0,1,4
11142,0,4,4,0,0,0,0,3,0,3,1,3,4,2,4,4,4,3
11143,1,3,2,0,0,4,0,0,1,3,2,2,3,3,4,4,4,0
11144,4,1,0,0,4,0,0,0,0,3,2,3,4,4,3,0,3,0
11145,1,2,2,0,0,1,0,0,3,3,0,2,2,0,2,0,0,0
11146,0,2,4,0,0,4,0,0,2,4,3,3,4,4,4,4,4,3
11147,1,3,1,0,1,4,0,0,1,1,2,4,4,2,4,0,4,1
11148,4,1,2,0,0,1,4,0,3,4,4,4,1,0,2,2,4,2
11149,0,2,1,0,0,0,0,0,0,2,1,2,0,4,1,0,4,0
11150,0,0,4,0,0,0,0,0,0,1,3,3,0,0,0,0,1,0
11151,0,2,0,0,4,0,0,1,0,2,4,3,0,2,0,0,1,0
11152,0,4,0,0,0,0,0,0,0,1,1,1,0,1,4,0,1,0
11153,0,4,4,4,0,1,0,0,4,3,0,4,4,0,2,4,0,4
11154,3,1,2,1,0,3,2,3,1,1,4,2,4,2,1,4,4,3
11155,0,3,0,0,4,0,0,0,0,2,2,4,0,4,0,0,0,0
11156,0,1,2,0,0,1,0,0,0,4,3,4,2,1,3,0,0,0
11157,0,4,0,0,1,0,0,0,0,2,1,2,0,4,3,0,1,0
11158,4,4,4,0,2,0,0,0,0,4,4,3,3,2,1,0,4,0
11159,0,0,0,0,3,0,0,0,0,2,1,2,0,1,0,0,4,0
11160,0,4,0,0,0,0,0,3,0,4,3,2,0,2,1,0,2,0
11161,0,0,0,0,2,0,0,0,0,1,3,3,0,4,0,0,3,0
11162,0,4,4,0,4,0,0,0,0,2,2,3,4,0,4,0,2,0
11163,4,1,3,0,0,3,0,0,0,3,0,1,4,0,2,4,0,4
11164,0,1,1,0,0,2,0,0,0,2,1,2,2,1,1,1,3,1
11165,0,4,4,0,0,3,1,3,4,2,4,4,4,1,4,0,4,1
11166,1,2,4,1,4,2,0,2,0,4,2,2,1,4,4,0,3,0
11167,4,1,1,0,1,3,1,0,0,4,4,3,4,3,1,0,4,0
11168,0,1,3,0,4,0,0,3,4,4,3,3,0,1,4,0,3,4
11169,0,0,4,0,0,0,0,0,1,0,0,4,2,0,0,0,0,0
11170,0,3,1,0,4,1,0,2,3,2,3,2,0,3,1,0,2,0
11171,0,0,0,0,4,0,0,0,0,2,2,2,0,1,0,0,0,0
11172,0,2,1,0,3,0,0,0,4,2,1,3,0,2,4,0,1,4
11173,1,3,1,1,0,2,0,0,2,3,1,3,2,0,2,3,0,3
11174,0,3,1,1,0,1,0,0,2,1,0,1,2,0,2,2,0,3
11175,0,4,0,0,0,4,4,4,2,2,2,3,0,4,4,0,2,0
11176,0,2,0,0,1,4,4,1,2,3,2,3,4,2,2,0,3,1
11177,4,1,2,0,0,2,0,0,0,2,0,3,2,0,2,1,0,3
11178,4,4,4,0,4,2,0,0,0,3,3,2,4,1,4,0,1,1
11179,0,2,3,0,1,0,0,1,0,3,2,3,0,1,4,0,4,1
11180,0,2,1,0,4,4,0,4,0,4,4,3,0,4,2,0,2,0
11181,4,2,2,4,0,1,0,0,0,4,0,4,2,0,2,4,0,3
11182,0,1,4,0,0,3,0,1,1,1,3,2,2,2,1,1,3,1
11183,4,1,1,0,0,4,0,0,4,2,1,3,4,0,4,0,0,0
11184,0,2,0,0,0,2,0,0,0,3,2,3,0,2,1,0,3,0
11185,0,3,1,0,4,1,1,2,4,3,4,3,4,3,1,0,3,4
11186,0,4,0,0,4,4,0,1,0,3,1,2,4,4,4,0,3,0
11187,0,4,1,0,1,1,0,3,0,2,2,3,1,1,3,0,1,0
11188,4,1,3,0,0,3,0,0,2,4,2,3,3,1,3,1,1,2
11189,0,4,0,0,0,3,0,1,1,2,1,1,1,1,2,1,0,1
11190,3,4,1,0,0,1,0,0,1,4,0,4,4,4,4,1,0,0
11191,0,0,0,0,4,1,0,0,0,3,4,3,0,1,4,0,1,0
11192,0,1,1,1,0,0,0,0,0,1,3,2,1,2,1,1,3,0
11193,1,2,2,0,0,1,0,2,2,3,1,1,2,3,2,2,1,3
11194,0,2,4,0,2,4,0,0,0,4,1,2,0,2,4,0,3,0
11196,0,2,1,1,4,0,0,4,4,3,3,2,2,3,4,0,4,0
11197,0,2,0,0,1,0,0,0,0,2,3,1,0,4,0,0,4,0
11198,1,1,4,0,4,3,0,1,2,3,3,3,3,4,2,0,1,0
11199,0,0,4,0,0,0,0,0,4,0,0,4,1,0,4,0,0,0
11200,0,1,4,1,0,4,0,0,4,4,0,2,3,0,4,0,0,4
11201,0,1,0,0,2,0,0,0,0,4,1,4,0,4,1,0,4,0
11202,0,3,0,0,2,0,0,0,0,1,3,3,0,4,4,0,3,0
11203,0,3,0,0,1,0,0,0,0,4,1,2,0,2,0,0,2,0
11204,0,4,0,0,3,0,0,0,2,3,4,3,0,3,0,0,2,0
11205,3,3,4,1,0,0,0,4,1,3,1,3,1,4,2,3,3,4
11206,4,1,1,0,0,1,0,0,0,1,0,2,1,0,1,0,0,1
11207,1,2,2,3,2,4,0,1,2,4,4,4,2,4,2,3,4,1
11208,4,3,3,1,1,2,0,0,4,4,4,1,2,0,2,3,0,2
11209,0,4,0,0,0,1,0,0,0,4,2,4,0,0,4,0,0,0
11210,0,4,4,0,0,0,0,1,0,2,2,3,0,3,4,0,2,0
11211,0,4,4,0,1,0,0,0,4,2,3,3,4,0,4,0,3,0
11212,0,0,0,0,0,0,0,0,0,2,3,3,0,1,0,0,1,0
11213,0,2,0,0,3,0,4,3,2,1,2,2,0,4,2,0,1,1
11214,0,1,0,0,0,2,0,1,0,1,4,2,0,1,2,0,3,0
11215,1,1,1,2,0,2,0,0,0,1,1,2,3,4,3,3,4,0
11216,0,1,3,0,1,3,0,3,4,1,2,4,3,1,1,1,0,4
11217,0,3,0,0,4,0,0,0,0,3,1,4,0,2,0,0,2,0
11218,0,3,0,0,0,1,0,0,1,1,4,2,3,4,1,0,4,0
11219,0,2,0,0,4,4,0,4,0,1,2,3,0,4,3,0,2,0
11220,0,0,0,0,0,0,0,1,0,3,1,1,0,0,0,0,1,0
11221,0,1,0,0,4,4,0,2,0,4,4,3,0,4,1,0,3,0
11222,0,4,0,0,1,0,0,3,2,3,3,2,0,4,0,0,2,0
11223,0,3,3,0,0,3,0,0,0,4,1,3,1,0,1,0,0,0
11224,0,3,1,0,4,0,0,0,0,3,3,2,0,1,0,0,3,0
11225,1,1,0,2,1,3,0,4,3,1,1,2,2,2,4,0,4,0
11226,0,4,0,0,2,4,0,0,0,4,1,1,0,2,1,0,1,3
11228,0,3,0,0,2,0,0,1,0,3,3,2,1,2,1,0,4,4
11229,1,1,4,1,0,0,0,0,0,3,3,2,1,1,1,0,3,4
11230,0,4,0,4,3,0,2,2,2,1,2,1,3,2,4,0,2,1
11231,0,1,4,0,4,4,1,4,3,3,3,3,1,4,1,3,1,1
11232,0,3,0,0,0,0,0,0,0,2,2,2,0,2,0,0,3,0
11233,0,3,1,0,1,1,0,4,3,3,2,2,0,3,2,0,3,0
11234,0,4,1,0,0,2,0,4,3,2,4,4,1,4,4,0,4,0
11235,4,3,2,3,0,1,0,0,1,3,3,3,1,2,1,1,2,2
11236,1,4,0,0,0,0,0,1,0,3,1,4,4,1,1,0,4,1
11237,0,1,0,0,1,3,1,0,1,2,4,3,1,4,1,0,3,1
11238,0,3,0,0,1,0,0,0,0,3,3,3,0,4,0,0,2,0
11239,0,4,0,0,0,0,4,1,0,1,4,4,0,4,0,0,4,0
11240,0,1,0,0,1,0,0,3,3,4,4,3,0,2,3,0,2,0
11241,0,4,4,0,1,4,0,2,4,2,3,4,0,1,1,0,3,0
11242,0,2,4,0,4,4,0,1,4,4,2,2,0,3,1,0,3,0
11243,0,4,1,0,0,0,0,2,0,2,2,2,0,1,4,0,2,0
11244,0,3,0,0,4,4,4,2,2,3,1,3,4,1,0,0,4,0
11245,0,2,1,0,4,0,0,1,3,4,3,2,0,4,1,0,2,0
11246,0,1,1,0,0,1,2,4,1,3,2,2,1,2,4,0,1,0
11247,0,1,0,1,0,3,0,0,0,1,4,4,3,4,3,2,2,0
11248,0,0,0,0,1,1,3,3,3,1,1,2,0,4,4,0,2,0
11249,0,3,1,1,0,1,0,0,0,1,4,1,2,0,2,2,0,1
11250,0,2,0,0,4,0,0,0,0,3,3,2,0,3,0,0,2,0
11251,0,4,4,3,0,0,0,0,2,1,1,3,2,4,2,3,4,1
11252,0,4,0,0,1,0,0,4,2,1,1,2,0,1,0,0,0,0
11253,0,3,4,0,2,2,1,4,4,2,3,3,0,4,3,0,3,0
11254,0,3,0,0,1,0,0,2,0,2,4,3,0,3,0,0,2,0
11255,1,1,1,0,4,1,0,0,0,1,2,3,0,1,1,1,1,0
11256,2,2,3,1,0,0,0,0,4,3,4,3,3,4,4,4,4,2
11258,0,2,0,0,1,4,0,0,3,1,2,2,1,4,3,4,0,4
11259,0,4,0,0,3,4,0,4,0,2,3,3,0,1,0,0,1,0
11260,4,3,3,0,0,3,0,0,2,3,3,1,4,4,4,1,1,4
11261,0,4,0,0,4,0,0,4,1,4,4,4,0,0,0,0,2,0
11262,1,0,1,2,0,2,0,0,1,4,4,1,3,0,3,4,0,4
11263,0,4,0,0,4,1,0,0,0,2,1,2,4,4,2,0,1,0
11264,0,4,0,0,3,4,0,0,1,2,2,1,0,4,1,0,1,4
11265,0,4,3,0,1,0,0,1,2,1,3,3,4,3,1,0,3,0
11266,0,4,0,0,2,0,3,4,4,3,1,2,0,3,0,0,1,0
11267,0,3,0,0,1,4,0,0,0,3,3,3,0,4,1,0,3,0
11268,0,4,0,0,4,0,0,2,3,1,3,2,0,3,1,0,4,0
11269,0,0,0,0,1,1,0,0,0,4,2,2,4,1,4,0,3,0
11270,0,2,3,1,2,1,0,1,2,1,4,2,0,1,4,0,2,4
11271,0,0,0,0,4,0,0,1,4,2,4,4,0,3,0,0,3,0
11272,1,2,1,0,0,3,0,0,4,4,0,3,2,0,2,4,0,1
11273,0,1,0,0,4,0,0,0,0,2,3,3,0,1,0,0,0,0
11274,0,0,0,0,4,1,0,3,1,2,2,2,0,2,1,0,2,0
11275,0,4,0,0,0,0,0,1,3,2,4,3,0,3,0,0,1,0
11276,0,1,4,0,1,0,1,4,1,2,3,2,0,2,0,0,2,0
11277,0,0,4,0,4,0,0,0,0,3,2,2,0,4,4,0,3,0
11278,0,4,0,0,0,2,0,1,0,4,1,2,1,3,2,0,1,0
11279,0,0,0,0,4,0,0,4,4,3,2,3,0,2,3,0,3,0
11280,0,2,0,0,2,0,0,0,0,2,2,2,0,3,0,0,1,1
11281,1,0,0,0,1,4,0,0,1,3,2,2,1,3,4,0,1,3
11282,0,2,4,0,0,0,0,0,1,1,4,1,0,1,1,1,0,0
11283,0,1,0,0,0,0,0,1,0,2,2,2,4,3,1,0,2,0
11284,0,1,0,0,0,0,0,0,1,1,2,3,0,3,0,0,2,0
11285,0,2,0,0,1,1,0,0,0,2,1,3,0,0,1,0,0,0
11286,0,1,0,0,1,4,0,0,0,3,2,2,0,4,4,0,0,1
11287,0,3,0,0,4,0,0,0,0,3,1,2,4,3,4,0,1,4
11288,0,1,0,0,4,0,0,4,4,1,3,4,0,1,0,0,4,0
11289,0,4,0,0,1,0,0,4,0,4,2,3,0,2,1,0,2,0
11290,0,1,1,0,0,1,0,0,2,1,4,2,4,4,2,2,4,0
11291,0,4,0,0,4,0,0,0,0,3,2,2,0,4,0,0,3,0
11292,0,1,4,0,3,0,0,0,0,2,3,4,0,0,4,0,4,0
11293,0,3,0,0,0,1,0,3,1,4,3,3,0,1,0,0,2,0
11294,0,3,2,0,0,0,0,3,1,3,0,1,1,4,3,4,4,0
11295,1,4,0,0,0,0,0,4,3,2,4,3,0,3,2,0,3,0
11296,0,3,0,0,0,0,0,0,0,4,0,1,3,0,4,0,0,0
11297,0,0,0,0,0,0,0,0,0,1,2,2,0,0,0,0,1,0
11298,0,0,0,0,0,0,0,0,0,2,3,2,0,4,0,0,2,0
11299,0,1,0,0,3,4,0,2,1,4,2,4,0,4,0,0,3,1
11300,1,4,3,4,2,1,4,1,1,2,4,1,3,4,1,0,4,0
11301,1,2,3,4,0,2,0,0,1,1,0,3,3,0,4,4,0,3
11302,0,3,4,4,4,3,0,1,3,2,4,2,1,0,1,4,4,0
11303,4,0,4,0,0,0,0,3,1,2,2,2,4,3,4,0,3,3
11304,0,3,0,0,1,1,0,1,1,2,1,2,0,2,0,0,1,1
11305,0,3,1,0,2,3,0,0,0,3,2,1,2,2,2,0,2,0
11306,0,3,0,0,3,0,0,0,4,2,2,2,0,4,0,0,3,0
11307,4,2,3,4,4,4,0,2,0,3,2,3,4,3,2,2,4,3
11309,1,1,2,0,2,1,3,3,1,2,2,3,1,2,2,4,2,0
11310,0,1,0,0,0,2,0,0,0,1,0,3,2,1,1,4,0,4
11311,4,3,3,3,0,4,0,0,2,2,2,3,2,2,2,4,3,4
11312,0,2,0,0,3,4,4,1,3,1,3,2,0,2,1,0,1,0
11313,0,1,0,0,0,0,1,1,2,1,2,2,1,1,4,0,1,0
11314,0,3,0,0,0,1,0,0,0,3,0,2,3,0,1,4,0,4
11315,0,0,0,0,3,0,0,1,0,4,2,3,0,4,0,0,3,1
11316,0,4,0,0,1,0,0,0,0,2,2,3,0,2,0,0,4,0
11317,1,1,4,0,0,4,0,0,0,4,3,1,2,3,3,0,1,3
11318,3,3,3,1,0,4,0,0,0,2,0,3,1,0,2,1,0,4
11319,4,4,4,0,3,3,0,1,0,1,4,3,0,2,2,4,4,1
11320,0,2,3,3,1,1,0,1,3,1,3,1,4,1,1,2,1,1
11321,0,1,1,0,1,2,0,0,0,4,1,3,0,1,2,0,1,0
11322,1,1,3,1,0,4,0,0,2,2,3,2,1,0,1,4,4,4
11323,0,1,1,0,1,4,0,2,1,2,2,1,0,2,1,0,3,0
11324,0,2,2,0,0,4,0,0,3,1,0,3,3,0,2,0,0,3
11325,0,2,1,0,3,0,0,1,1,2,3,3,0,4,1,0,3,0
11326,0,0,0,0,3,1,0,0,0,1,2,3,4,0,4,0,3,0
11327,0,3,1,0,1,4,0,2,0,3,1,2,0,1,0,0,2,4
11328,0,2,0,0,0,0,0,0,0,4,4,1,0,1,1,0,0,0
11329,3,2,3,3,0,2,0,0,2,2,0,3,2,4,1,1,0,1
11330,3,3,4,0,0,0,0,0,4,3,0,1,3,0,4,1,0,1
11331,0,3,4,4,0,1,0,0,0,3,0,3,3,0,4,0,0,1
11332,0,2,0,0,2,0,4,3,1,1,1,3,1,4,1,0,1,0
11333,0,2,0,0,0,0,1,2,3,2,1,3,0,1,1,0,3,0
11334,0,1,0,0,0,1,1,1,3,2,3,1,0,2,1,0,1,0
11335,0,1,4,0,1,0,0,3,0,3,3,2,0,3,4,0,3,4
11336,0,4,4,0,0,0,0,0,4,3,1,4,4,0,4,0,0,0
11337,0,3,4,0,3,0,0,1,1,2,4,3,0,3,0,0,4,1
11338,0,4,0,0,4,0,0,0,1,4,3,4,0,3,0,0,4,0
11339,0,4,0,0,1,4,0,0,0,4,4,3,0,1,1,1,4,1
11340,0,4,0,0,1,0,0,0,0,3,2,2,0,4,0,0,2,0
11341,0,4,0,0,0,0,0,4,0,4,4,4,4,4,0,0,4,0
11342,3,4,3,3,0,4,0,0,2,1,1,1,4,1,2,4,3,4
11343,0,3,1,1,0,2,0,1,2,1,2,2,1,1,3,0,3,4
11344,0,2,4,1,1,1,0,1,0,2,3,1,0,1,3,0,2,0
11345,0,2,3,3,1,4,1,0,0,3,3,4,3,1,3,3,2,3
11346,0,4,0,0,4,0,0,0,0,2,2,2,0,0,0,0,1,0
11347,0,3,0,0,0,0,0,0,0,4,1,1,0,1,0,0,3,0
11348,0,2,4,0,1,0,0,0,4,1,1,1,4,1,0,0,0,0
11349,0,1,4,0,4,4,0,2,2,3,3,3,0,3,1,0,3,0
11350,0,2,1,0,0,4,4,1,3,2,0,1,2,0,1,1,0,0
11351,0,0,0,0,2,1,0,4,0,1,1,3,1,2,1,0,1,0
11352,0,3,1,0,0,3,0,2,0,2,3,3,0,3,2,0,2,0
11353,0,2,1,0,2,1,0,4,0,2,3,4,0,1,4,1,3,0
11354,0,2,0,0,0,4,0,0,0,3,3,3,0,1,1,0,4,0
11355,0,1,2,1,2,3,0,1,4,4,1,1,4,2,3,0,4,4
11356,0,4,0,0,1,0,0,3,0,2,4,2,4,4,4,0,4,0
11357,0,2,4,0,0,3,0,0,4,4,4,1,4,1,1,4,0,0
11358,0,1,1,0,3,1,0,2,0,1,3,3,4,4,1,0,3,4
11359,4,3,1,0,4,2,0,3,4,4,3,3,1,2,2,1,1,0
11360,0,3,0,0,4,0,0,0,0,4,4,3,0,0,0,0,3,0
11361,0,4,0,0,1,3,0,2,3,3,2,2,0,2,4,0,3,1
11362,4,1,2,1,4,1,0,4,3,2,4,3,2,0,1,1,1,4
11363,0,2,0,0,2,0,0,2,4,4,2,4,0,2,2,0,2,4
11364,1,4,4,0,0,3,0,0,4,1,4,3,1,1,2,3,4,4
11365,3,1,2,0,0,2,0,3,0,2,1,4,4,4,3,0,2,4
11366,0,4,0,0,2,3,0,0,1,3,2,3,0,4,2,0,3,1
11367,0,0,1,0,0,2,0,0,4,3,0,4,0,0,4,0,0,0
11368,0,4,0,0,3,1,0,1,3,4,2,2,0,2,4,0,3,0
11369,0,1,0,0,0,0,0,0,0,2,4,2,1,0,0,3,0,1
11370,0,3,0,0,3,0,0,0,0,3,3,3,0,1,0,0,4,0
11371,0,0,0,0,3,1,0,4,0,3,2,2,0,2,0,0,1,0
11372,0,1,4,0,1,4,0,0,0,4,4,3,4,3,3,0,2,1
11373,0,0,4,0,4,1,1,0,0,1,4,4,0,2,0,0,1,0
11374,0,2,0,0,1,0,0,1,1,4,3,3,0,4,0,0,0,0
11375,0,2,1,0,0,4,0,0,4,1,1,1,3,0,1,0,0,4
11376,0,3,0,1,4,1,0,3,4,3,1,1,0,1,4,0,3,4
11377,0,3,0,0,3,0,0,4,0,3,2,3,0,2,0,0,2,0
11378,0,3,1,0,0,1,0,0,0,1,2,1,1,2,1,3,3,0
11379,0,1,1,0,0,1,0,0,3,1,4,1,1,0,1,1,4,1
11380,0,2,4,0,1,3,0,0,0,1,1,3,3,1,4,4,2,4
11381,0,1,1,0,4,1,0,3,3,3,2,2,0,1,3,0,2,4
11382,0,4,0,0,0,4,0,0,4,4,4,3,4,0,1,0,4,0
11383,3,1,4,0,0,1,1,0,2,1,0,1,3,1,1,2,0,1
11384,0,3,0,0,4,0,0,0,0,4,3,2,0,4,0,0,2,0
11385,0,2,0,0,3,0,0,0,0,2,3,3,0,4,0,0,4,0
11386,1,1,2,1,0,2,0,0,4,3,1,3,2,0,1,1,0,0
11387,4,3,4,0,0,0,0,0,4,1,4,4,4,4,4,0,0,0
11388,0,1,1,0,4,0,0,4,1,2,2,4,0,1,1,0,1,0
11389,0,3,3,4,0,0,0,0,0,3,1,3,4,1,4,3,1,4
11390,0,3,0,0,2,0,0,0,0,3,3,3,0,4,0,0,4,0
11391,0,4,0,0,0,0,0,3,4,3,1,2,0,4,3,0,4,0
11392,0,1,1,0,0,0,0,0,1,3,4,2,4,0,1,0,0,0
11393,0,4,4,0,0,4,0,0,0,3,2,2,0,1,2,4,4,3
11394,0,2,4,0,1,3,0,0,4,4,3,3,0,4,4,0,4,0
11395,0,4,0,0,4,0,0,4,0,1,3,3,0,2,4,0,4,0
11396,0,1,1,0,0,1,0,0,0,1,0,4,0,0,1,1,0,1
11397,4,2,4,0,0,1,1,0,1,2,0,3,3,1,2,2,0,1
11398,0,1,4,0,1,0,0,1,1,2,2,1,0,2,1,0,2,0
11399,0,1,1,0,4,0,0,0,0,1,4,3,3,4,2,1,4,1
11400,0,1,0,0,0,0,0,0,0,2,1,3,0,4,0,0,4,0
11401,0,2,4,0,2,0,0,4,0,1,2,2,0,3,2,0,3,2
11402,0,4,0,0,0,3,0,4,4,3,3,3,0,2,1,0,1,3
11403,0,1,4,0,2,0,4,1,1,1,1,1,0,3,0,0,1,4
11404,0,1,0,0,3,2,2,1,1,1,3,2,0,1,1,0,3,0
11405,0,1,0,0,1,0,0,0,0,3,1,3,0,1,0,0,1,0
11406,4,1,4,1,0,3,4,0,4,2,0,2,3,0,1,1,0,0
11407,0,4,0,0,1,0,0,1,0,2,4,4,0,1,4,0,3,1
11408,0,4,1,0,0,4,0,0,4,4,4,3,4,4,3,0,4,0
11409,4,3,4,0,4,4,0,4,0,3,2,2,2,3,4,0,1,4
11410,0,3,4,0,2,2,1,1,3,1,2,2,0,1,3,0,3,0
11411,0,1,3,0,4,1,4,3,4,3,3,4,0,2,4,0,2,0
11412,0,2,0,0,2,0,0,0,0,3,2,1,0,1,0,0,4,0
11413,0,3,0,0,2,3,0,4,4,3,2,1,4,3,4,0,2,3
11414,0,4,3,0,0,1,0,4,0,2,3,1,0,1,0,0,2,0
11415,0,3,1,0,1,1,0,0,0,1,2,3,1,1,2,0,2,1
11416,0,1,0,0,2,0,0,2,0,2,3,3,0,3,2,0,3,0
11417,4,4,3,0,2,2,0,0,0,1,4,1,1,2,4,3,1,4
11418,0,3,0,0,2,3,0,0,0,1,2,2,1,4,1,1,3,0
11419,0,1,1,0,0,0,0,4,0,3,2,2,0,1,1,0,1,0
11420,2,0,1,0,0,4,0,0,3,1,1,3,1,0,1,3,0,1
11421,0,4,4,0,0,0,1,4,3,3,2,3,0,3,0,0,3,0
11422,0,4,4,0,3,2,4,3,1,4,4,3,0,3,3,0,2,4
11423,4,4,3,1,0,1,0,0,0,2,0,4,1,0,2,0,0,1
11424,0,4,4,0,0,1,0,2,4,4,3,3,1,3,1,0,1,1
11425,0,3,0,0,3,0,0,0,0,3,3,3,0,4,0,0,1,0
11426,0,1,4,0,4,1,4,3,2,3,4,3,0,1,4,1,4,0
11427,0,4,4,0,2,4,0,4,4,3,3,3,0,1,3,0,2,0
11428,0,1,0,0,1,0,1,4,3,3,1,1,0,3,0,0,1,0
11429,0,4,0,0,1,0,0,4,0,3,2,3,0,2,0,0,4,1
11430,0,4,1,4,0,4,0,0,3,4,0,4,4,0,4,4,0,4
11431,0,0,0,0,0,0,0,4,0,1,1,1,0,1,4,0,4,0
11432,0,4,0,0,4,0,0,0,0,3,4,4,0,3,0,0,0,0
11433,0,2,0,0,3,0,0,2,1,2,2,2,0,4,0,0,2,1
11434,0,3,2,0,4,2,0,2,2,2,2,1,0,1,3,0,3,4
11435,0,1,1,0,0,4,4,2,3,1,2,2,1,1,2,0,3,1
11436,4,4,1,1,0,3,0,0,4,2,0,2,1,0,1,2,0,0
11437,0,0,0,0,4,0,0,4,4,3,1,1,0,4,0,0,1,0
11438,4,3,4,2,4,2,0,0,2,2,2,2,4,1,4,0,1,2
11439,0,0,0,0,4,0,0,0,4,4,1,3,0,1,0,0,0,0
11440,2,3,4,3,1,1,0,0,4,3,4,4,2,0,2,4,4,3
11441,0,1,3,0,0,1,0,1,4,3,3,3,0,2,1,0,1,0
11442,4,3,3,0,1,1,3,4,3,2,2,2,3,2,1,2,2,2
11443,0,4,4,1,4,1,0,0,0,3,3,3,2,4,2,1,3,2
11444,0,4,3,0,1,0,0,4,0,1,3,3,0,3,4,0,2,0
11445,0,3,0,0,0,1,1,1,2,3,2,2,0,1,1,0,3,4
11446,0,4,0,0,1,0,0,2,0,2,3,2,0,2,4,0,2,0
11447,0,4,4,0,2,4,0,2,4,4,1,3,3,3,1,0,1,0
11448,0,4,0,0,0,0,0,2,2,2,2,2,0,4,0,0,2,0
11449,1,1,3,0,0,3,0,0,0,4,4,2,2,2,3,0,4,0
11450,0,4,1,1,0,1,0,0,0,3,0,4,2,0,4,1,0,3
11451,0,1,0,0,3,0,0,0,0,2,3,3,0,1,0,0,2,0
11452,0,3,0,0,3,4,0,0,0,3,3,3,0,3,0,0,1,0
11453,0,3,0,0,1,0,0,0,0,2,2,1,0,2,0,0,2,0
11454,4,3,4,0,1,0,0,0,0,1,4,4,2,4,1,1,2,3
11455,0,1,0,0,4,0,0,0,0,3,3,1,0,3,0,0,4,0
11456,0,2,0,0,1,0,0,1,4,3,3,2,0,1,4,0,1,3
11457,0,1,1,0,0,0,0,2,0,3,1,1,0,2,4,0,3,0
11458,0,4,0,0,4,0,0,0,0,3,2,3,0,1,0,0,2,0
11459,0,1,4,0,0,3,0,0,4,3,1,2,2,2,3,4,4,4
11460,0,4,1,0,0,3,0,0,0,4,4,2,4,3,2,1,3,0
11462,4,2,1,0,1,0,0,0,4,3,1,2,0,3,1,1,1,1
11463,3,1,0,1,0,2,0,0,3,2,0,4,1,0,3,4,0,2
11464,0,4,4,0,0,4,0,1,1,1,1,1,1,0,4,1,1,3
11465,0,1,4,0,0,2,0,1,0,1,3,1,2,2,2,1,0,0
11466,3,3,0,4,1,3,0,0,0,2,1,3,1,2,3,3,1,4
11467,0,3,0,0,4,0,0,0,0,0,4,1,1,4,3,0,0,0
11468,0,2,4,0,0,4,0,2,2,3,1,1,0,2,4,0,2,0
11469,1,1,2,0,1,3,0,1,4,2,3,3,2,4,1,1,1,2
11470,0,3,2,0,0,2,0,0,0,3,0,2,2,0,3,0,0,4
11471,0,3,0,0,4,0,0,0,0,2,2,3,4,4,4,0,4,4
11472,4,1,2,1,0,1,0,0,4,4,0,2,3,0,2,3,0,4
11473,0,2,4,0,0,3,0,0,4,2,2,3,1,0,3,3,4,0
11474,0,1,1,0,1,2,0,1,4,1,1,1,1,4,1,1,1,1
11475,0,1,0,0,0,0,0,0,0,4,4,3,0,2,0,0,3,0
11476,0,4,4,0,1,4,1,2,3,2,2,2,4,2,3,0,3,4
11477,4,4,2,0,0,2,0,1,3,3,4,4,2,0,3,4,1,3
11478,0,2,3,4,0,2,0,0,0,3,0,3,2,0,3,3,0,4
11479,0,4,0,0,4,4,4,2,2,3,3,3,1,4,4,0,4,0
11480,0,1,0,0,3,0,0,1,0,2,3,2,0,1,0,0,3,1
11481,0,0,0,0,3,0,0,0,0,2,3,2,0,4,0,0,1,0
11482,0,2,3,0,0,3,0,1,1,4,1,4,4,2,4,1,2,4
11483,0,4,1,0,1,0,0,4,3,3,1,3,1,4,4,0,3,4
11484,0,4,0,0,1,0,0,0,0,1,1,3,0,4,0,0,3,0
11485,0,3,0,0,0,0,0,0,0,3,2,2,0,3,0,0,3,0
11486,0,1,0,0,0,0,0,0,4,3,0,4,3,0,4,0,0,0
11487,0,0,0,0,4,1,0,0,0,2,2,2,0,3,1,0,3,0
11488,2,2,2,0,0,2,0,0,1,2,1,1,1,2,2,1,0,1
11489,0,3,0,0,3,1,1,3,1,3,3,4,0,2,1,0,4,0
11490,4,2,2,0,3,3,0,3,1,2,2,1,1,1,4,0,4,4
11491,0,0,0,0,1,0,0,4,0,1,1,1,0,0,4,0,0,0
11492,0,3,3,0,4,1,1,1,2,2,1,1,2,4,2,0,1,0
11493,4,4,2,1,2,3,2,1,3,1,2,2,3,2,4,1,2,1
11494,3,3,3,3,0,2,0,0,4,2,1,2,1,0,2,1,1,1
11495,0,0,0,0,0,0,0,4,0,1,3,3,0,1,0,0,4,0
11496,0,0,0,0,4,0,0,0,0,3,3,4,0,4,0,0,4,0
11497,0,0,0,0,2,4,0,0,0,2,3,3,4,4,0,0,4,0
11498,0,3,4,2,0,3,0,0,1,2,2,1,1,0,1,1,0,0
11499,1,1,1,2,0,4,0,0,4,1,4,1,3,0,2,3,0,1
11500,0,4,0,0,4,0,1,4,1,3,3,3,0,3,4,4,4,0
11501,1,3,1,0,4,0,0,0,2,2,4,3,2,0,2,0,0,0
11502,0,2,0,0,2,0,0,1,2,1,4,2,4,1,1,0,4,0
11503,4,4,4,0,3,3,0,0,1,2,2,4,3,1,3,4,4,4
11504,0,2,3,0,0,0,0,0,4,1,0,3,2,0,3,0,0,0
11505,0,2,2,0,4,0,0,2,1,3,2,2,0,3,4,0,3,4
11506,0,4,4,4,0,4,0,0,0,3,1,1,1,0,4,4,1,0
11507,0,2,4,0,1,0,0,4,1,2,2,1,0,2,0,0,1,4
11508,0,2,0,0,1,0,0,0,0,3,1,1,0,4,0,0,3,0
11509,0,1,0,0,0,1,0,0,0,2,2,2,1,3,0,0,4,0
11510,0,2,0,0,1,0,1,4,3,3,2,2,0,2,0,0,2,0
11511,0,1,0,0,4,0,0,0,0,3,2,2,0,1,0,0,1,0
11512,0,3,0,0,4,0,0,1,0,4,2,3,0,1,2,0,2,0
11513,0,4,1,0,2,4,0,4,4,4,4,4,4,4,4,0,4,0
11514,0,4,0,0,0,0,0,0,0,4,3,4,0,0,0,0,0,0
11515,0,2,0,0,2,1,4,1,1,2,2,2,1,1,2,0,3,0
11516,0,2,4,0,4,4,0,0,4,4,2,2,0,4,0,0,4,4
11517,0,0,0,0,3,0,0,0,0,2,3,2,0,1,0,0,1,0
11518,0,4,1,0,3,3,0,1,0,4,1,2,4,3,4,0,4,4
11519,0,1,0,0,1,1,0,0,0,2,3,3,0,1,2,0,3,1
11520,2,2,1,1,4,4,0,0,2,4,4,3,2,0,4,1,0,0
11521,1,2,0,0,4,0,0,0,0,3,2,2,0,1,0,0,2,0
11522,0,1,1,0,2,4,0,0,0,1,4,2,0,1,1,1,4,0
11523,0,3,4,0,4,0,0,1,0,4,4,3,0,3,4,0,1,1
11524,4,1,2,0,3,4,0,0,0,4,2,3,0,3,4,0,3,0
11525,0,3,0,0,1,1,3,4,3,4,1,3,4,4,4,0,3,4
11526,0,2,0,0,4,4,0,4,4,3,3,3,0,4,0,0,4,4
11527,0,4,0,0,2,1,0,3,4,2,2,3,4,4,1,4,3,4
11528,4,1,3,4,0,3,0,0,3,3,4,4,4,4,2,4,1,3
11529,0,3,0,0,4,0,0,1,0,2,2,3,0,2,0,0,3,0
11530,0,4,0,0,3,0,0,1,4,2,1,2,0,1,0,0,2,0
11531,0,2,0,0,1,0,0,4,0,2,2,1,0,4,2,0,3,0
11532,0,2,0,0,4,0,0,4,0,2,3,2,0,2,0,0,2,0
11533,0,2,0,0,4,1,4,2,1,4,4,4,0,3,2,4,3,0
11534,0,3,0,0,0,0,0,0,0,2,2,1,0,1,0,0,2,0
11535,0,1,1,0,1,0,0,0,0,4,3,3,0,2,2,0,3,0
11536,0,4,4,0,0,3,0,0,1,2,0,1,3,0,3,3,0,3
11537,0,4,0,0,4,1,0,2,4,3,2,2,0,3,3,0,2,1
11538,0,4,0,0,4,1,0,1,0,4,2,1,0,4,1,0,1,4
11539,0,4,0,0,1,0,0,0,0,2,1,2,4,0,4,1,0,0
11540,0,3,4,1,0,4,0,0,2,2,2,3,3,1,3,1,3,0
11541,0,1,0,0,2,2,0,4,0,1,3,2,1,2,2,0,0,0
11543,3,3,0,0,3,4,0,3,4,3,2,3,4,4,4,2,2,2
11544,0,1,2,0,0,0,0,0,1,2,4,1,1,4,1,0,2,0
11545,0,3,0,0,3,4,0,0,0,3,2,3,0,4,1,0,1,4
11546,0,1,0,0,1,0,1,0,1,1,1,1,0,2,4,0,3,0
11547,0,2,0,0,0,1,0,1,0,2,4,3,0,1,3,0,1,0
11548,0,4,1,0,4,1,0,0,1,4,1,1,0,1,0,0,4,0
11549,0,3,0,0,2,3,0,2,1,3,1,3,0,3,0,0,2,4
11550,0,4,0,0,2,0,0,4,0,2,2,3,0,4,0,0,4,0
11551,0,3,4,0,2,1,4,3,1,2,2,1,0,2,1,0,1,2
11552,0,1,0,0,1,0,0,2,0,2,3,3,0,1,0,1,1,0
11553,0,1,0,0,1,2,0,0,0,2,3,1,0,1,1,0,1,0
11554,0,1,3,0,3,0,0,0,0,2,3,2,4,1,1,0,1,0
11555,0,4,1,0,2,0,0,0,0,2,3,3,0,3,0,0,3,0
11556,4,4,4,3,0,1,0,0,4,3,3,2,2,0,3,1,4,1
11557,0,3,4,0,0,1,0,0,1,3,4,1,3,4,1,0,3,1
11558,0,3,4,0,1,4,1,0,0,2,2,2,0,0,4,0,3,0
11559,0,1,0,0,4,0,0,0,0,1,3,1,0,1,0,0,3,0
11560,0,3,4,0,0,1,0,0,0,1,0,4,2,0,3,4,0,3
11561,0,2,0,0,2,0,1,3,1,2,2,2,0,4,0,0,3,0
11562,0,3,0,0,0,1,0,2,4,2,1,2,0,4,0,0,1,0
11563,0,4,4,0,3,0,0,3,0,3,3,3,0,3,1,0,1,0
11564,0,3,0,0,0,0,0,3,4,2,4,4,0,4,0,0,1,0
11565,0,2,0,0,4,0,0,4,4,3,3,2,0,3,4,0,1,0
11566,0,1,0,0,4,1,0,4,0,3,4,4,0,2,0,0,4,0
11567,0,3,0,0,0,0,0,4,0,1,1,1,1,4,4,0,2,0
11568,0,1,0,0,3,4,0,4,2,1,3,2,0,1,2,0,4,1
11569,0,2,0,0,1,4,0,0,0,3,2,2,0,1,0,0,2,4
11570,4,3,0,0,3,1,4,4,4,3,3,4,0,2,4,0,3,1
11571,0,4,1,0,0,3,4,1,3,2,3,1,0,0,1,1,4,4
11572,0,4,0,0,4,0,4,1,1,3,1,2,0,4,0,0,2,4
11573,0,1,0,0,2,4,2,2,1,1,2,2,0,3,1,0,2,0
11574,0,0,0,0,1,0,0,0,0,2,2,2,0,0,0,0,2,0
11575,0,0,0,0,0,0,0,1,0,1,4,4,0,3,0,0,3,0
11577,0,2,0,0,0,0,0,0,0,2,1,1,0,4,0,0,1,0
11578,0,2,0,0,3,4,4,4,1,3,3,3,0,2,4,0,3,0
11579,0,2,0,0,4,0,0,4,3,3,3,3,0,3,0,0,3,0
11580,0,1,0,0,1,0,0,0,0,4,1,3,0,4,0,0,4,0
11581,0,1,0,0,1,0,4,4,1,1,2,2,0,4,0,0,2,0
11582,1,4,1,0,0,4,0,0,0,0,1,1,1,2,4,0,0,0
11583,0,0,0,0,2,0,0,0,0,4,2,3,0,1,0,0,3,4
11584,0,4,0,4,1,1,4,3,1,2,4,2,4,1,3,0,2,1
11585,1,1,1,0,0,2,0,0,1,4,1,1,2,0,2,3,0,3
11586,0,3,0,0,1,0,0,0,0,3,3,3,0,3,0,0,1,0
11587,0,1,0,0,0,0,0,0,0,1,2,3,0,4,0,0,4,4
11588,4,2,4,0,0,4,0,0,4,3,4,4,4,0,4,4,4,4
11589,0,3,0,0,4,4,4,4,2,2,1,2,1,1,0,0,2,4
11590,0,2,0,0,3,1,0,4,1,3,2,3,4,4,1,0,1,0
11591,4,2,4,0,0,2,0,0,0,2,0,3,2,0,3,4,0,0
11592,0,1,0,4,3,0,0,4,4,2,3,3,0,1,0,0,1,0
11593,0,4,0,0,1,1,0,1,0,2,1,1,0,4,4,0,1,3
11594,0,2,4,0,2,4,0,1,0,3,2,3,0,4,0,0,4,0
11595,1,4,3,0,0,1,0,0,0,3,1,2,2,2,4,1,1,2
11596,0,3,4,0,1,0,0,4,2,2,3,2,0,4,4,0,4,0
11597,0,2,0,0,3,0,0,2,0,3,4,3,0,2,1,0,2,1
11598,0,2,1,0,3,1,1,1,1,3,2,3,0,3,4,0,1,0
11599,0,4,0,0,1,0,0,0,0,3,2,3,0,4,0,0,2,0
11600,0,3,4,0,4,1,0,0,4,4,4,3,0,3,0,0,2,0
11601,0,4,4,0,0,0,0,3,4,4,3,3,0,2,4,0,3,0
11602,0,1,4,0,1,1,0,3,3,2,4,4,0,2,1,0,2,0
11603,2,2,2,3,0,3,0,0,1,1,4,1,2,1,3,1,1,0
11604,1,2,2,0,0,1,0,0,2,1,0,1,1,1,3,1,0,0
11605,0,3,0,0,1,2,0,1,4,1,3,2,0,4,0,0,2,0
11606,4,4,1,0,1,1,0,0,0,3,3,3,0,4,1,4,2,4
11607,0,3,0,0,1,0,0,0,0,1,2,3,0,1,1,0,3,0
11608,4,1,0,0,4,0,0,0,4,0,0,3,2,0,3,0,0,4
11609,0,1,0,0,0,3,0,1,1,1,1,1,0,3,3,0,3,4
11610,0,4,4,1,0,4,0,3,0,2,1,2,1,4,3,4,1,1
11611,0,1,4,0,3,0,0,0,1,3,3,3,0,2,0,0,4,0
11612,0,0,0,0,2,0,0,0,0,1,3,3,0,1,0,0,4,0
11613,0,2,0,0,4,0,0,0,0,1,2,2,0,4,0,0,0,0
11614,0,0,4,0,0,1,0,0,0,1,0,4,0,1,4,0,0,3
11615,0,4,4,0,0,4,0,4,4,1,4,1,1,0,1,0,0,0
11616,3,0,3,1,0,1,0,0,1,1,1,1,1,4,4,1,1,1
11617,0,4,4,0,1,0,0,4,0,2,2,3,0,3,2,0,1,4
11618,4,4,4,1,0,4,0,0,1,2,4,3,1,0,1,0,4,3
11619,0,4,0,0,4,1,0,0,0,3,3,4,0,4,4,0,4,0
11620,0,1,1,0,1,1,0,0,0,2,4,2,0,1,1,1,3,2
11621,1,1,2,0,0,3,0,4,1,3,2,3,4,1,1,0,4,2
11622,0,4,0,0,4,4,0,3,4,3,2,3,4,2,4,0,2,0
11623,0,4,0,0,1,0,0,0,0,4,2,3,0,4,4,0,2,0
11624,0,2,1,0,4,4,0,0,0,3,3,3,0,2,3,0,2,0
11625,3,4,4,1,4,1,0,0,0,3,3,3,3,4,4,2,4,3
11626,0,0,1,0,4,3,0,4,4,2,3,2,0,2,1,0,2,1
11627,0,1,0,0,4,0,0,1,1,2,1,2,0,4,1,0,4,0
11628,1,1,2,2,0,4,0,0,1,2,0,2,1,0,1,3,0,1
11629,0,3,1,0,4,0,0,0,0,2,2,2,3,1,2,4,4,0
11630,0,3,0,0,0,1,0,0,0,3,3,1,0,1,1,0,2,0
11632,0,1,0,0,2,0,0,4,1,2,2,1,0,3,0,0,1,0
11633,0,4,0,0,4,0,0,0,0,3,3,3,0,4,1,0,2,0
11634,0,1,1,0,0,0,0,0,0,2,3,2,0,3,1,0,1,4
11635,0,3,0,0,0,0,0,1,0,3,1,2,0,3,3,0,4,0
11636,0,3,0,0,1,1,0,0,0,2,2,2,0,2,1,0,3,0
11637,0,1,0,0,1,0,1,2,2,2,2,2,0,4,4,0,1,0
11638,0,4,0,0,4,0,0,2,4,1,1,2,0,2,0,0,4,0
11639,0,0,0,0,4,0,0,0,0,3,3,3,0,0,0,0,1,0
11640,0,4,0,0,0,0,0,2,4,1,4,3,0,3,1,0,4,1
11641,0,0,0,0,0,1,0,0,0,2,2,2,0,3,0,0,2,0
11642,0,2,0,0,1,2,0,0,0,2,2,2,0,1,1,0,2,0
11643,0,3,0,0,1,0,0,0,0,2,2,2,0,4,0,0,2,0
11644,0,4,4,0,0,0,0,1,0,4,1,3,1,1,2,4,0,4
11645,0,4,0,0,0,0,0,0,0,3,2,3,0,1,0,0,2,0
11646,0,4,0,0,4,2,0,2,4,2,3,3,0,3,3,1,3,1
11647,0,1,0,0,0,1,2,1,2,1,2,1,0,2,0,0,3,0
11648,0,0,0,0,0,0,0,0,0,0,1,4,0,0,0,0,0,0
11649,0,1,0,0,4,0,0,0,0,3,2,3,4,2,4,0,4,4
11650,1,1,1,0,4,4,0,0,0,3,3,3,0,3,1,0,3,0
11651,4,4,1,0,0,0,0,0,0,0,3,2,2,1,4,0,0,0
11652,0,4,0,0,1,0,0,0,0,1,4,3,0,1,0,0,3,0
11653,0,1,0,0,4,0,0,0,0,0,4,1,0,1,4,0,0,0
11655,0,4,1,0,1,0,0,2,0,4,4,3,0,1,0,0,4,0
11656,0,1,0,0,4,0,0,0,4,2,2,4,0,0,0,0,0,0
11657,0,0,0,4,0,1,0,0,2,2,1,3,4,0,2,0,0,1
11658,0,1,4,0,4,0,0,2,2,2,2,2,0,2,0,0,2,0
11659,4,2,3,0,0,0,4,0,4,1,4,1,3,4,3,4,0,4
11660,0,3,0,0,1,0,0,4,0,4,3,3,0,4,4,0,4,0
11661,0,2,0,0,0,0,0,0,0,4,3,3,0,3,0,0,3,0
11662,4,2,4,4,0,1,0,0,0,2,1,2,2,0,2,2,0,4
11663,0,0,1,0,0,0,0,3,0,1,3,3,0,2,3,0,2,4
11664,0,2,0,0,4,1,0,0,0,2,1,2,0,4,0,0,2,0
11665,0,3,0,0,1,4,0,4,0,4,4,4,4,3,4,0,4,4
11666,0,4,1,0,4,0,0,0,0,2,2,4,4,1,4,0,2,0
11667,0,4,0,0,0,0,0,0,3,2,4,2,1,4,0,0,3,0
11668,0,0,0,0,3,0,0,1,1,3,1,1,0,1,0,0,2,0
11669,0,4,0,0,0,4,0,1,0,4,3,3,0,2,4,0,2,1
11670,4,3,4,1,0,1,0,0,4,2,1,4,2,1,3,3,0,4
11671,0,0,0,0,0,0,0,0,0,4,4,4,0,4,0,0,4,0
11672,0,4,3,0,3,2,0,4,0,4,3,2,4,1,4,0,1,2
11673,0,3,0,0,1,0,1,1,4,3,1,3,0,3,0,0,2,0
11674,0,4,0,0,2,0,4,0,4,3,3,2,0,0,0,0,4,0
11675,0,4,4,0,0,1,0,4,4,3,3,4,0,1,0,0,3,0
11676,0,4,0,0,4,3,0,4,4,2,2,2,3,2,4,0,3,0
11677,0,1,4,0,4,4,4,4,4,3,3,2,3,3,3,4,2,2
11678,0,3,0,0,2,0,0,0,0,4,1,3,0,1,0,0,1,0
11679,0,1,0,1,3,1,0,0,0,4,4,4,0,2,4,0,2,0
11680,0,4,2,4,4,4,0,0,2,2,3,1,2,1,3,0,4,4
11681,0,2,1,1,0,3,0,0,2,3,0,3,1,4,2,1,4,1
11682,0,4,1,0,2,1,0,1,2,4,4,4,4,4,3,0,4,1
11683,0,1,0,0,4,0,0,1,0,1,1,1,0,1,2,1,3,1
11684,0,1,0,0,1,0,0,1,0,4,3,2,0,2,0,0,2,0
11685,0,4,4,0,1,3,0,1,1,2,3,4,0,4,4,0,3,0
11686,0,3,0,0,4,0,0,0,0,3,2,3,0,2,4,0,4,0
11687,0,2,0,0,4,1,1,4,0,2,3,2,0,1,0,0,2,0
11688,4,4,4,1,0,0,0,4,0,3,4,3,1,4,4,1,3,2
11689,0,4,0,3,4,3,0,4,1,3,4,4,0,3,4,0,4,0
11690,0,2,0,0,3,0,0,0,0,2,2,3,0,2,0,0,1,0
11691,0,4,0,0,1,0,0,4,4,3,3,2,0,1,4,0,4,0
11692,0,3,1,0,0,4,0,0,0,1,2,1,1,1,1,1,1,0
11693,0,2,0,0,3,0,0,0,0,2,1,2,0,1,1,0,3,0
11694,0,1,4,0,3,1,0,0,0,1,3,3,0,2,3,0,4,1
11695,4,4,1,4,0,3,0,0,4,1,0,4,4,0,4,4,0,3
11696,0,4,0,0,4,0,0,0,0,2,2,2,0,4,1,0,0,0
11697,4,3,2,0,0,4,0,0,1,1,0,3,4,0,1,0,4,1
11698,0,1,0,0,0,4,0,1,0,3,3,3,0,3,0,0,3,0
11699,0,2,1,0,1,1,0,3,1,3,2,3,0,3,2,0,1,0
11700,0,2,1,0,4,0,0,3,4,3,3,3,1,2,2,0,4,3
11701,0,1,0,0,0,1,0,4,1,3,2,2,0,1,0,0,1,0
11702,0,3,1,0,0,1,0,3,4,1,2,4,4,2,1,0,3,0
11703,3,2,2,4,0,4,0,0,0,2,4,2,2,0,2,0,0,1
11704,0,1,3,2,0,1,0,0,0,3,1,3,1,0,3,3,0,1
11705,0,3,4,4,0,1,0,0,4,2,1,3,0,0,3,0,1,0
11706,0,3,3,0,0,4,0,1,3,1,4,3,2,2,2,1,4,3
11707,0,1,0,0,0,0,0,1,0,1,3,2,0,3,0,0,4,0
11708,0,1,0,0,0,4,0,4,3,1,1,4,0,3,4,0,4,1
11709,0,4,4,0,2,1,0,1,2,4,3,4,0,1,0,0,1,4
11710,0,1,0,0,4,1,0,1,1,2,4,3,0,4,0,0,1,0
11711,3,1,0,0,0,0,0,4,2,2,1,1,1,1,2,2,3,0
11712,0,1,1,0,1,0,3,3,3,4,2,2,0,2,0,0,2,1
11713,1,1,1,0,0,3,0,1,4,2,4,1,2,4,1,0,4,0
11714,3,3,1,0,0,4,0,0,0,3,1,2,1,0,3,3,4,4
11715,0,1,0,0,1,0,0,0,0,3,3,2,0,1,1,0,1,0
11716,0,2,0,0,2,0,0,1,0,3,1,1,0,1,1,0,4,4
11717,4,2,4,4,0,1,0,0,0,2,1,2,1,4,2,1,2,2
11718,1,4,4,0,0,3,0,1,3,3,2,4,2,1,4,3,0,4
11719,0,4,0,0,4,1,0,0,1,2,2,2,0,4,0,0,1,0
11720,0,3,4,0,2,0,1,2,4,1,1,3,0,3,1,0,3,0
11721,0,4,0,0,0,2,0,0,0,4,1,4,4,4,4,0,0,4
11722,0,1,0,0,4,4,0,0,4,3,4,3,0,4,1,0,1,0
11723,0,2,4,0,4,1,1,4,3,3,3,2,0,1,0,0,4,0
11724,0,2,4,0,0,2,0,0,1,3,2,2,3,1,2,0,1,0
11725,0,1,0,0,4,0,0,0,0,3,3,2,0,1,0,0,3,0
11726,0,4,1,0,4,1,0,3,0,4,1,3,0,2,4,0,2,0
11728,0,4,0,0,0,0,1,1,4,2,4,4,0,4,0,0,1,0
11729,0,1,0,0,0,0,0,0,0,2,2,2,2,4,4,0,3,0
11730,0,1,1,0,3,1,0,4,0,3,2,2,0,2,3,0,1,2
11731,0,2,1,0,1,1,0,0,0,1,3,4,0,3,4,0,1,0
11732,1,2,1,2,0,2,0,0,0,3,4,4,2,4,1,3,3,2
11733,0,4,0,0,4,0,0,0,0,1,3,2,0,1,0,0,1,0
11734,0,4,0,0,3,0,0,0,4,4,4,4,0,4,1,0,1,0
11735,0,4,4,0,1,1,0,4,1,2,4,4,0,4,3,0,2,0
11736,0,2,0,0,4,0,0,0,0,2,2,3,0,4,0,0,4,0
11737,4,3,3,0,2,3,0,0,0,3,4,3,3,4,2,0,1,0
11738,4,3,4,0,0,2,0,0,0,3,0,3,3,0,1,2,0,4
11739,0,4,0,0,0,4,0,0,0,3,3,2,0,1,0,0,1,0
11740,0,4,0,0,3,0,0,0,0,2,2,3,0,3,4,0,3,0
11741,0,1,0,0,0,0,0,0,0,2,3,3,0,1,4,3,3,0
11742,2,4,2,0,0,0,0,0,3,1,4,2,4,0,4,0,0,4
11743,0,1,0,0,0,0,0,0,0,3,2,2,0,0,0,0,3,0
11744,0,1,0,0,2,4,0,0,0,1,2,2,0,4,0,0,2,0
11745,0,2,2,0,4,3,0,0,1,1,4,1,1,4,3,2,2,1
11746,4,4,0,0,0,1,0,0,1,1,0,3,1,0,3,0,0,0
11747,0,3,4,0,1,3,0,4,4,2,4,2,1,2,3,0,3,0
11748,0,2,2,0,1,3,0,0,2,1,2,2,3,3,4,0,1,4
11749,4,4,1,0,0,3,0,0,4,3,0,2,3,0,2,1,0,4
11750,0,1,0,0,1,0,0,0,0,2,1,2,0,0,0,0,0,0
11751,0,4,1,1,4,1,3,3,2,2,2,2,0,4,1,0,1,0
11752,0,0,0,0,0,3,2,1,4,2,1,3,0,4,4,0,4,0
11753,0,0,4,0,0,1,0,4,4,1,2,1,0,2,0,0,1,0
11754,0,3,1,0,3,3,0,0,0,1,3,3,0,3,1,0,3,1
11755,4,3,1,0,4,3,4,0,4,3,4,2,4,0,2,3,0,1
11756,0,2,1,1,0,2,0,0,2,0,0,1,3,0,2,3,0,1
11757,0,1,4,0,4,0,0,2,1,1,1,2,0,1,0,0,3,0
11758,0,0,0,0,0,0,0,0,0,3,2,2,0,2,0,0,1,1
11759,0,4,1,0,2,0,0,2,4,2,4,4,0,3,3,0,4,1
11760,0,3,3,0,0,2,0,0,2,3,4,2,4,0,3,2,0,2
11761,0,3,0,0,3,1,0,3,4,3,2,2,1,1,1,0,4,3
11762,4,3,4,0,4,1,0,4,3,2,4,2,2,3,4,3,4,4
11763,0,4,0,0,0,1,0,0,1,4,1,3,4,3,0,0,1,0
11764,3,0,2,0,0,1,0,0,0,2,1,3,3,0,4,1,4,0
11765,0,3,2,0,3,3,3,3,2,2,1,1,0,3,1,0,3,0
11766,0,2,0,0,2,0,0,4,4,1,3,3,0,3,1,0,3,4
11767,0,2,1,0,1,3,0,1,4,2,2,2,0,2,3,1,2,1
11768,0,2,3,0,3,1,0,1,4,1,3,2,3,3,3,1,1,4
11769,0,1,4,0,4,1,0,3,3,4,3,2,3,3,4,1,3,1
11770,4,3,3,1,2,0,4,4,4,2,3,2,1,1,3,3,2,3
11771,0,4,0,0,3,0,0,1,0,2,4,3,0,2,0,0,3,0
11772,0,1,0,0,1,4,0,0,4,1,4,3,0,2,0,0,2,4
11773,0,4,0,0,2,0,0,4,4,3,1,2,0,2,3,0,4,0
11774,1,4,1,0,0,4,3,2,1,1,4,4,0,4,2,2,2,4
11775,1,2,3,0,0,1,0,0,0,2,3,3,4,4,4,4,0,3
11776,0,1,0,0,0,0,0,3,4,2,3,4,0,4,0,0,3,0
11777,0,4,1,0,1,0,0,0,0,4,3,3,0,3,2,4,4,2
11778,0,4,2,0,0,1,0,0,0,4,4,4,4,0,4,0,0,0
11779,0,3,0,0,0,0,0,0,1,1,4,2,1,1,3,0,4,0
11780,0,3,0,0,2,0,0,1,3,2,3,2,0,3,4,0,2,0
11781,0,1,0,0,0,1,0,1,0,4,4,2,0,3,4,0,2,4
11782,0,4,4,0,3,0,0,2,0,2,2,3,4,2,4,0,2,4
11783,1,4,3,0,0,2,2,1,1,4,4,1,1,1,2,0,1,4
11784,0,0,4,0,3,0,0,0,0,1,2,3,0,0,1,0,2,0
11785,0,0,0,0,4,1,0,0,4,1,1,3,0,0,0,0,4,0
11786,0,4,0,0,4,0,0,0,0,1,3,4,0,0,0,0,2,0
11787,0,3,0,0,4,4,0,4,0,3,2,3,0,1,4,0,1,0
11788,4,3,1,0,0,0,0,0,1,4,0,3,3,0,3,1,0,0
11789,0,1,1,0,0,0,0,0,1,3,3,1,0,3,2,1,0,0
11790,1,2,4,0,2,3,1,2,2,2,3,2,0,2,3,0,3,1
11791,0,1,1,0,0,0,0,0,0,1,1,1,0,2,4,0,3,0
11792,0,1,1,0,0,3,0,0,0,3,1,3,2,4,2,3,1,2
11793,0,4,4,0,4,0,0,4,0,3,4,4,0,4,4,0,3,2
11794,4,2,1,0,1,0,0,0,0,4,3,3,0,3,0,1,2,0
11795,4,3,4,0,0,2,0,4,2,4,4,1,3,1,1,4,3,4
11796,0,1,0,0,3,0,0,0,0,2,3,3,0,3,1,0,3,0
11797,0,1,0,0,4,0,0,1,4,3,4,2,0,1,0,0,2,0
11798,0,1,0,0,1,4,0,3,1,4,2,1,0,3,2,0,3,0
11799,3,3,4,0,0,1,4,0,3,2,0,3,1,0,4,0,0,0
11800,0,3,2,4,1,0,0,4,2,2,1,1,2,1,4,0,4,0
11801,0,3,0,0,2,0,0,0,0,2,2,2,0,1,0,0,3,0
11802,0,1,1,0,0,1,0,2,1,1,4,4,1,3,1,1,2,1
11803,0,4,0,0,1,0,0,0,1,1,1,2,0,3,1,0,3,1
11804,0,2,0,0,3,0,0,0,0,1,2,1,0,3,0,0,1,0
11805,0,4,0,0,1,0,0,0,0,4,1,2,0,2,0,0,0,0
11806,0,1,0,0,1,1,0,3,0,4,4,2,0,1,4,4,3,0
11807,0,1,0,0,0,1,0,2,3,3,2,3,1,4,1,0,4,0
11808,0,1,0,0,1,1,1,2,1,1,1,1,1,1,1,0,2,0
11809,0,1,0,0,4,1,0,1,0,1,2,1,0,1,0,0,2,0
11810,0,3,0,0,1,0,0,0,0,2,2,1,0,4,1,0,2,0
11811,0,1,0,0,1,0,0,4,0,2,3,3,0,3,1,0,4,0
11812,0,4,0,0,0,0,0,1,0,3,2,4,0,0,0,0,1,0
11813,0,3,1,0,2,4,1,1,1,2,3,4,4,1,1,1,1,0
11814,0,4,0,0,4,0,1,0,4,1,2,4,0,0,0,0,1,0
11815,0,1,1,0,4,0,0,2,4,1,2,1,0,1,3,0,4,0
11816,0,1,0,0,2,0,0,0,1,2,1,3,0,0,0,1,3,0
11817,2,4,4,0,1,1,0,3,0,4,3,3,4,1,1,0,3,0
11818,1,4,1,4,0,4,0,0,4,2,0,2,4,0,1,1,0,0
11819,0,2,0,0,1,3,0,4,0,2,1,3,0,4,2,0,2,0
11820,0,1,0,0,0,4,0,4,0,4,1,3,0,2,1,0,1,0
11821,0,2,0,0,4,0,2,1,3,2,1,1,0,4,0,0,1,0
11822,0,4,0,0,0,1,0,4,4,1,3,3,0,2,2,4,2,0
11823,1,4,1,0,4,1,0,0,0,1,4,4,0,4,4,0,2,4
11824,0,3,0,0,2,0,0,0,4,2,2,1,0,1,0,0,4,0
11825,0,1,0,0,4,0,0,4,0,1,3,2,0,2,1,0,4,0
11826,0,3,4,0,4,0,0,4,2,1,4,1,0,3,1,0,3,0
11827,0,1,2,0,0,0,0,0,0,3,3,1,4,1,1,0,2,1
11828,4,1,4,4,0,3,0,0,4,4,1,1,3,1,2,3,0,4
11829,1,3,3,1,0,1,0,0,4,3,4,2,3,0,1,0,0,0
11830,0,1,0,0,4,0,0,0,0,2,1,4,0,4,0,0,1,0
11831,0,4,1,0,4,4,0,2,0,3,2,3,0,2,4,0,3,0
11832,0,0,0,0,0,1,0,0,0,1,1,1,1,4,1,0,1,0
11833,0,4,4,4,0,0,0,0,0,3,0,3,0,0,4,4,0,1
11834,4,2,1,0,0,0,0,0,3,3,4,4,4,0,1,4,4,4
11835,0,4,3,4,1,2,1,3,4,1,2,2,0,3,4,0,2,2
11836,1,4,2,0,0,2,0,4,4,3,4,4,2,4,3,1,4,1
11837,4,1,2,0,0,1,0,2,1,3,4,1,4,1,2,1,4,2
11838,0,1,0,0,4,0,0,2,0,2,1,3,1,4,1,0,3,0
11839,0,1,0,0,4,0,0,1,4,4,4,3,0,1,2,0,3,0
11840,0,4,0,0,4,0,0,0,0,4,1,2,0,2,0,0,1,0
11841,0,1,4,0,4,2,0,2,4,1,1,3,3,2,4,0,2,1
11842,0,2,0,0,2,0,0,0,0,2,3,3,4,1,0,0,1,0
11843,4,3,4,0,1,4,0,0,3,2,2,2,2,1,4,2,4,0
11844,0,4,0,0,4,4,0,0,0,2,2,3,0,4,0,0,4,0
11845,0,2,1,0,4,0,0,0,0,3,1,2,0,3,1,0,2,0
11846,0,3,0,0,1,4,4,3,4,3,4,4,0,4,4,0,4,0
11847,0,1,0,0,4,1,1,2,1,3,2,3,4,4,4,0,3,0
11848,0,2,0,0,1,0,0,0,0,2,2,2,0,2,1,0,3,0
11849,0,4,0,0,2,0,0,1,0,3,1,2,1,2,2,0,2,0
11850,0,3,1,0,1,0,0,1,0,2,1,2,4,3,4,0,2,1
11851,0,4,1,0,0,0,0,3,0,3,1,2,1,3,4,0,2,0
11852,0,3,1,4,4,3,0,4,0,3,4,4,4,4,4,0,0,2
11853,0,0,4,0,3,0,0,0,0,4,3,3,4,2,4,0,4,0
11854,0,3,0,0,0,4,0,4,0,4,4,3,0,4,2,0,3,4
11855,0,3,0,0,0,0,0,1,4,3,3,2,0,4,0,0,2,0
11856,0,3,4,0,2,2,0,2,0,2,2,2,4,1,1,0,1,4
11857,0,1,0,0,1,4,1,1,1,3,2,1,0,1,4,0,3,0
11859,0,4,1,0,0,0,0,0,0,4,1,4,4,0,4,0,0,1
11860,0,1,2,4,0,3,1,1,2,1,4,2,1,0,2,3,1,3
11861,0,2,2,1,0,3,0,0,2,1,4,3,2,0,1,2,0,1
11862,0,4,1,1,0,4,0,0,2,3,3,2,3,1,3,3,0,0
11863,0,0,0,0,3,0,0,1,4,1,3,3,0,0,0,0,4,0
11864,0,1,0,0,1,0,0,0,0,2,1,2,0,3,0,0,1,0
11865,0,3,1,0,4,1,3,2,4,4,3,3,0,3,0,0,2,0
11866,4,1,0,0,1,1,0,1,3,2,2,4,4,2,4,2,4,0
11867,0,1,0,0,1,0,3,1,4,2,1,2,0,2,1,0,3,0
11869,0,3,0,0,2,1,0,0,0,2,1,3,0,3,1,0,3,0
11870,0,1,0,0,4,0,2,2,4,1,3,2,0,1,0,0,1,0
11871,0,3,0,0,1,1,0,1,0,3,3,3,0,1,2,0,1,0
11872,0,1,0,0,1,0,0,0,0,4,2,1,1,3,0,0,0,0
11873,0,0,4,0,2,1,0,0,0,2,3,3,0,1,0,0,4,0
11874,0,3,0,4,0,4,0,4,4,3,4,3,0,3,4,0,4,0
11875,0,0,0,0,0,0,0,0,1,1,1,1,0,1,0,0,1,0
11876,1,3,4,3,4,1,2,2,1,1,2,2,4,4,2,1,4,2
11877,0,2,0,0,1,1,4,1,3,2,2,2,0,1,4,0,3,0
11878,0,2,4,0,3,0,0,1,4,4,2,3,0,4,4,4,2,4
11879,0,3,0,0,1,0,0,3,3,3,3,3,0,1,1,0,2,1
11880,0,2,2,1,1,1,0,0,1,4,1,3,3,2,4,3,1,0
11881,0,3,0,0,3,0,1,3,4,3,4,3,0,4,4,0,4,4
11882,0,1,2,0,4,3,0,0,0,1,3,1,0,3,4,1,2,1
11883,3,3,4,0,0,4,0,0,0,1,1,1,4,0,3,1,0,0
11884,1,2,3,0,0,0,0,0,0,0,1,1,3,1,0,0,0,0
11885,0,1,0,0,4,0,3,2,1,3,4,4,4,4,1,0,4,2
11886,0,3,4,0,4,1,1,2,2,3,2,2,0,2,4,0,2,1
11887,0,4,0,0,4,0,0,0,0,2,3,3,0,4,4,0,3,0
11888,0,4,0,0,3,2,4,4,1,2,2,1,0,4,4,0,2,1
11889,0,1,0,0,1,0,0,1,0,1,1,1,0,1,0,0,1,0
11890,0,1,1,0,0,2,0,0,4,0,0,2,2,0,2,4,0,0
11891,0,2,0,0,4,1,0,0,0,2,3,3,0,2,1,0,3,0
11892,1,3,1,0,4,4,0,0,3,1,4,2,2,1,3,1,1,1
11893,0,2,1,0,0,4,0,0,0,3,1,4,2,0,2,0,1,0
11895,0,0,0,0,1,0,0,0,0,4,2,4,0,1,0,0,4,0
11896,0,1,1,0,1,0,2,3,2,4,3,3,0,3,1,0,2,1
11897,0,4,1,0,0,0,0,0,1,0,1,1,0,0,1,0,0,0
11898,0,1,0,0,2,1,0,0,0,3,3,3,0,1,0,0,2,0
11899,1,1,0,1,0,2,0,0,0,2,4,1,4,0,3,0,4,0
11900,0,2,0,0,3,0,0,0,4,3,2,2,0,4,0,0,2,0
11901,1,2,1,0,0,2,0,0,0,2,4,3,4,0,3,4,0,0
11902,0,2,4,0,0,2,0,1,4,3,1,3,0,3,2,0,3,0
11903,1,4,2,4,0,4,0,0,4,1,0,4,3,0,2,2,0,2
11904,0,1,0,0,1,0,0,2,1,1,2,2,1,3,1,0,2,0
11905,4,2,2,0,0,4,0,0,1,4,0,2,4,0,3,2,0,0
11906,0,3,4,0,1,1,0,1,1,4,2,2,0,1,1,0,1,0
11907,0,2,0,0,0,0,4,1,1,2,3,3,0,3,1,0,3,4
11908,0,4,0,0,3,4,0,1,1,3,1,3,0,1,0,0,3,0
11909,0,3,4,0,0,2,0,4,1,2,4,3,4,2,3,3,4,3
11910,1,4,0,0,4,0,3,2,4,2,3,2,0,1,4,0,2,4
11911,0,3,4,0,1,4,0,1,0,4,2,3,2,1,3,0,2,0
11912,0,4,0,0,0,0,0,4,0,4,4,3,0,3,1,0,1,0
11913,1,1,1,2,4,3,0,0,0,2,1,1,4,4,4,4,2,2
11914,1,3,0,0,0,4,0,1,4,1,2,2,1,2,3,4,2,1
11915,0,1,0,0,2,0,0,0,0,3,3,3,0,1,0,0,0,0
11916,0,3,0,0,3,0,0,0,0,3,3,3,0,4,0,0,2,0
11917,0,4,0,0,3,4,0,1,4,2,4,4,0,4,0,0,4,4
11918,0,4,0,0,0,1,0,0,0,4,3,3,0,3,0,0,3,1
11919,0,1,0,0,1,0,0,0,0,4,1,2,0,0,0,0,1,0
11920,0,3,0,0,1,4,4,3,1,2,4,3,0,2,4,0,2,0
11921,2,3,4,0,0,2,0,0,0,1,0,1,1,0,3,1,0,1
11922,1,1,2,0,0,4,4,0,4,4,1,4,3,4,2,4,0,2
11923,0,4,0,0,1,0,0,0,0,4,2,1,4,0,0,0,0,0
11924,1,3,1,1,0,2,0,0,3,2,0,3,3,0,3,0,0,2
11925,0,4,0,0,0,0,0,4,0,3,1,3,1,2,0,0,4,0
11926,0,0,0,0,0,0,0,0,0,4,1,3,4,1,1,0,4,4
11927,4,3,1,0,0,3,0,4,0,3,2,2,4,1,2,4,4,1
11928,0,4,1,0,0,0,0,0,0,1,2,2,1,4,4,1,2,0
11929,0,4,0,0,0,4,0,0,0,2,0,1,1,0,4,1,0,4
11930,0,3,0,0,0,4,0,3,0,1,4,4,0,4,4,0,3,4
11931,0,4,0,0,0,1,0,4,0,3,1,2,0,1,0,0,4,0
11932,0,4,1,3,0,2,0,0,0,2,0,4,1,0,1,2,0,1
11933,0,4,1,0,0,1,0,0,1,4,0,3,4,0,2,0,0,0
11934,0,2,2,1,0,2,0,0,2,1,1,3,2,0,2,2,0,0
11935,0,4,1,3,0,3,0,0,0,4,4,4,2,2,1,1,4,2
11936,2,3,0,0,1,4,1,4,1,2,2,4,0,3,4,1,1,1
11937,4,4,4,0,0,0,0,0,0,3,1,4,0,1,0,0,2,0
11938,0,2,0,0,1,1,0,4,0,3,1,3,0,4,1,0,4,0
11939,0,4,0,0,4,0,0,4,0,4,4,4,0,0,0,0,4,0
11940,0,1,0,4,4,0,1,2,4,3,4,3,1,1,1,0,3,1
11941,0,1,3,0,0,4,0,0,1,1,2,1,4,1,1,1,2,3
11942,0,4,0,0,4,0,0,0,0,3,2,2,0,4,0,0,4,0
11943,3,4,1,0,0,1,0,0,1,2,2,1,1,1,1,1,4,0
11944,0,4,0,0,3,0,0,0,0,4,2,3,0,4,1,0,3,0
11945,0,3,0,0,0,0,4,4,2,0,2,2,0,1,4,0,4,0
11946,0,0,0,0,0,0,0,0,0,1,3,3,0,1,0,0,0,0
11947,0,1,1,0,1,0,0,1,4,2,1,2,0,2,1,0,1,1
11948,2,1,1,0,2,1,0,0,4,4,2,3,2,3,1,2,4,1
11949,0,2,4,0,2,0,0,0,0,3,2,2,0,1,0,0,4,0
11950,0,1,4,0,2,0,0,4,0,1,1,1,4,2,4,0,1,0
11952,0,2,0,0,3,1,0,2,0,2,1,2,0,3,2,0,3,0
11953,0,3,0,0,0,4,0,0,0,2,1,3,0,1,3,0,2,0
11954,0,3,0,0,0,2,0,1,1,1,1,2,0,1,0,0,1,1
11955,0,2,1,0,3,4,2,3,3,3,3,4,1,4,1,1,1,0
11956,0,3,0,4,0,3,0,0,0,2,4,2,3,0,2,3,0,3
11957,0,1,0,0,4,0,0,1,0,2,4,3,0,4,4,0,3,0
11958,0,4,4,0,4,3,0,2,1,2,1,2,4,3,1,0,2,1
11959,0,2,3,0,4,2,0,1,1,1,1,1,1,4,1,1,3,0
11960,0,2,0,0,0,0,0,4,4,3,2,3,0,4,1,0,1,1
11961,1,4,2,2,0,2,0,0,1,4,0,4,4,0,4,2,0,4
11962,0,2,4,0,4,0,3,2,4,2,2,3,1,4,0,0,1,0
11963,0,3,0,1,3,0,0,0,0,2,2,2,0,4,0,0,2,0
11964,0,1,1,4,2,3,4,0,1,3,1,1,4,3,4,1,1,1
11965,0,1,2,0,0,1,0,4,3,2,1,2,3,4,4,1,1,3
11966,4,2,4,3,0,1,0,0,1,1,4,1,3,0,2,1,0,1
11967,0,1,0,0,0,2,0,4,4,3,4,2,0,1,2,0,1,0
11968,0,3,0,0,4,0,0,4,3,3,4,2,0,4,0,3,4,4
11969,0,0,0,0,3,0,0,0,0,3,2,3,1,0,0,0,4,0
11970,4,4,4,0,0,1,0,0,4,3,0,2,3,0,4,2,0,1
11971,0,4,4,0,0,3,0,0,0,4,3,2,3,2,1,0,1,4
11972,0,4,0,0,4,1,1,1,1,2,3,2,0,2,1,0,2,1
11973,0,4,0,0,3,0,0,1,4,4,4,3,4,3,4,0,4,0
11974,0,1,0,0,3,0,0,0,0,2,3,3,0,1,0,0,1,0
11975,0,1,0,0,4,0,0,3,0,1,1,3,0,1,0,0,3,0
11976,0,3,0,0,0,2,0,0,0,1,4,3,1,0,4,0,0,0
11977,0,4,0,0,0,4,0,2,4,1,1,2,0,3,4,0,4,4
11978,0,3,0,0,1,0,0,0,0,2,3,3,0,1,0,0,3,0
11979,0,3,4,0,0,1,0,1,0,1,4,1,3,1,4,0,3,0
11980,0,1,1,0,0,1,0,4,4,1,4,1,1,0,1,0,3,0
11981,0,4,0,0,0,0,0,4,4,3,4,4,0,4,4,0,3,4
11982,0,4,0,0,4,0,0,1,0,4,4,4,0,4,0,0,4,0
11983,0,0,0,0,1,0,0,0,0,2,3,3,0,2,0,0,4,0
11984,0,4,0,0,3,0,0,0,0,3,3,3,0,1,0,0,4,0
11985,0,1,2,0,0,1,0,1,2,2,1,4,3,1,2,0,2,1
11986,0,1,0,0,0,0,0,3,0,1,2,2,0,4,4,0,2,0
11987,0,4,1,4,0,3,1,0,0,2,1,1,2,1,4,3,1,3
11988,4,1,1,0,0,4,0,0,4,2,3,1,3,1,1,4,4,4
11989,0,1,1,0,4,2,0,4,0,2,3,1,0,2,0,0,2,4
11990,0,4,4,0,2,0,0,2,3,4,3,3,0,2,4,0,2,0
11991,0,2,0,0,1,1,0,4,1,2,3,2,0,2,1,0,2,1
11992,0,3,0,0,2,0,1,0,0,1,2,2,0,3,0,0,1,0
11993,0,2,0,0,2,0,2,1,1,1,3,2,0,2,1,0,2,0
11994,0,4,0,0,3,0,0,0,0,2,2,3,0,2,1,0,4,0
11995,0,4,4,0,4,0,0,0,0,4,4,4,0,4,4,0,4,0
11996,0,4,4,0,2,4,0,1,0,4,3,3,0,4,1,0,4,1
11997,0,1,0,0,2,0,0,0,0,3,3,4,0,4,4,0,2,0
11998,0,2,0,0,4,0,0,4,0,2,3,2,0,3,4,0,4,0
11999,0,3,4,0,0,0,0,0,0,2,3,2,4,1,4,0,1,0
12000,0,4,0,0,2,0,0,0,0,3,3,2,0,4,0,0,1,0
12001,0,3,0,0,1,0,0,4,4,3,4,3,0,4,0,0,4,0
12002,0,1,0,0,1,0,0,0,0,2,2,3,0,1,0,0,1,0
12003,0,1,4,0,0,0,1,1,1,4,4,2,2,0,4,2,4,4
12004,0,3,4,0,0,3,0,0,4,3,4,2,4,0,4,0,0,0
12005,4,1,2,2,1,3,0,0,3,2,4,3,4,4,3,0,0,4
12006,3,2,1,1,0,4,0,1,4,3,2,2,2,3,2,1,3,1
12007,0,3,4,0,0,4,0,0,3,4,1,3,1,0,2,1,1,3
12008,0,3,4,0,0,3,3,0,4,2,0,3,4,4,4,4,4,0
12009,1,1,4,4,0,3,0,0,1,4,0,1,3,0,1,4,0,1
12010,0,1,4,0,0,4,0,0,4,2,0,1,1,0,4,0,0,0
12011,0,3,3,0,1,0,2,1,2,3,2,3,3,2,4,1,1,1
12012,0,4,0,0,4,1,0,3,4,3,4,3,0,4,1,0,4,0
12013,4,4,2,0,0,4,1,1,4,2,1,1,4,1,3,3,1,4
12014,0,4,0,0,4,1,2,3,4,2,3,4,0,4,1,0,1,0
12015,0,2,0,0,2,0,0,0,4,2,3,3,0,4,0,0,3,0
12016,0,0,1,0,0,0,0,0,0,1,4,3,0,2,1,0,4,0
12017,2,4,3,4,0,0,4,0,3,2,3,4,4,1,3,4,2,0
12018,0,4,4,0,0,0,0,0,0,2,1,2,4,0,0,0,0,0
12019,0,1,0,0,1,1,0,0,0,2,2,2,4,4,2,4,3,0
12020,0,1,0,0,3,0,0,0,0,3,3,3,0,1,1,0,3,0
12021,0,2,0,0,4,0,3,2,4,3,3,4,0,3,0,0,2,0
12022,0,1,4,0,4,2,3,2,2,1,1,1,0,4,4,0,1,4
12023,0,3,0,0,1,4,0,0,3,4,1,3,2,0,4,0,1,0
12024,0,3,1,0,4,4,0,0,0,3,3,3,1,2,3,1,2,0
12025,0,4,3,0,4,0,0,0,0,1,1,1,1,4,3,1,2,1
12026,0,4,0,0,4,0,0,0,0,1,3,2,0,3,0,0,1,0
12027,0,3,3,0,1,3,0,1,4,1,4,2,1,2,4,0,3,0
12028,0,3,4,4,0,1,0,0,0,1,0,4,0,0,2,0,0,0
12029,0,0,0,0,0,0,0,0,0,0,1,2,0,1,4,0,1,0
12030,4,4,0,0,0,4,0,0,4,2,1,1,4,0,1,0,0,0
12031,0,3,3,0,0,2,0,0,0,2,0,3,3,0,1,4,0,3
12032,0,1,1,0,2,1,0,1,4,2,1,2,0,2,3,0,2,0
12033,1,2,1,0,0,1,0,0,0,4,0,1,3,0,2,0,0,0
12034,1,3,1,3,3,3,4,3,1,4,4,3,1,4,1,2,4,1
12035,0,3,0,0,4,4,0,2,4,2,3,3,0,2,1,0,3,0
12036,0,3,4,0,0,2,0,0,1,1,0,3,1,0,3,1,0,1
12037,4,2,1,0,4,1,2,1,3,3,4,3,2,1,4,3,2,1
12038,3,3,3,3,0,3,0,0,1,2,0,2,3,0,1,1,0,1
12039,0,1,0,0,0,4,3,4,1,1,2,3,0,3,0,0,4,0
12040,0,2,4,0,2,0,0,4,0,4,3,4,1,1,1,0,1,0
12041,4,2,0,0,1,4,0,4,4,2,3,4,0,3,4,0,4,3
12042,4,3,1,0,0,0,0,0,4,3,2,3,1,1,2,4,1,1
12043,3,1,4,0,0,1,0,4,4,4,3,4,2,1,4,4,3,4
12044,0,1,1,0,1,1,4,2,2,3,2,3,0,1,3,0,2,1
12045,0,2,0,0,3,1,2,3,3,2,3,3,0,4,0,0,2,0
12046,0,4,0,3,0,4,0,0,0,2,0,4,0,0,3,0,0,0
12047,0,1,0,0,3,0,0,0,0,2,3,2,0,1,0,0,4,0
12048,0,3,4,0,4,1,0,3,3,1,3,3,0,2,3,0,3,0
12049,0,4,0,0,0,0,3,2,4,2,4,3,4,2,2,1,1,0
12050,0,4,0,0,0,0,0,4,0,2,3,3,0,2,3,0,1,0
12051,0,0,1,0,1,0,0,0,0,1,3,2,0,1,4,0,2,0
12052,4,4,4,1,0,4,0,1,3,4,1,3,4,1,4,3,0,0
12053,2,1,1,0,0,4,1,4,4,3,3,3,4,1,4,1,1,0
12054,0,1,1,0,2,0,0,1,2,2,2,2,1,2,2,0,3,0
12055,0,3,1,0,4,1,0,0,1,3,4,4,4,4,1,0,4,0
12056,0,4,4,4,4,4,3,2,4,3,3,3,1,2,4,4,3,4
12057,0,0,0,0,0,0,0,0,0,0,1,3,0,1,0,0,4,0
12058,0,3,4,4,1,4,0,1,0,4,3,3,1,0,4,1,4,2
12059,0,1,0,0,0,0,0,4,0,1,1,1,0,3,1,0,1,0
12060,1,4,1,0,0,3,0,0,1,4,3,1,3,0,1,2,4,3
12061,0,4,2,0,1,0,0,0,0,3,3,3,0,3,4,0,4,0
12062,0,4,0,0,3,0,0,0,0,2,1,2,0,1,0,0,2,0
12063,0,1,4,0,0,0,0,3,0,3,1,3,0,1,1,0,1,0
12064,1,3,1,2,0,1,0,0,2,4,1,2,4,0,2,1,0,1
12065,0,0,3,0,0,3,0,1,4,2,4,2,0,1,0,0,3,1
12066,0,4,4,0,2,0,0,0,0,4,3,3,0,4,0,0,3,0
12067,0,3,1,0,0,0,0,0,0,1,1,2,0,4,0,0,1,0
12068,0,2,0,0,1,0,0,1,0,4,4,3,0,1,0,0,4,0
12069,4,3,4,0,2,2,0,0,0,4,2,3,3,1,2,1,3,4
12070,0,0,0,0,2,0,0,1,0,4,1,2,0,1,2,4,1,0
12071,0,1,1,0,0,0,0,0,1,3,4,4,1,4,1,3,3,3
12072,0,2,0,0,0,0,1,3,2,2,4,3,0,2,0,0,3,0
12073,2,2,4,1,1,3,1,0,1,1,4,2,3,1,3,1,0,1
12074,0,2,0,0,0,1,0,1,1,3,3,2,1,4,1,0,4,0
12075,0,2,1,0,0,4,0,0,2,4,0,2,1,0,1,0,0,0
12076,0,2,0,0,1,0,0,0,0,1,1,1,0,4,1,0,3,0
12078,4,4,2,0,0,2,0,0,3,3,1,3,2,0,1,0,1,0
12079,4,2,2,3,4,2,0,0,1,3,4,4,1,4,2,4,2,4
12080,0,2,1,0,0,1,1,3,3,3,2,2,0,4,1,0,1,0
12081,1,4,0,1,0,1,0,0,4,2,0,4,1,0,4,1,0,0
12082,0,4,0,0,0,3,0,0,0,3,1,2,0,1,1,0,1,0
12083,0,4,0,0,0,0,0,0,0,4,3,2,0,4,0,0,4,0
12084,4,2,1,0,0,1,0,0,2,4,0,1,4,0,1,2,0,0
12085,0,1,3,0,0,1,0,0,2,1,1,2,3,1,4,1,0,3
12086,0,1,0,0,2,4,0,4,0,1,1,2,0,2,0,0,3,0
12087,0,1,0,0,4,0,0,1,0,3,3,3,0,2,1,0,1,1
12088,0,0,0,0,1,0,0,0,0,4,1,2,0,0,0,0,3,0
12089,0,1,0,0,1,0,1,3,3,3,1,1,1,1,1,0,1,4
12090,1,2,0,4,0,2,0,4,4,2,1,2,2,4,2,1,1,1
12091,0,2,0,0,4,0,0,3,1,1,2,2,0,2,0,0,3,4
12092,0,1,0,0,4,0,1,4,0,2,3,3,0,3,3,0,2,0
12093,4,2,4,0,1,1,0,4,1,1,1,4,0,4,2,3,4,4
12094,0,1,1,0,1,1,0,2,1,4,3,2,3,2,1,0,2,0
12095,0,2,2,0,0,1,0,0,3,2,4,2,2,0,1,0,0,0
12096,0,4,0,0,1,0,0,1,0,1,3,3,0,2,4,0,1,0
12097,0,1,0,0,1,0,0,0,0,3,3,2,0,3,1,0,2,0
12098,0,0,0,0,0,0,0,0,0,2,1,2,0,1,0,0,0,0
12099,0,1,0,0,0,0,0,4,0,2,2,2,0,3,0,0,4,4
12100,0,4,4,1,0,2,0,0,4,3,0,4,1,0,0,0,0,0
12101,0,1,4,4,4,4,0,0,3,4,4,4,0,4,4,0,4,0
12102,0,4,4,0,3,4,0,4,4,2,1,2,0,1,4,0,3,0
12103,0,4,1,0,4,4,0,0,0,2,2,3,0,1,4,0,4,0
12104,0,4,0,0,2,0,0,0,0,1,1,3,4,3,1,0,3,0
12105,0,2,4,0,1,4,2,2,4,3,1,2,0,2,1,0,2,0
12106,0,3,0,0,4,1,0,0,0,0,3,3,3,4,4,0,1,0
12107,0,2,2,0,2,0,0,0,0,2,2,2,1,2,3,0,2,3
12108,0,2,0,0,3,0,0,4,0,3,2,3,0,3,4,0,3,0
12109,0,4,0,0,4,0,0,0,0,3,3,1,0,4,4,0,4,3
12110,0,4,4,0,0,1,0,4,0,1,2,3,2,4,1,0,0,1
12111,0,3,3,0,4,1,4,1,2,4,4,4,0,2,2,0,3,0
12112,0,0,0,0,1,0,0,4,4,4,2,3,0,4,1,0,0,0
12113,0,2,0,0,0,0,0,0,0,2,3,3,0,4,0,0,0,0
12114,0,0,1,0,1,4,0,0,0,3,4,3,0,1,1,0,1,1
12115,0,4,0,0,0,0,0,0,0,1,2,1,0,1,0,0,1,0
12116,4,2,1,0,0,2,0,0,2,4,0,3,1,0,4,1,0,3
12117,0,4,0,0,0,4,0,0,0,1,4,4,0,1,1,0,4,0
12118,0,4,1,0,3,1,0,0,1,3,3,3,3,0,2,1,3,1
12119,0,2,0,0,4,0,0,2,4,3,2,2,4,3,0,0,3,4
12120,0,3,0,1,0,1,0,4,1,1,4,4,0,0,4,1,0,0
12121,0,3,1,0,2,0,0,0,0,2,2,3,0,4,2,0,4,0
12122,0,1,4,0,3,4,0,0,0,2,2,3,0,3,3,0,2,0
12123,1,4,1,1,0,3,0,4,0,1,2,2,1,4,2,0,2,0
12124,0,4,0,0,4,0,4,4,2,3,2,3,4,0,2,0,0,4
12125,0,4,0,0,4,0,2,3,4,2,4,3,0,2,4,0,4,0
12126,0,0,0,0,0,0,0,0,2,4,4,4,4,4,1,0,4,0
12127,4,1,1,0,0,3,0,0,1,4,1,2,2,0,3,0,0,0
12128,0,4,0,0,0,0,4,3,2,2,3,2,0,1,0,0,3,0
12129,4,3,4,1,0,4,0,0,0,3,4,1,4,0,1,0,3,4
12130,1,4,0,0,0,0,0,0,4,1,0,2,0,0,4,0,0,0
12131,0,4,4,0,3,4,0,0,0,3,1,1,0,2,4,0,2,0
12132,4,2,1,0,0,1,0,4,2,2,4,4,1,4,4,1,4,0
12133,4,3,2,0,0,2,0,0,4,2,1,1,4,1,4,2,0,1
12134,0,1,4,0,0,1,0,1,4,2,4,3,2,1,4,0,0,1
12135,4,4,4,4,0,0,0,0,4,4,0,3,4,0,3,2,0,2
12137,0,1,0,0,4,0,0,0,0,3,2,4,0,3,0,0,0,0
12138,0,1,4,0,0,1,0,0,4,3,4,3,4,0,2,0,0,4
12139,4,2,1,1,0,1,0,0,0,2,0,2,1,0,1,3,0,3
12140,0,1,0,3,0,4,0,0,1,3,4,4,1,3,3,0,4,1
12141,0,4,0,0,0,0,0,0,0,1,2,3,0,0,0,0,2,0
12142,0,1,0,1,0,1,0,1,4,3,1,1,0,3,1,0,1,1
12143,0,1,1,0,4,0,0,0,0,2,2,2,0,1,0,0,4,0
12144,0,1,4,0,4,0,0,0,4,1,2,2,1,2,4,1,4,2
12145,0,1,2,0,0,3,0,0,0,2,2,1,1,4,3,0,4,0
12146,0,2,0,1,4,1,0,4,3,1,4,4,3,3,2,1,3,3
12147,0,2,3,0,4,2,4,4,1,4,3,2,1,4,1,3,4,1
12148,0,3,4,0,1,2,0,0,1,3,4,3,0,4,2,0,4,0
12149,4,1,0,1,1,1,0,4,2,3,2,2,0,2,2,0,3,0
12150,0,2,0,0,0,0,0,0,0,2,4,1,0,1,0,0,1,0
12151,4,1,3,1,0,4,0,0,0,4,0,4,4,0,4,4,0,1
12152,0,4,0,0,2,4,0,0,0,2,3,3,0,3,3,0,4,0
12153,0,1,0,0,3,2,0,4,0,3,3,3,0,1,4,0,3,0
12154,0,2,1,0,3,0,0,2,2,2,3,2,0,3,0,0,4,0
12155,0,3,1,0,4,1,1,2,2,2,4,2,0,3,1,1,2,2
12156,0,2,0,0,0,0,0,4,1,4,4,1,0,4,4,0,4,0
12157,3,2,1,3,1,2,0,4,0,4,4,4,2,3,2,1,3,0
12158,0,1,1,0,3,0,0,1,0,3,2,1,0,3,1,0,3,0
12159,0,2,0,0,3,4,0,2,1,1,2,3,0,2,0,0,1,4
12160,0,1,0,0,0,0,0,2,3,1,1,1,0,3,0,0,2,1
12161,0,1,0,0,3,0,0,0,0,2,2,3,1,3,1,0,1,0
12162,0,4,4,0,4,0,0,0,0,1,4,4,4,4,4,0,4,4
12163,0,0,0,0,4,0,0,0,0,2,3,4,0,0,0,0,0,0
12164,0,2,0,0,1,0,0,0,0,4,3,3,0,4,4,0,1,0
12165,1,1,0,0,0,4,1,0,2,3,1,3,3,0,3,1,1,3
12167,0,3,1,0,1,4,0,4,4,3,3,3,4,2,4,0,1,2
12168,0,3,0,0,1,1,4,2,3,2,3,3,1,2,1,0,3,1
12169,0,4,1,0,1,4,0,1,3,3,2,3,2,1,1,4,2,2
12170,0,4,0,0,3,0,0,0,0,3,3,2,1,4,0,0,2,0
12171,0,2,3,0,0,4,0,0,0,4,4,3,3,0,4,1,0,0
12172,0,1,0,1,3,0,0,0,0,2,2,2,0,4,1,0,1,0
12173,2,4,1,0,0,3,0,0,2,1,0,1,2,0,1,0,0,0
12174,0,1,0,0,0,0,0,0,0,2,3,2,0,1,0,0,4,0
12175,4,4,1,0,4,4,0,0,0,2,1,2,4,0,4,0,4,0
12176,1,2,1,0,0,0,0,0,0,3,2,1,0,1,1,0,1,0
12177,0,3,0,1,0,2,0,0,2,2,1,2,1,0,4,3,4,0
12178,1,1,0,0,4,2,0,3,0,3,2,3,0,3,2,0,2,0
12179,0,4,0,0,4,0,0,4,0,4,4,4,0,4,4,0,4,4
12180,4,1,4,0,0,1,0,0,0,2,4,2,1,0,4,0,1,0
12181,0,4,1,0,1,0,0,1,3,1,1,1,0,1,1,0,1,0
12183,0,4,4,0,4,0,0,0,0,4,3,3,0,3,0,0,4,0
12184,0,4,0,0,0,0,0,4,1,1,2,2,0,1,0,0,2,0
12185,0,0,0,0,0,0,0,0,0,3,3,4,0,4,0,0,1,0
12186,0,3,2,1,0,1,0,0,3,2,2,4,2,4,3,0,4,0
12187,0,4,0,0,1,4,0,1,1,0,2,4,0,4,3,0,1,0
12188,0,1,0,0,0,0,0,1,0,1,3,2,0,1,1,0,2,0
12189,0,4,1,0,0,1,4,0,4,2,3,2,2,1,4,0,1,0
12190,0,3,4,1,0,4,0,0,4,2,0,2,1,4,3,4,0,1
12191,0,3,1,1,1,3,0,0,3,3,3,3,3,4,4,3,0,3
12192,0,3,4,0,0,0,0,4,0,2,4,2,3,1,1,0,4,0
12193,0,2,0,0,0,4,3,1,4,3,2,1,0,2,4,0,3,1
12194,0,2,1,0,0,0,0,0,4,2,4,2,2,1,2,0,0,0
12195,0,4,0,0,0,0,0,0,0,3,4,4,0,4,0,0,2,0
12196,0,0,0,0,0,0,0,4,0,4,4,3,0,2,0,0,2,4
12197,0,3,0,0,3,1,1,1,1,3,2,2,0,0,0,0,1,0
12198,0,2,0,0,1,0,4,4,3,2,1,3,0,4,0,0,3,4
12199,0,0,0,0,1,1,0,4,0,4,2,2,0,1,0,0,1,0
12200,0,4,1,2,1,1,0,0,0,2,1,1,2,0,2,4,1,4
12201,0,2,2,1,3,0,0,0,0,3,3,1,0,1,0,0,2,0
12202,0,2,2,0,3,0,0,1,0,2,3,2,0,4,0,0,3,4
12203,2,4,1,0,0,1,0,0,2,2,1,1,2,0,4,4,0,1
12204,0,2,0,0,4,0,0,3,3,2,2,2,0,1,0,0,3,0
12205,0,2,2,0,2,4,0,0,0,4,1,3,4,4,1,0,3,0
12206,3,4,4,0,1,4,0,4,2,4,1,1,4,4,3,0,2,4
12207,4,4,3,0,0,2,0,4,1,1,1,4,1,4,1,4,1,1
12208,0,3,2,0,0,2,0,0,4,4,4,2,4,0,4,0,0,3
12209,0,0,0,0,4,0,0,4,4,3,4,4,4,3,4,0,4,0
12210,0,1,3,0,0,4,1,1,1,2,0,1,1,4,1,2,0,1
12211,0,2,4,0,4,3,0,4,3,4,2,2,0,2,1,0,3,0
12212,3,3,1,4,0,3,0,1,3,4,3,2,2,2,4,1,3,2
12213,0,2,1,4,1,4,4,2,3,1,2,3,1,1,4,0,3,1
12214,4,4,2,0,0,1,0,0,4,4,0,4,4,0,2,3,0,4
12215,0,3,1,0,1,3,4,3,3,2,4,4,4,4,4,1,4,4
12216,0,1,0,0,1,0,4,1,4,2,2,2,4,1,0,0,1,0
12217,0,3,4,0,2,0,0,2,0,3,1,2,0,3,4,0,3,0
12218,1,2,3,3,0,2,0,0,1,1,0,2,3,1,3,4,0,3
12219,1,4,1,0,0,1,0,1,1,1,1,3,2,0,1,1,3,1
12220,0,1,0,0,1,3,2,4,3,3,2,4,0,4,1,0,3,0
12221,0,4,2,1,4,2,0,4,0,2,4,4,2,4,2,4,4,0
12222,0,1,0,0,2,0,0,1,4,1,3,2,1,3,4,0,3,4
12223,0,2,1,0,1,0,2,2,4,1,3,2,0,4,3,0,3,0
12224,0,4,4,4,0,0,0,0,3,4,4,2,4,0,3,0,4,0
12225,0,1,1,0,0,1,1,4,4,3,4,2,0,1,2,0,2,1
12226,1,3,3,0,0,3,0,0,3,4,4,1,1,0,3,1,4,1
12227,0,0,4,0,4,0,0,0,0,1,1,4,0,4,0,0,3,0
12228,0,3,4,0,0,4,0,0,0,3,1,3,3,3,2,1,4,4
12229,0,2,0,0,4,1,0,0,0,1,1,3,0,0,0,4,1,0
12230,3,1,0,2,0,4,0,0,0,3,0,3,4,0,2,2,0,2
12231,0,1,0,0,1,0,0,3,1,3,3,4,1,1,1,0,3,0
12232,0,2,0,0,3,0,0,1,0,3,2,2,0,2,1,0,4,0
12233,0,1,0,0,4,0,0,0,4,2,2,1,0,2,0,0,1,0
12234,0,0,0,0,4,1,0,0,0,3,3,4,0,4,0,0,4,0
12235,0,0,1,0,0,0,0,0,0,2,3,4,0,3,0,0,4,0
12236,0,1,0,0,4,0,0,0,1,4,1,2,0,2,3,0,4,1
12237,1,2,1,0,0,4,0,4,4,2,3,1,4,1,1,1,1,0
12238,0,1,0,0,1,0,0,0,0,4,3,4,0,0,0,0,1,0
12239,1,4,1,4,0,1,0,0,1,4,4,4,4,4,1,4,4,4
12240,0,2,2,3,0,4,0,1,0,3,1,3,4,0,3,0,2,4
12241,1,4,1,0,0,2,0,0,0,2,0,4,2,0,1,0,0,0
12243,0,1,4,0,2,0,0,1,0,1,1,3,0,3,2,0,2,0
12244,0,2,0,0,1,4,4,1,2,3,4,4,0,3,4,1,3,0
12245,0,1,1,0,1,0,0,4,0,3,4,4,0,2,1,0,2,0
12246,1,1,1,0,0,4,0,0,3,2,0,2,1,0,2,2,0,2
12247,2,4,0,0,0,1,0,0,0,4,4,3,2,0,4,0,0,0
12248,0,4,0,0,4,0,0,3,0,3,2,2,0,1,0,0,4,0
12249,0,1,0,4,0,3,0,1,2,1,1,2,1,4,1,1,0,1
12250,1,3,4,0,0,4,0,4,3,4,4,4,4,4,4,0,4,4
12251,0,4,4,0,0,0,0,0,0,2,2,2,0,0,4,4,0,0
12252,4,3,0,0,0,4,1,3,0,1,2,3,4,1,2,0,2,2
12254,0,4,0,0,1,4,0,0,0,2,3,2,0,0,0,0,0,0
12255,0,1,3,4,1,3,0,1,4,4,3,3,3,1,4,3,2,1
12256,0,1,4,0,3,1,0,0,1,2,3,4,0,3,3,0,1,2
12257,0,2,0,0,3,0,0,0,4,2,2,1,0,1,0,0,2,0
12258,0,1,0,0,0,4,0,4,0,3,1,2,0,3,1,0,2,0
12259,4,1,2,0,1,2,0,0,2,3,4,4,3,0,3,0,0,0
12260,0,4,4,0,4,0,0,1,0,1,3,2,4,4,4,0,1,0
12261,0,0,0,0,0,0,0,1,0,3,2,3,0,3,0,0,3,0
12262,0,4,0,4,3,4,0,0,4,1,4,3,0,4,0,0,4,0
12263,0,4,1,0,1,0,0,1,0,3,4,1,0,2,1,0,2,2
12264,4,4,4,0,3,4,4,4,3,2,2,2,1,3,1,1,2,4
12265,0,1,1,0,4,0,0,3,0,3,2,2,0,4,0,0,2,0
12266,0,2,0,0,3,0,0,0,0,1,2,2,0,3,0,0,4,0
12267,0,0,1,1,1,4,0,0,0,3,2,3,1,4,1,0,4,1
12268,1,2,3,2,1,2,4,3,3,1,1,1,3,3,3,4,3,2
12269,0,4,1,0,1,1,4,1,0,4,2,4,0,3,3,0,4,1
12270,0,2,1,0,0,4,0,0,0,3,4,1,1,0,4,4,0,0
12271,0,4,0,0,4,0,3,1,4,1,3,4,0,0,0,0,4,0
12272,0,2,1,0,1,1,0,2,1,1,3,2,4,3,4,0,2,1
12273,0,3,3,0,4,1,3,4,2,1,3,2,4,3,1,1,2,1
12275,0,3,0,0,1,2,2,2,3,2,3,2,0,3,4,0,3,0
12276,0,2,3,0,0,4,0,0,0,3,0,4,4,0,2,1,0,1
12277,0,3,4,0,3,1,0,4,1,3,3,2,0,2,2,0,4,4
12278,0,3,0,0,1,0,0,0,0,3,3,1,0,2,1,0,3,0
12279,0,4,0,0,4,0,0,1,0,2,3,3,0,3,0,0,4,0
12280,0,4,0,0,1,0,0,0,0,2,1,3,0,4,0,0,4,0
12281,0,4,4,0,1,4,0,2,4,4,3,3,4,4,2,0,4,0
12282,0,1,2,0,0,1,0,0,4,4,1,1,3,0,2,1,0,3
12283,0,3,0,0,4,3,0,3,3,1,3,4,0,3,1,0,3,1
12284,0,2,0,0,1,0,0,0,4,1,3,3,0,4,0,0,3,0
12285,0,4,0,0,3,0,0,4,0,2,2,2,0,3,4,0,1,4
12286,0,2,0,0,3,0,0,1,4,3,2,2,4,1,4,0,2,0
12287,0,0,0,0,2,0,0,0,4,2,3,4,0,4,0,0,4,0
12288,0,1,0,0,3,3,3,3,4,3,2,2,0,2,0,0,2,0
12289,4,3,1,0,4,2,2,2,3,2,1,4,3,3,2,4,2,0
12290,0,1,4,0,0,2,0,0,4,4,4,4,4,0,3,0,0,0
12292,1,2,4,0,0,1,0,0,0,2,0,3,2,0,3,1,0,1
12293,0,4,0,0,0,4,0,0,0,2,2,2,0,3,4,0,4,0
12294,0,2,1,0,0,1,0,4,0,3,1,3,3,4,1,1,4,1
12295,0,2,4,0,1,1,0,4,0,1,2,2,0,3,4,0,2,4
12296,0,3,1,0,0,3,0,0,0,2,1,1,3,2,3,0,1,1
12297,4,1,0,4,0,2,0,0,3,1,4,2,3,0,2,2,0,3
12298,0,0,0,0,0,0,0,0,0,2,1,2,0,2,1,0,4,0
12299,1,2,1,0,0,1,0,0,0,1,1,2,1,0,2,4,0,0
12300,0,3,0,0,4,1,0,0,0,2,3,1,0,1,1,0,0,0
12301,4,4,4,0,1,4,0,0,3,4,2,3,4,1,3,4,0,0
12302,0,1,0,0,0,0,0,1,1,1,1,1,1,1,4,1,4,4
12303,0,2,0,0,4,3,3,1,2,2,1,3,1,4,2,0,3,4
12304,0,1,4,0,4,0,0,4,0,2,3,3,0,4,1,0,1,0
12305,0,3,0,0,4,0,0,0,0,2,3,2,0,0,0,0,2,0
12306,4,4,1,0,4,1,0,0,3,2,4,1,2,4,3,0,3,0
12307,1,2,1,0,4,2,0,3,3,2,2,3,1,2,2,0,3,2
12308,0,1,0,0,1,0,0,3,0,3,3,2,0,2,4,0,3,0
12309,0,1,0,0,4,4,0,0,0,3,1,1,0,4,0,0,1,0
12310,0,1,0,0,3,0,0,0,4,3,2,3,0,4,0,0,3,0
12311,0,4,0,0,4,0,0,0,0,4,4,4,0,0,0,0,0,0
12312,3,3,2,0,0,4,0,0,4,3,1,4,4,0,2,0,0,0
12313,0,3,0,0,0,3,0,1,2,3,2,3,1,4,4,1,4,0
12314,0,4,0,0,1,0,0,0,0,3,4,4,0,4,1,0,1,0
12315,4,0,0,0,4,1,0,0,0,4,1,4,0,4,0,0,0,0
12316,0,0,0,0,0,1,0,0,0,1,3,2,0,4,0,4,1,0
12317,4,1,2,3,0,1,0,4,1,1,0,3,1,0,3,4,4,4
12318,0,4,0,0,3,0,0,0,0,2,3,2,0,4,0,0,4,0
12319,4,2,4,1,0,2,0,3,1,3,4,4,2,1,1,0,4,0
12320,0,4,0,0,4,0,0,0,0,1,1,2,3,4,0,0,1,1
12321,0,1,0,0,0,3,0,0,3,3,0,1,1,0,1,3,0,4
12322,0,1,0,0,0,0,0,2,0,1,3,2,4,3,0,0,4,0
12323,0,4,0,0,1,0,0,0,0,2,3,3,0,1,0,0,4,0
12324,0,0,4,0,4,4,0,0,0,2,1,3,1,4,4,0,1,0
12325,0,0,0,0,1,0,0,0,0,1,2,2,0,2,0,0,2,0
12326,4,2,4,0,4,1,0,4,1,3,4,4,2,4,2,1,4,1
12327,0,3,0,0,3,0,0,0,0,2,2,4,0,4,0,0,2,0
12328,4,3,2,0,0,3,0,0,0,3,1,1,3,0,2,4,0,1
12329,0,4,0,0,4,1,2,3,2,3,2,2,0,4,0,0,2,1
12330,0,4,0,0,4,1,0,0,4,2,4,3,0,4,4,0,1,4
12331,0,3,4,1,1,4,1,4,0,3,2,2,4,1,3,0,3,0
12332,4,2,1,0,4,1,0,0,1,4,4,4,3,0,1,0,0,4
12333,0,4,0,0,1,0,4,1,1,1,1,1,0,4,4,0,2,0
12334,0,1,0,0,3,0,0,4,0,4,3,1,0,4,0,0,4,0
12335,0,1,0,0,0,0,0,4,0,1,3,2,0,3,1,0,2,4
12336,0,1,0,0,0,2,0,4,0,2,3,3,0,1,0,0,4,0
12337,0,0,0,0,4,0,0,0,0,1,2,2,0,4,0,0,1,0
12338,0,2,1,0,1,3,0,4,4,2,2,3,0,1,3,0,4,0
12339,2,2,1,1,0,4,0,0,0,3,4,1,1,0,1,1,0,3
12340,0,1,0,0,0,1,0,0,0,1,0,2,0,0,1,0,0,3
12341,0,2,3,0,0,4,1,3,1,2,1,2,2,4,1,0,1,0
12342,0,1,0,0,4,4,0,1,1,4,2,3,0,4,0,0,1,1
12343,0,4,4,0,1,0,0,2,2,3,3,2,0,2,4,0,2,0
12344,0,1,0,0,0,0,0,0,0,2,4,3,1,3,0,0,4,0
12345,0,4,0,0,3,1,0,2,3,3,3,3,0,4,1,0,3,0
12346,0,1,2,0,0,4,0,0,0,4,0,4,1,0,2,1,0,4
12347,0,3,0,0,0,0,0,4,4,4,4,4,0,4,4,0,3,4
12348,0,2,0,0,1,0,0,4,1,3,3,2,0,0,0,0,1,0
12349,0,4,0,0,4,4,0,1,3,2,2,3,0,2,0,0,4,0
12350,0,4,0,0,3,0,0,4,4,2,3,4,0,2,0,0,2,1
12351,0,2,1,0,4,4,0,0,0,3,2,2,1,1,2,0,1,0
12352,0,0,0,0,0,0,0,1,0,4,2,2,0,1,1,0,1,0
12353,0,1,0,0,0,0,0,0,0,0,1,4,0,4,4,0,0,0
12354,0,0,2,0,3,1,0,1,0,1,3,3,0,4,0,0,3,4
12355,0,0,0,0,4,0,0,4,0,4,4,4,0,4,4,0,2,0
12356,0,1,0,0,1,0,0,0,0,2,3,4,0,4,0,0,2,0
12357,2,2,1,0,0,3,0,0,4,3,4,3,3,0,4,3,0,0
12358,0,3,0,0,0,0,0,0,0,0,4,1,0,4,4,0,0,0
12359,0,3,1,1,0,4,0,0,2,2,0,3,4,0,1,4,0,1
12360,0,3,0,0,3,0,0,0,0,2,2,1,0,4,0,0,2,0
12361,4,1,0,0,2,1,0,4,0,1,4,3,0,3,4,0,4,0
12362,1,1,2,1,0,1,4,0,2,1,0,3,4,0,4,1,0,2
12363,0,4,0,1,4,3,0,0,0,2,1,1,0,0,2,0,1,0
12364,0,0,0,0,1,0,0,0,0,1,2,1,0,1,0,0,3,0
12365,4,4,1,0,4,1,0,4,3,2,4,4,4,3,4,0,4,0
12366,0,4,4,0,1,1,4,4,1,4,3,4,0,3,4,0,3,0
12367,1,4,4,0,0,2,0,0,4,4,2,1,4,0,1,4,1,2
12368,0,0,4,0,4,0,4,4,4,3,2,1,0,4,0,0,2,4
12369,0,2,0,0,3,0,4,2,4,1,4,3,0,1,0,0,1,0
12370,0,2,0,0,1,1,2,1,3,3,1,1,0,1,1,0,2,0
12371,0,3,0,0,0,4,0,0,0,2,2,3,0,1,4,0,4,0
12372,0,4,0,0,1,1,0,4,0,1,3,3,0,1,0,0,4,1
12373,0,0,0,0,4,0,0,1,0,3,2,2,0,3,1,0,1,0
12374,0,1,0,0,1,0,0,4,1,2,1,4,0,1,4,0,4,0
12375,0,3,0,0,4,0,4,4,3,3,3,3,0,2,1,0,2,0
12376,0,2,1,0,4,2,4,1,0,2,1,3,4,4,3,0,4,1
12377,1,4,3,0,4,4,0,0,0,0,3,1,0,4,4,1,0,0
12378,4,1,2,0,0,3,1,1,2,1,0,3,4,0,1,1,0,4
12379,0,3,0,0,1,4,0,1,2,3,2,2,4,3,0,0,3,0
12380,1,3,2,0,0,1,0,1,0,3,1,2,4,3,3,0,4,4
12381,4,3,3,0,0,1,4,1,0,2,1,1,4,0,2,3,1,1
12382,0,4,0,0,1,4,0,4,0,2,3,2,0,1,0,0,3,0
12383,0,3,4,0,2,1,0,1,0,3,3,1,0,3,1,1,3,1
12384,0,2,0,0,4,0,0,0,0,4,2,2,0,4,0,0,1,4
12385,0,4,4,0,3,1,0,4,2,3,2,3,0,3,0,0,4,0
12386,1,3,0,4,0,3,0,0,3,1,0,1,1,0,1,1,0,0
12387,0,3,0,0,0,4,0,0,4,3,0,4,0,0,2,4,0,2
12388,0,2,0,0,3,0,0,1,1,2,3,2,0,4,0,0,1,0
12389,0,3,0,0,4,0,0,2,3,1,1,2,0,3,1,0,4,0
12390,0,3,0,0,4,4,0,0,4,2,2,2,0,4,0,0,3,0
12392,0,4,0,0,4,3,0,0,4,4,4,4,2,0,3,0,0,0
12394,0,2,0,0,2,0,0,4,4,4,2,2,4,4,0,0,2,0
12395,0,1,0,0,0,0,0,3,4,1,2,2,0,4,4,0,2,0
12396,1,4,3,0,0,2,0,3,3,1,3,3,1,4,4,3,3,3
12397,4,3,1,2,4,4,0,0,0,1,4,3,2,4,2,4,1,4
12398,0,4,0,0,4,0,0,1,4,1,2,1,0,4,0,0,3,0
12399,0,3,0,0,3,1,0,0,0,1,2,2,0,2,4,0,4,0
12400,3,1,2,0,0,4,0,0,0,2,0,3,3,0,3,2,0,0
12401,0,0,1,1,4,1,0,0,0,3,2,3,1,1,0,0,4,0
12402,0,1,0,0,3,0,0,0,0,3,3,3,1,0,0,0,1,0
12403,4,1,3,1,0,0,0,0,1,1,0,2,1,0,2,0,0,2
12404,0,3,0,0,4,0,0,0,0,3,2,3,0,4,0,0,4,0
12405,0,4,4,0,1,1,0,4,4,4,3,2,0,4,1,0,2,1
12406,4,4,4,2,0,2,0,4,4,4,4,4,3,0,4,3,4,1
12407,4,4,1,1,0,2,0,0,2,2,4,3,1,2,3,1,0,1
12408,0,4,0,0,1,4,0,0,0,2,2,3,0,4,0,0,2,0
12409,0,1,0,0,0,0,0,0,1,2,3,2,0,3,0,0,4,0
12410,4,3,2,1,0,1,0,0,0,4,3,3,3,2,2,4,2,4
12411,0,4,4,0,2,4,0,4,4,3,4,3,0,2,0,0,2,0
12412,0,4,0,0,4,0,0,0,0,4,3,3,0,4,0,0,4,0
12413,0,0,0,0,0,0,0,2,1,3,1,3,0,4,0,0,1,0
12414,0,2,1,0,2,0,0,0,0,2,2,4,0,3,0,0,1,0
12415,0,4,0,0,1,1,0,0,3,3,1,4,0,1,4,0,2,0
12416,0,1,1,0,1,0,0,1,1,1,3,2,0,2,1,0,1,1
12417,0,1,0,0,0,1,0,0,0,3,4,3,0,4,0,0,0,1
12418,1,3,3,0,3,3,0,0,4,1,3,2,3,3,4,1,1,0
12419,0,2,2,0,3,3,0,3,0,4,3,3,0,1,4,0,2,1
12420,0,4,0,0,1,0,0,0,1,2,3,3,0,3,0,0,4,0
12421,0,4,0,0,1,0,0,1,4,3,2,2,4,2,1,0,2,1
12422,0,2,3,0,2,1,0,2,0,1,1,3,1,3,1,0,2,1
12423,0,3,0,0,1,0,0,0,0,4,2,2,0,2,0,0,3,0
12424,0,4,0,0,2,4,3,2,2,1,2,2,0,3,3,0,4,0
12425,0,3,0,0,2,0,1,1,1,3,3,3,0,3,1,0,2,3
12426,4,1,4,0,0,1,0,0,1,3,4,4,4,0,4,4,4,0
12427,0,4,0,0,3,3,0,2,4,4,3,4,0,2,4,0,2,0
12428,0,1,0,0,1,0,0,4,1,3,4,3,0,4,4,0,1,4
12429,0,1,0,0,0,4,0,1,0,3,4,3,0,2,3,0,1,0
12430,0,3,4,4,4,4,0,0,0,2,4,3,0,2,3,0,2,4
12431,0,4,1,0,4,1,2,4,4,3,3,3,1,2,1,0,1,0
12432,2,2,3,2,0,2,0,0,0,3,1,1,4,0,3,1,0,2
12433,0,2,0,0,2,0,0,0,0,1,2,1,0,1,0,0,1,0
12434,3,4,2,1,0,3,0,0,0,2,4,4,2,0,3,1,0,0
12435,0,1,0,0,1,4,0,0,4,2,2,1,0,4,0,0,3,0
12436,0,2,0,0,1,1,0,4,0,4,1,1,0,1,0,0,1,4
12437,1,1,3,4,0,2,1,1,3,2,3,2,3,1,4,3,1,0
12438,0,2,0,0,4,0,0,0,0,2,2,3,0,0,0,0,1,0
12439,0,4,1,0,4,0,0,4,4,1,2,3,0,2,0,0,2,4
12440,0,2,2,0,1,4,0,0,1,2,2,1,4,3,1,0,4,1
12441,1,3,2,1,0,0,0,4,1,3,3,2,3,2,1,1,1,1
12442,4,2,3,4,0,3,0,0,2,3,0,4,3,1,2,3,0,4
12443,1,4,3,1,0,1,0,0,1,2,4,3,2,4,1,1,0,1
12444,0,3,2,0,0,3,0,0,2,4,0,1,1,0,2,0,0,0
12445,0,2,0,0,4,1,0,1,1,1,1,2,0,2,1,0,3,0
12446,0,2,2,2,0,1,0,0,3,1,1,1,2,1,4,1,1,1
12447,0,1,0,0,4,2,0,4,4,3,2,3,0,2,1,0,3,0
12448,0,0,3,0,0,4,0,0,4,3,0,4,3,0,4,4,0,0
12449,4,3,2,0,0,4,0,1,0,2,2,2,1,1,2,0,1,1
12450,0,0,0,0,0,0,0,1,0,1,2,1,0,1,0,0,2,0
12451,0,4,4,1,4,3,0,0,0,3,4,3,3,0,1,1,0,1
12452,0,4,1,0,0,0,0,2,0,1,1,2,1,1,0,0,2,3
12453,0,2,4,0,0,4,0,0,0,2,0,3,0,0,4,4,0,0
12454,2,3,1,3,0,4,0,0,0,2,0,4,2,0,4,1,0,0
12456,0,2,0,0,1,0,0,0,0,4,3,3,0,2,0,0,1,0
12457,0,3,2,0,0,1,0,0,0,2,1,4,2,4,4,2,1,4
12458,0,4,4,4,0,3,0,0,2,4,0,4,2,0,1,3,0,1
12459,4,4,4,0,0,4,0,0,4,4,4,4,4,0,4,4,0,4
12460,4,4,4,1,0,1,0,1,1,3,1,1,2,1,2,0,1,0
12461,2,1,1,0,0,4,0,0,0,4,0,4,1,0,3,0,0,0
12462,1,1,1,0,0,3,4,0,0,3,1,2,1,1,4,0,0,0
12463,0,4,0,0,4,4,0,2,2,2,2,3,0,3,4,0,2,0
12464,0,1,4,0,3,4,1,3,4,3,2,1,0,2,2,0,3,0
12465,0,3,1,0,0,2,0,1,4,2,2,2,4,1,4,0,2,0
12466,0,3,0,0,2,0,0,1,0,2,2,2,0,4,0,0,2,0
12467,0,4,0,0,0,0,0,0,4,3,3,4,4,4,1,0,2,0
12468,0,2,0,0,4,0,0,0,0,3,4,2,0,1,0,0,3,0
12469,0,4,0,0,4,1,4,3,1,2,3,3,0,4,1,0,4,0
12470,2,2,3,0,0,1,0,4,3,4,4,2,3,0,3,4,0,4
12471,0,4,1,0,0,4,0,0,3,3,0,3,1,1,4,0,0,0
12472,0,1,0,0,1,1,0,0,1,3,2,2,0,4,0,0,3,4
12473,4,3,1,0,0,4,0,0,4,3,4,3,2,0,4,0,0,0
12474,0,4,1,0,4,3,0,2,4,3,3,3,0,4,4,0,2,0
12475,0,2,1,0,4,4,1,2,4,2,3,2,0,3,0,0,3,0
12476,3,1,4,4,0,4,0,0,0,1,0,2,1,0,3,2,0,1
12477,0,4,4,0,3,0,4,1,3,3,2,2,4,2,3,0,3,0
12478,0,3,2,0,0,0,0,0,1,4,4,3,2,4,3,0,0,0
12479,0,4,2,0,0,4,0,0,0,1,0,4,4,0,4,0,0,0
12480,2,2,4,2,0,4,0,0,1,3,4,4,1,0,2,4,0,4
12481,0,3,0,0,3,0,0,0,0,3,3,2,0,3,0,0,2,0
12482,4,1,4,0,0,0,0,0,0,2,4,2,3,1,2,3,1,0
12483,0,3,2,0,2,0,0,0,2,1,4,4,1,3,1,0,4,4
12484,0,1,4,0,4,3,0,3,2,2,3,3,0,4,3,3,4,3
12485,0,1,3,0,1,3,0,4,4,2,2,3,3,4,4,1,1,2
12486,0,4,0,0,4,0,0,0,0,1,4,2,1,4,2,0,3,0
12487,0,3,2,0,0,4,0,0,0,2,4,3,3,3,3,0,4,0
12488,0,1,3,0,1,2,0,4,4,4,4,1,4,4,2,0,0,1
12490,0,2,3,4,0,1,0,0,4,1,4,2,0,0,3,4,0,4
12491,0,3,0,0,4,1,4,3,2,2,3,3,0,3,1,0,1,1
12492,0,1,0,0,1,0,0,0,0,2,1,1,0,1,0,0,1,0
12494,0,2,0,1,0,3,4,4,2,2,1,2,3,3,3,0,3,0
12495,0,2,0,0,2,0,0,0,0,4,2,3,0,1,0,0,1,0
12496,4,4,0,4,4,1,0,0,0,3,1,4,4,1,4,4,1,4
12497,0,0,4,0,0,0,0,0,0,0,0,0,2,0,0,0,0,0
12498,0,4,1,0,1,0,0,0,0,2,3,3,0,4,0,0,3,0
12499,0,1,0,0,2,0,0,0,0,1,3,1,0,1,0,0,1,0
12500,0,4,4,0,1,0,4,2,4,2,4,4,0,2,1,0,2,0
12501,1,2,4,0,0,2,0,4,4,4,3,3,3,3,3,0,4,0
12502,0,1,1,0,0,2,0,0,3,1,0,1,4,0,2,0,0,0
12503,0,1,0,0,2,0,0,0,0,2,2,4,0,4,2,0,2,0
12504,1,3,3,0,0,3,0,0,2,1,4,3,1,1,2,1,1,1
12505,1,2,1,4,0,4,0,3,3,3,3,2,4,3,4,0,3,4
12506,0,0,0,0,0,0,1,4,1,3,1,1,0,1,0,0,0,0
12507,0,3,4,0,0,1,0,4,3,3,2,3,3,2,4,1,0,4
12508,0,1,0,0,0,0,0,0,0,1,1,1,3,1,0,0,1,0
12509,0,1,0,0,2,0,0,4,1,3,2,2,4,3,0,0,2,0
12510,4,1,0,0,1,2,1,3,1,3,1,1,0,3,0,0,2,0
12511,4,0,0,0,0,2,0,0,4,4,1,1,4,1,4,4,1,0
12512,0,1,0,0,0,4,0,4,0,1,3,3,4,2,4,0,4,0
12513,0,3,0,0,2,0,0,0,0,2,2,2,0,1,0,0,1,0
12514,0,4,0,0,4,0,0,0,0,2,2,3,0,4,0,0,4,0
12515,4,2,2,0,0,2,0,0,1,2,4,1,2,0,1,1,1,1
12516,0,0,0,0,4,0,0,0,0,2,4,4,0,4,0,0,4,0
12517,0,0,0,0,0,4,0,0,0,1,3,1,0,3,1,0,0,0
12518,0,3,4,0,2,1,0,0,0,3,2,2,3,3,1,0,2,0
12519,0,3,0,0,1,0,0,0,4,3,2,3,0,0,0,0,1,0
12520,4,2,3,1,4,1,4,2,3,3,2,3,1,4,3,4,2,0
12521,1,1,1,0,4,0,0,0,0,2,2,2,4,1,1,0,4,1
12522,4,2,3,0,2,1,0,4,1,3,1,2,3,4,4,4,2,4
12523,4,2,1,0,0,1,0,0,4,3,0,4,2,0,1,0,0,0
12524,1,3,0,0,1,1,0,2,2,1,1,2,0,1,1,0,1,4
12525,0,2,1,0,0,4,0,4,4,3,3,2,4,3,2,0,2,3
12526,0,2,0,0,1,0,0,0,0,3,2,2,0,1,0,0,1,0
12527,2,2,3,0,0,1,0,1,3,3,1,1,3,0,2,0,1,4
12528,0,1,0,0,1,0,0,0,0,2,2,3,0,2,0,0,2,0
12529,0,2,0,0,1,0,0,1,0,1,3,2,0,2,0,0,1,0
12530,0,0,0,0,0,2,0,0,4,3,0,1,0,0,1,0,0,4
12531,0,2,1,0,0,1,0,1,0,2,2,2,1,1,2,0,4,1
12532,0,4,0,0,1,1,0,1,0,1,2,3,0,1,1,0,2,3
12533,0,1,0,0,1,0,3,1,3,3,3,3,0,1,0,0,2,0
12534,4,2,1,4,1,4,0,0,1,3,2,3,3,0,4,4,0,4
12535,0,0,0,4,1,0,0,0,0,2,3,3,0,1,4,0,3,0
12536,0,4,0,0,2,2,0,4,4,2,3,3,0,3,0,0,2,0
12537,1,3,1,3,0,1,0,4,2,2,3,2,1,1,2,1,1,3
12538,1,2,4,1,0,1,0,1,0,1,1,1,1,1,1,1,1,2
12539,0,4,0,0,0,2,4,1,4,2,2,2,0,1,3,0,1,1
12540,0,2,2,0,1,2,0,2,0,3,4,4,0,4,2,0,1,4
12541,0,1,2,0,0,1,0,4,1,2,2,2,0,1,3,4,1,3
12542,4,3,2,2,1,3,4,3,3,2,3,4,1,3,4,0,3,0
12543,0,1,0,0,2,4,0,4,1,1,4,1,0,2,2,0,3,0
12544,0,2,4,0,3,0,0,1,0,3,3,3,0,1,1,0,3,1
12545,0,3,0,0,1,0,0,0,0,1,2,3,0,3,0,0,1,0
12546,0,1,0,0,1,1,0,0,0,1,2,1,0,0,1,0,0,0
12547,0,2,1,0,0,1,0,0,0,3,0,2,1,0,1,0,0,0
12548,0,2,2,0,1,1,0,1,0,3,3,2,0,3,4,0,4,1
12549,0,1,1,1,4,4,2,4,2,2,4,3,4,0,4,0,4,0
12550,1,3,1,0,0,1,0,0,0,1,0,4,3,4,3,0,0,0
12551,0,0,3,0,1,0,0,0,0,1,1,4,1,4,1,0,4,0
12552,0,4,1,0,0,1,0,0,0,4,4,4,0,4,0,0,4,0
12553,0,4,0,0,1,4,0,1,0,2,3,3,0,4,4,0,3,4
12554,0,3,0,0,2,0,0,0,0,3,2,3,0,3,1,0,1,0
12555,0,2,1,0,1,4,0,0,4,2,2,3,1,3,3,0,3,1
12556,0,3,0,0,0,0,0,0,0,3,3,3,0,3,0,1,1,0
12557,0,4,1,0,0,0,0,0,0,4,0,4,1,0,4,4,0,1
12558,4,4,0,0,3,4,0,0,0,1,3,4,0,1,0,0,1,0
12559,0,3,1,0,3,0,1,1,0,4,2,3,0,4,4,0,1,0
12560,0,0,0,0,4,0,0,0,0,4,3,3,0,4,1,0,4,0
12561,0,3,2,0,4,4,0,2,0,3,1,3,0,3,1,0,3,4
12562,0,0,0,0,0,0,0,4,2,0,4,2,4,0,3,0,0,0
12563,0,3,0,0,1,0,0,0,0,2,3,2,0,4,1,0,4,0
12564,0,1,4,4,0,1,3,4,2,4,4,3,2,1,4,1,0,2
12565,0,1,1,4,4,1,0,3,2,2,1,3,2,1,2,4,1,1
12566,1,3,2,0,0,0,0,0,1,3,2,4,1,4,3,3,0,4
12567,4,1,4,0,0,3,0,0,2,3,4,3,3,4,1,1,0,4
12568,0,3,0,0,3,4,0,0,4,2,3,4,0,0,4,0,4,0
12569,1,0,0,0,0,0,0,0,0,4,4,1,0,0,4,0,3,0
12570,0,1,0,0,3,1,0,0,0,1,3,2,0,1,0,0,1,0
12571,0,1,0,0,0,1,0,2,4,4,2,3,0,4,1,0,3,0
12572,0,4,2,1,0,2,0,0,1,3,4,4,3,0,2,1,0,0
12573,0,4,0,0,1,0,0,0,0,1,2,2,4,1,1,3,1,0
12574,0,4,1,1,0,2,0,0,1,4,4,4,4,0,4,4,4,0
12575,4,4,0,0,0,0,0,0,3,3,1,4,4,1,0,3,0,1
12576,0,4,0,0,0,4,0,0,0,2,4,3,0,1,0,0,3,0
12577,0,1,1,0,3,4,0,4,1,4,4,3,2,3,2,0,4,0
12578,1,4,3,4,2,3,0,0,0,3,3,2,3,4,2,4,1,2
12579,1,3,1,0,1,1,0,4,0,2,3,3,0,3,4,0,2,0
12580,0,3,0,0,3,1,4,0,0,4,2,2,0,4,0,0,2,0
12581,0,3,0,0,4,4,0,0,0,2,1,3,0,1,4,0,2,0
12582,0,1,4,0,2,1,0,0,0,2,1,3,0,2,1,0,1,1
12583,4,3,3,4,0,1,0,4,3,2,4,3,4,0,4,4,4,4
12584,0,4,1,0,0,0,0,0,0,4,4,4,4,0,4,0,0,0
12585,0,1,0,0,3,4,0,2,3,4,1,2,0,1,1,0,1,0
12586,0,4,0,0,0,0,0,1,1,4,1,1,0,1,1,0,2,0
12587,0,4,0,0,0,1,0,0,0,2,2,2,0,0,0,0,0,0
12588,0,4,0,0,2,0,0,4,1,1,1,2,0,4,0,0,2,0
12589,0,0,0,0,0,0,0,0,0,2,2,2,0,4,0,0,4,0
12590,4,4,4,0,0,1,0,1,4,2,4,4,4,4,1,4,4,4
12591,0,3,0,0,2,0,0,0,0,1,2,4,0,4,4,0,1,0
12592,0,4,0,0,0,0,0,3,0,4,3,2,0,3,4,1,4,4
12593,0,3,0,0,3,0,0,4,4,4,2,3,0,1,4,0,3,0
12594,1,3,4,0,4,4,4,4,4,2,4,3,4,4,3,1,4,4
12595,0,4,0,0,0,2,0,0,4,4,4,3,2,2,1,1,4,1
12596,0,1,0,0,0,0,0,2,4,1,2,2,1,4,3,0,2,0
12597,1,2,4,0,0,3,1,1,4,1,4,2,4,4,4,1,1,1
12599,1,2,0,0,1,0,0,3,0,2,3,3,0,3,0,0,4,0
12600,0,2,1,0,2,0,0,1,0,3,4,4,4,2,4,0,1,0
12601,0,4,0,0,4,0,0,0,0,0,4,3,4,0,4,0,0,0
12602,1,4,3,0,0,4,2,4,2,2,4,4,4,4,4,4,4,3
12603,0,3,4,0,3,4,0,0,4,1,2,2,0,2,1,0,1,0
12604,0,4,0,0,2,4,0,1,0,4,3,3,0,2,4,0,3,1
12605,0,3,0,0,4,0,0,0,0,3,3,3,0,2,0,0,4,0
12606,0,0,4,0,4,0,0,0,0,1,2,2,0,0,0,0,4,0
12607,0,2,4,0,1,0,1,0,1,2,1,2,0,2,0,0,2,0
12608,1,3,4,0,3,4,0,0,3,1,3,2,4,4,4,2,1,4
12609,4,2,4,0,0,4,0,0,0,1,0,1,3,0,3,0,0,1
12610,2,2,0,0,0,4,0,0,0,3,4,4,4,4,4,0,0,0
12611,0,2,0,0,1,0,0,4,4,3,3,3,0,4,0,0,3,0
12612,0,2,0,0,2,0,0,1,3,2,3,3,0,2,1,0,3,0
12613,1,4,1,4,0,1,0,0,0,2,0,1,2,0,2,4,0,4
12614,0,1,0,0,1,0,0,3,1,3,3,3,0,3,0,0,4,0
12615,0,0,2,0,0,1,0,0,1,1,1,1,2,2,2,4,1,0
12616,0,4,1,0,1,0,1,3,3,3,3,3,0,3,1,0,3,4
12617,0,2,0,0,2,4,0,0,0,4,2,3,0,4,4,0,3,0
12618,0,3,0,0,1,0,0,1,0,1,3,2,0,1,0,0,1,0
12619,0,3,0,0,3,3,0,4,0,2,3,2,0,1,2,0,4,0
12620,0,3,0,0,4,0,0,0,0,4,4,3,0,1,0,1,1,0
12621,4,4,2,2,0,4,4,4,3,4,4,2,1,0,2,1,0,1
12622,0,3,0,0,1,0,0,0,0,3,3,4,0,1,0,0,0,0
12623,0,3,0,0,1,3,0,4,4,1,3,2,0,2,0,0,3,0
12624,0,1,0,0,3,0,2,2,4,2,4,3,0,4,1,0,3,0
12625,1,2,0,1,4,4,0,4,2,1,1,1,2,1,1,4,2,1
12626,0,2,0,0,1,0,0,0,0,1,2,1,0,0,0,0,4,0
12628,4,2,4,1,4,1,1,0,1,1,1,3,4,0,4,2,0,1
12629,0,1,0,0,4,0,4,0,4,4,3,4,0,1,2,0,0,0
12630,2,4,0,1,4,1,4,4,3,4,4,3,4,1,1,4,4,0
12631,0,4,2,0,4,2,0,2,0,3,3,3,4,3,2,0,2,4
12632,0,4,4,0,1,4,2,4,3,2,4,2,0,4,4,0,1,0
12633,0,2,1,0,1,4,0,1,4,4,1,1,0,2,2,0,2,0
12634,0,0,1,0,2,1,4,1,4,3,3,4,0,1,0,0,1,0
12635,0,1,1,0,3,2,0,0,3,4,2,3,2,3,1,4,4,0
12636,0,2,4,0,0,1,0,0,4,3,1,2,1,0,3,2,0,1
12637,1,2,0,0,0,0,0,4,0,3,3,2,0,3,2,0,3,0
12638,0,4,0,0,3,0,0,4,4,4,4,2,3,3,4,0,4,0
12639,0,1,1,0,0,3,0,0,2,4,1,3,1,1,4,1,4,0
12640,4,4,4,0,0,4,0,4,1,3,4,3,1,0,4,0,0,0
12641,0,3,4,0,4,2,1,1,2,3,2,3,0,3,1,0,2,0
12642,0,1,1,0,0,2,0,0,0,1,2,1,1,4,4,0,4,0
12643,0,1,0,0,1,0,0,2,2,4,4,2,0,2,1,0,2,4
12644,1,1,0,0,0,0,0,4,3,2,4,3,3,0,0,1,2,2
12645,0,3,0,0,0,4,0,4,2,3,4,4,1,1,2,1,4,4
12646,0,2,0,0,1,3,1,2,3,3,1,2,1,2,4,0,2,1
12647,0,1,0,0,4,1,1,1,1,1,3,3,0,1,1,1,3,0
12648,0,3,2,4,0,2,0,0,0,1,1,3,4,0,2,2,4,2
12649,0,4,0,0,3,0,0,0,4,1,2,3,0,4,1,0,2,0
12650,0,0,0,0,0,0,0,4,0,2,4,4,1,3,1,0,4,0
12651,1,2,1,0,0,4,0,0,3,2,0,4,3,0,2,3,0,0
12652,1,4,4,4,0,1,1,1,4,4,1,4,1,0,1,4,4,0
12653,0,4,1,0,1,0,0,0,0,3,2,3,4,0,1,0,3,1
12654,0,3,1,0,2,1,1,3,1,2,3,2,0,3,3,0,3,2
12655,4,3,1,0,2,4,1,2,4,1,3,3,4,3,4,0,3,0
12656,2,2,4,0,0,1,0,0,0,4,0,3,3,0,2,4,0,4
12657,1,1,2,3,0,3,0,0,4,4,3,4,3,4,2,4,3,2
12658,0,1,0,0,0,0,0,0,0,3,4,4,0,3,4,0,4,0
12659,0,4,0,0,0,1,0,0,0,3,3,2,0,4,4,0,4,0
12660,0,4,4,0,4,2,0,3,4,1,3,4,4,2,0,0,3,1
12661,4,4,0,0,0,2,0,0,4,2,4,3,1,0,4,1,0,4
12662,1,3,4,0,0,2,0,0,1,1,0,2,3,0,3,4,0,1
12663,0,2,4,1,4,4,1,1,2,3,3,2,0,1,1,0,2,0
12664,0,4,4,0,2,1,0,0,0,2,1,2,2,2,4,0,2,0
12665,0,4,0,0,3,0,0,4,4,1,3,4,0,4,0,0,4,0
12666,0,0,1,0,0,0,0,0,0,0,0,1,4,0,0,0,0,0
12667,4,3,2,1,0,1,0,0,3,1,1,2,4,1,3,4,0,2
12668,0,2,2,1,0,3,0,0,0,3,1,4,3,0,1,4,0,3
12669,0,0,0,0,0,0,0,0,0,1,1,1,0,0,0,0,0,0
12670,0,1,0,0,3,0,4,3,2,3,3,4,0,4,1,0,2,0
12671,0,0,0,0,0,0,0,3,0,4,3,3,0,1,4,0,4,0
12672,0,4,4,0,0,0,0,0,4,2,1,2,1,4,2,0,0,0
12673,0,2,0,0,1,0,0,0,0,1,3,3,0,1,0,0,1,0
12674,0,4,0,0,3,0,0,0,0,1,2,3,0,3,0,0,3,0
12675,0,1,0,0,3,0,0,0,0,4,2,3,0,2,4,0,1,0
12676,0,1,1,1,3,3,1,1,4,1,2,1,2,1,4,0,4,0
12677,1,2,1,0,0,1,0,0,0,1,1,1,0,4,1,0,4,0
12678,0,0,0,0,1,4,0,0,0,2,3,2,0,1,4,0,3,0
12679,3,1,2,2,0,4,0,0,0,2,1,2,3,4,2,4,0,0
12680,3,4,4,4,0,3,0,0,2,3,0,1,3,0,3,4,0,2
12681,0,1,0,0,0,0,0,1,0,1,3,2,4,0,1,0,4,0
12682,0,0,0,0,1,0,0,0,0,0,1,1,0,4,2,0,4,0
12683,0,0,0,0,0,4,0,0,0,3,2,2,0,1,1,0,1,0
12684,0,2,0,0,0,0,0,0,0,1,2,2,0,4,0,0,4,4
12685,1,1,1,4,0,3,0,0,1,1,0,1,1,0,1,1,0,0
12686,0,4,1,0,0,1,4,0,1,4,4,2,1,2,0,0,2,0
12687,0,3,0,0,2,1,0,4,1,3,2,3,0,1,0,0,3,0
12688,0,1,0,0,0,0,0,0,0,4,2,3,0,2,1,0,3,1
12690,0,2,1,0,0,4,0,4,4,3,1,3,0,1,2,0,0,0
12691,0,3,1,0,0,0,0,0,0,3,3,3,0,3,0,0,1,0
12692,0,1,0,0,1,1,0,0,0,4,4,3,0,0,4,0,3,0
12693,1,2,1,1,2,1,4,4,2,4,2,3,1,0,2,1,1,2
12694,0,1,0,0,4,0,0,0,0,3,3,3,0,1,1,0,0,0
12695,0,2,0,0,0,1,1,1,1,3,4,2,0,2,0,0,3,0
12696,0,3,4,1,0,2,0,0,0,3,0,2,1,0,3,4,0,1
12697,0,1,0,0,1,0,0,1,4,2,3,2,0,4,0,0,1,3
12698,0,3,4,0,2,3,1,3,1,2,3,2,1,3,2,4,3,4
12699,0,4,0,0,0,1,0,0,1,3,3,3,0,2,1,0,4,0
12700,0,4,4,0,4,4,0,4,4,3,3,1,1,3,3,0,1,0
12701,0,1,0,0,3,0,0,1,1,1,1,2,0,1,0,0,2,0
12702,4,1,1,1,0,4,0,0,0,4,1,2,2,0,4,4,0,0
12703,0,1,1,0,0,1,0,0,1,2,1,1,1,0,1,1,0,2
12705,0,2,3,0,0,1,0,0,0,3,4,2,3,0,3,4,4,0
12706,0,4,3,0,1,0,0,0,3,1,2,1,0,3,0,0,2,1
12707,0,3,0,0,4,0,0,0,0,3,2,1,0,4,0,0,4,0
12708,0,0,4,0,4,0,0,0,0,0,2,2,0,1,4,0,0,0
12709,1,4,3,3,0,2,0,0,0,1,1,1,3,4,2,0,0,3
12710,4,4,4,0,4,4,1,1,1,1,3,2,0,4,0,0,1,1
12711,1,1,3,1,2,4,0,1,4,1,1,4,3,1,4,4,4,2
12712,0,2,1,0,1,1,0,1,1,3,2,1,0,1,2,0,1,0
12713,0,2,4,0,0,3,0,0,1,4,4,3,4,4,4,3,4,1
12714,4,1,2,4,0,4,0,0,0,2,0,1,2,0,2,2,0,0
12715,0,0,0,0,0,0,0,0,0,3,2,3,0,0,0,0,0,0
12716,0,4,0,0,0,1,0,1,0,3,1,1,0,2,4,0,3,0
12717,0,3,4,0,1,0,0,3,3,2,2,3,0,3,1,0,3,1
12718,0,0,0,0,0,3,0,0,2,2,4,3,1,0,3,4,0,4
12719,0,4,0,0,0,4,1,0,4,4,4,3,1,4,3,0,1,4
12720,1,1,4,2,0,2,0,1,1,1,1,1,2,0,1,1,1,1
12721,0,4,0,0,0,1,0,2,0,3,2,3,0,3,0,0,2,1
12722,4,1,4,0,1,2,1,1,1,4,1,1,4,1,4,0,1,0
12723,0,2,1,0,0,1,0,0,4,2,2,3,1,1,4,4,4,4
12724,0,1,0,0,2,1,4,3,3,4,3,3,0,4,0,0,3,0
12725,1,3,1,0,0,0,0,0,4,2,1,3,3,4,3,0,4,0
12726,0,0,0,0,3,0,0,4,0,4,4,4,0,3,4,0,2,0
12727,0,3,0,0,0,0,1,0,1,4,4,4,0,1,0,0,0,0
12728,4,2,4,0,0,4,0,4,0,1,4,3,4,3,4,1,2,0
12729,0,2,0,0,3,0,0,2,4,2,1,3,0,2,0,0,2,0
12730,0,1,0,0,0,0,0,1,4,2,4,3,4,1,1,0,3,0
12731,0,3,0,0,3,1,0,2,1,4,3,3,4,4,3,0,3,0
12732,0,2,0,0,4,0,0,0,0,3,2,2,0,3,0,0,1,0
12733,0,0,0,0,4,4,0,0,0,2,2,3,0,4,4,0,2,1
12734,0,1,1,0,0,1,0,4,0,2,2,1,1,2,2,1,2,1
12735,0,0,1,0,0,1,0,3,1,2,3,2,0,4,2,0,2,4
12736,0,2,4,0,4,0,1,3,2,2,3,2,0,2,1,0,3,0
12737,0,3,0,0,4,0,0,3,2,3,3,4,0,4,0,0,1,0
12738,0,2,3,0,0,1,4,1,2,3,1,1,0,0,1,0,0,0
12739,0,3,1,4,0,0,0,0,0,4,1,4,1,0,3,2,1,3
12740,3,4,4,1,0,3,0,0,1,1,0,3,2,0,3,4,0,4
12741,0,2,4,0,0,4,0,1,0,4,3,2,0,4,4,0,1,0
12742,0,1,4,0,1,1,0,2,4,3,3,2,1,4,1,0,4,4
12743,0,3,0,0,1,4,0,3,4,3,1,2,0,3,0,0,2,0
12744,4,1,2,4,0,3,0,0,2,4,4,2,3,0,3,2,4,4
12745,4,2,0,0,0,2,0,0,0,3,4,2,1,1,3,0,3,1
12746,0,1,0,0,0,0,0,0,0,2,2,3,0,3,0,0,3,0
12747,0,3,0,0,1,4,2,1,3,1,2,3,0,2,0,0,3,1
12748,0,3,0,0,3,0,1,0,1,2,2,2,0,1,0,0,2,0
12749,0,4,0,0,2,4,0,4,0,1,3,2,0,1,4,0,4,0
12750,0,1,0,0,1,0,0,1,0,1,3,1,0,3,4,0,2,0
12751,0,1,0,0,1,4,0,0,0,1,2,1,0,3,4,0,2,0
12752,0,4,0,0,4,1,0,0,0,3,1,4,0,1,0,0,1,0
12753,1,3,2,4,1,4,0,0,2,1,1,1,2,1,1,1,4,0
12754,0,1,4,2,0,3,0,0,0,3,1,1,4,0,1,0,4,1
12755,0,1,0,0,3,0,0,0,0,3,1,1,0,0,1,0,0,0
12756,0,4,1,0,4,0,1,4,0,1,3,2,0,2,0,0,2,0
12757,1,3,1,0,0,1,0,4,4,4,3,4,0,4,2,1,1,2
12758,1,1,2,0,3,0,0,4,0,4,1,4,0,4,1,0,3,0
12759,0,1,0,0,0,0,0,0,0,1,1,1,0,4,0,0,0,0
12760,0,2,0,0,0,0,0,0,0,3,1,1,0,0,0,0,3,0
12761,4,3,0,3,0,1,0,0,4,2,0,1,2,0,1,1,0,3
12762,0,2,1,0,0,0,0,0,0,3,1,3,4,0,2,0,3,0
12763,0,1,1,0,2,0,0,4,0,3,2,2,0,1,0,0,3,0
12764,0,1,0,0,1,0,0,4,0,4,1,1,0,2,0,0,1,0
12765,0,3,1,0,0,1,0,0,2,1,0,1,1,0,1,0,0,0
12766,0,3,0,0,0,1,4,3,2,2,3,2,0,2,0,0,2,0
12767,0,2,1,0,2,0,0,0,0,3,3,3,0,1,4,0,4,0
12768,0,4,1,0,3,0,0,0,1,2,2,3,3,2,1,0,4,0
12769,0,1,0,0,1,0,3,0,4,2,2,2,0,2,4,0,1,0
12770,0,1,0,0,0,0,0,3,3,2,4,3,4,2,4,0,1,0
12771,0,1,0,0,2,1,0,3,3,1,1,1,1,0,4,2,3,1
12772,0,1,4,0,3,1,0,4,0,3,2,2,2,1,3,0,1,0
12773,1,2,2,1,0,2,4,0,1,2,0,1,4,4,2,1,0,3
12774,0,4,0,0,0,0,0,0,0,2,2,2,0,0,0,0,1,0
12775,4,1,4,0,0,0,0,0,0,4,3,3,4,1,4,0,4,0
12776,0,2,0,0,4,0,0,1,0,2,3,3,0,1,0,0,1,0
12777,3,3,1,2,2,4,0,4,2,1,2,3,3,3,4,3,4,0
12778,0,2,1,0,3,1,0,2,0,3,1,1,0,2,0,0,3,1
12779,4,3,0,0,0,0,0,1,0,2,4,4,3,3,0,0,1,0
12780,0,1,1,1,0,4,0,0,0,1,0,1,1,0,1,1,0,1
12781,4,3,0,0,0,1,0,0,0,2,4,1,4,0,2,2,0,3
12782,0,4,4,1,1,4,2,3,1,2,1,1,4,1,1,4,4,4
12783,0,3,0,0,4,0,0,0,0,3,1,3,0,1,0,0,4,0
12784,0,1,1,3,4,0,0,0,0,3,1,3,1,1,4,0,0,0
12785,0,4,0,0,0,0,0,2,0,4,4,4,0,2,0,0,0,0
12786,4,3,4,0,0,4,4,4,3,1,4,4,4,4,4,0,0,0
12787,0,4,0,0,4,0,0,0,0,3,2,3,0,4,0,0,1,0
12788,0,1,0,0,1,0,0,0,0,4,3,4,0,1,4,0,0,1
12789,0,2,4,0,4,2,0,4,1,3,2,2,0,1,2,0,1,1
12791,0,3,0,0,0,0,0,0,0,1,2,3,4,1,0,0,4,0
12792,1,1,1,1,0,1,0,0,4,1,0,1,1,0,1,1,1,1
12793,0,3,4,0,1,2,0,2,0,2,1,2,0,2,4,0,1,0
12794,1,3,0,0,0,3,0,0,2,4,0,3,1,0,4,0,0,0
12795,0,0,0,0,0,0,0,1,0,4,2,3,4,2,4,0,4,1
12796,0,3,0,0,4,4,0,4,1,2,3,3,0,4,0,0,2,0
12797,1,4,4,0,0,3,0,0,4,2,0,2,4,0,4,4,0,1
12798,4,1,4,0,4,1,0,0,1,2,3,3,0,4,0,0,4,0
12799,4,0,4,0,0,3,0,0,4,3,1,4,4,1,1,1,1,4
12800,0,2,0,0,3,4,0,2,1,2,3,3,0,2,0,0,3,0
12801,0,3,0,0,1,0,1,1,1,1,3,2,0,4,0,0,1,0
12802,1,2,4,0,4,3,1,0,0,4,2,2,1,4,4,1,4,4
12803,0,4,0,0,4,1,0,0,0,2,2,1,0,2,1,0,4,0
12804,0,4,4,1,0,2,0,0,0,1,0,1,4,0,3,4,0,0
12805,0,2,3,0,1,0,0,2,3,1,3,3,0,4,0,0,2,0
12806,0,2,0,0,1,0,0,0,0,2,1,4,1,0,3,0,1,0
12807,0,1,1,0,4,2,0,3,3,2,3,2,0,4,4,0,1,1
12808,0,2,2,0,4,1,0,0,0,2,3,3,4,4,4,3,3,3
12809,0,4,0,0,0,0,0,0,0,3,1,1,0,4,4,0,4,4
12810,0,1,4,1,0,3,0,0,0,1,0,4,2,0,3,1,0,4
12811,0,3,0,0,4,0,0,1,0,2,2,2,0,3,1,0,3,0
12812,0,2,0,2,0,4,0,1,4,3,4,3,1,2,0,0,3,1
12813,4,2,2,4,0,1,0,0,1,4,0,4,1,0,2,4,0,0
12814,0,2,1,0,1,4,0,4,3,1,3,1,0,2,2,0,3,0
12815,4,1,3,0,0,0,4,1,2,3,1,2,3,4,1,4,2,3
12816,0,2,0,0,1,4,0,0,4,3,1,1,0,1,0,0,3,0
12817,0,1,1,0,1,0,0,0,0,1,3,2,3,3,1,0,1,1
12818,0,1,0,0,4,4,0,0,0,1,1,1,1,0,1,0,1,0
12820,0,1,0,0,4,0,0,1,4,3,3,3,0,1,4,0,4,0
12821,0,0,0,0,4,0,0,4,0,4,2,2,0,4,3,3,3,1
12822,1,3,1,0,0,2,1,4,2,2,4,3,0,4,4,0,4,0
12824,3,1,2,4,0,2,0,0,0,4,0,4,2,0,4,4,0,1
12825,0,0,4,4,2,0,0,0,0,3,2,2,4,4,4,0,1,0
12826,0,1,0,0,1,0,0,4,1,1,3,1,0,2,4,0,1,0
12827,0,3,0,1,0,2,3,1,2,1,2,1,1,2,3,4,2,0
12828,4,4,4,1,0,4,0,0,1,2,1,3,2,4,4,0,0,0
12829,0,2,0,0,3,0,0,2,0,3,2,2,0,3,0,0,2,0
12830,0,4,0,0,4,4,0,4,0,4,3,4,0,4,4,0,4,0
12831,0,3,0,0,3,1,0,0,0,1,3,3,0,3,4,0,3,4
12832,0,1,1,0,1,1,0,2,3,1,3,3,2,3,1,0,4,1
12833,0,1,0,0,0,0,0,0,0,2,2,1,0,4,0,0,0,0
12834,0,0,0,0,0,0,0,0,0,1,2,3,0,4,4,0,3,0
12835,0,4,4,0,1,1,0,0,1,2,3,3,4,3,3,0,3,1
12836,4,1,3,1,2,2,0,1,3,4,2,3,2,4,3,2,1,1
12837,0,3,4,0,3,0,0,4,3,2,2,3,0,3,1,0,4,1
12838,0,4,4,2,1,2,0,0,2,4,4,4,2,1,1,4,1,0
12839,0,4,1,0,0,0,0,4,4,1,0,2,4,4,1,0,1,3
12840,4,2,1,1,0,3,0,0,4,4,3,1,3,0,1,1,0,1
12841,0,3,0,0,0,0,0,0,0,2,4,4,0,0,0,0,4,0
12842,4,4,4,0,0,1,0,0,1,0,0,4,4,0,4,4,0,0
12843,0,3,4,0,0,4,0,0,0,2,4,4,3,4,3,4,0,0
12844,0,0,0,0,0,0,4,4,4,1,4,3,0,4,4,0,4,0
12845,0,2,0,0,4,0,4,1,4,2,3,2,4,3,0,0,2,0
12846,0,2,0,0,4,0,0,4,0,2,3,2,0,2,1,0,4,0
12847,0,1,0,0,1,1,0,1,1,3,2,3,0,2,4,0,3,0
12848,0,0,4,0,0,0,0,0,1,4,4,4,2,0,1,1,0,0
12849,0,4,4,0,2,0,0,0,0,3,2,2,0,4,4,0,3,0
12850,4,4,0,0,1,1,4,1,0,1,3,4,0,2,1,0,3,0
12851,0,4,3,0,4,4,0,4,4,4,4,4,3,4,4,0,4,0
12852,2,4,1,0,1,2,0,1,1,4,1,2,1,4,3,0,2,0
12853,0,1,4,0,0,4,0,0,0,4,2,2,0,1,3,0,4,0
12854,0,4,0,0,4,4,0,4,4,1,2,3,4,1,4,0,4,1
12855,4,3,1,0,0,3,0,0,1,3,4,2,2,4,2,1,4,4
12856,0,1,0,0,0,0,0,0,0,1,1,3,0,0,0,0,1,0
12857,0,1,0,0,0,0,0,0,1,4,4,4,1,4,2,4,4,0
12858,0,2,0,0,0,4,4,3,4,3,4,3,0,3,4,0,4,0
12859,1,2,2,0,0,0,0,4,0,1,4,4,1,4,1,0,4,0
12860,0,1,0,0,0,0,0,0,0,1,1,2,0,0,0,0,4,0
12861,0,4,0,0,0,0,2,3,3,4,1,3,0,2,0,0,1,0
12862,0,2,4,0,2,0,0,0,1,3,2,3,0,1,1,0,1,0
12863,0,3,0,0,4,4,4,2,0,3,3,4,4,3,4,0,2,0
12864,4,3,2,1,0,0,0,0,0,1,4,2,0,0,1,4,0,1
12865,3,3,2,1,0,1,0,4,3,3,4,4,1,4,2,1,4,3
12866,3,4,2,4,1,4,0,1,4,4,1,3,4,1,4,4,1,4
12867,0,4,0,0,4,1,0,3,4,2,3,3,4,3,4,0,3,0
12868,0,1,1,0,0,4,0,0,0,4,3,1,3,1,1,0,1,0
12869,0,3,0,0,1,0,0,3,4,3,1,1,0,1,0,0,3,4
12870,0,4,1,0,4,1,0,3,2,2,3,3,0,1,4,0,3,3
12871,0,2,0,0,1,0,0,4,4,2,3,2,0,4,0,0,2,4
12872,1,1,2,0,4,1,0,4,1,1,4,1,1,4,2,4,1,1
12873,0,4,4,0,2,4,0,1,2,1,1,4,4,4,2,0,4,0
12874,1,4,4,0,0,3,0,0,1,1,1,2,4,0,4,2,1,3
12875,0,1,0,0,4,0,0,0,0,3,4,3,0,2,0,0,3,0
12876,1,3,0,0,3,4,0,0,0,3,3,3,0,4,1,0,4,0
12877,0,0,0,0,3,0,0,0,0,1,3,2,0,2,3,0,1,0
12878,0,1,4,0,1,4,0,2,3,3,3,3,4,3,4,0,2,1
12879,0,4,0,0,0,4,0,4,0,2,2,1,0,2,4,0,3,0
12880,0,3,1,0,1,0,0,0,0,2,2,2,0,3,0,0,1,0
12882,0,2,0,0,2,0,0,0,0,3,3,2,0,3,0,0,3,0
12883,0,1,4,0,4,0,4,0,0,3,3,2,3,2,3,0,1,2
12884,0,2,0,0,4,4,0,2,1,2,2,3,0,2,1,0,1,1
12885,0,0,0,0,4,0,0,4,0,0,3,3,0,2,4,0,2,0
12886,0,4,0,0,4,1,1,2,4,3,4,3,4,1,1,0,3,0
12887,4,3,1,0,0,3,0,0,2,4,1,4,3,0,2,2,0,0
12888,1,3,1,0,0,0,0,0,1,2,3,2,1,3,1,3,3,3
12889,0,2,0,0,0,0,0,0,0,1,1,1,0,1,4,0,1,0
12890,0,1,4,0,0,0,0,0,0,2,1,2,4,4,0,0,2,0
12891,0,1,0,0,3,0,0,2,0,2,2,3,4,2,4,0,2,3
12892,1,2,3,1,0,1,0,0,0,2,0,1,2,0,2,1,0,3
12893,4,2,0,0,1,0,0,0,0,3,1,2,0,2,4,0,3,1
12894,0,2,0,0,1,0,0,1,1,1,3,3,0,1,4,0,2,0
12895,1,2,1,0,0,4,0,0,4,1,1,1,1,1,1,1,1,0
12896,0,4,0,0,3,0,0,0,0,4,3,1,0,1,1,0,1,0
12897,0,4,4,0,0,4,0,0,3,4,1,3,2,0,3,1,0,2
12898,0,4,0,0,3,1,0,0,0,2,2,3,0,0,0,0,1,0
12899,1,1,1,1,0,1,0,0,1,4,4,4,2,0,2,4,1,2
12900,0,0,0,0,2,0,0,0,0,3,3,3,0,0,0,0,3,0
12901,0,2,0,0,1,3,0,0,0,4,2,3,0,1,4,0,2,0
12902,0,3,0,0,3,0,0,3,4,2,4,3,0,2,1,0,2,0
12903,0,1,4,0,0,4,0,3,2,2,1,1,0,4,4,0,4,1
12904,0,3,0,0,2,1,0,4,0,2,4,3,0,2,1,0,3,0
12905,0,2,4,0,4,0,0,0,0,2,3,3,0,4,0,0,4,0
12906,0,2,0,0,0,4,0,1,3,3,0,3,3,0,3,4,0,0
12907,0,4,0,0,4,0,1,2,1,2,2,3,0,2,3,0,3,0
12908,1,1,1,0,0,1,0,0,3,1,0,2,1,0,3,1,0,0
12909,0,2,0,0,0,0,0,0,0,3,3,3,4,2,4,0,3,0
12910,0,3,0,0,0,0,0,4,0,2,2,3,0,3,0,0,4,0
12911,0,2,0,0,1,4,0,2,1,1,2,1,0,2,4,0,3,0
12912,2,1,4,0,0,4,0,0,1,1,1,1,3,4,2,4,4,4
12913,0,3,4,0,3,2,0,0,4,3,2,3,0,1,4,0,4,0
12914,0,4,2,0,0,1,0,4,2,4,4,4,3,1,3,0,4,0
12915,1,4,1,0,0,1,0,0,2,4,1,1,1,0,4,0,0,0
12916,0,1,0,0,3,0,0,2,4,2,3,2,0,2,0,0,3,0
12917,0,1,0,0,0,0,0,1,0,1,4,2,0,1,1,0,4,0
12918,0,4,1,0,1,1,0,4,3,1,4,1,4,4,1,3,4,0
12919,0,2,0,0,4,3,1,2,1,1,3,3,0,3,2,0,3,0
12920,0,4,0,0,4,0,0,0,0,4,1,4,1,3,1,0,0,0
12921,4,1,4,1,0,2,0,0,3,2,1,3,1,4,2,2,0,3
12922,1,1,1,1,0,1,0,0,0,4,4,3,3,4,2,4,4,4
12923,1,1,4,0,0,2,0,0,2,2,0,2,4,0,2,0,0,4
12924,0,1,0,0,0,1,0,1,0,4,3,3,0,4,4,0,4,0
12925,0,4,4,0,4,4,2,4,3,3,4,4,4,4,0,0,4,0
12926,0,1,1,0,1,0,1,2,3,3,3,3,1,3,2,0,3,1
12927,0,2,0,0,0,0,0,0,4,2,0,2,3,0,3,1,0,0
12928,0,1,2,0,0,1,0,0,0,2,1,1,4,1,4,0,2,0
12929,0,1,0,0,4,0,0,0,0,2,4,3,0,0,0,0,1,0
12930,0,1,1,0,0,1,0,2,3,2,1,1,0,4,0,0,3,0
12931,0,1,0,0,3,0,0,0,0,1,1,1,0,3,0,0,4,0
12932,4,1,2,1,0,0,0,0,0,1,3,3,1,4,2,4,4,3
12933,0,2,0,0,2,0,0,1,4,2,3,3,0,4,0,4,4,0
12934,0,1,0,3,0,4,0,0,1,2,1,2,4,0,0,0,1,1
12935,0,1,0,1,0,0,0,4,0,4,4,3,0,1,1,0,4,0
12936,0,3,1,0,3,0,0,3,4,2,2,2,0,3,4,0,2,0
12937,0,4,0,0,1,0,0,0,0,2,2,2,0,4,1,0,2,0
12938,0,3,0,0,3,4,0,1,0,2,3,3,0,4,4,0,1,0
12939,0,0,0,0,0,4,1,2,3,3,2,2,0,1,1,0,1,0
12940,0,4,4,1,0,1,0,0,3,2,3,2,4,4,1,4,4,0
12941,0,2,3,0,0,3,0,0,0,3,2,4,4,0,4,4,1,3
12942,0,3,4,0,3,0,0,0,0,3,1,2,0,1,1,0,4,0
12943,0,3,3,2,0,3,0,4,1,2,2,1,3,1,1,4,4,3
12944,4,2,0,0,0,4,0,1,4,1,3,4,1,1,4,4,1,0
12945,4,4,0,0,0,0,0,0,0,3,2,3,0,2,1,0,1,4
12946,0,3,4,0,0,1,0,4,4,2,1,3,1,0,4,2,1,4
12947,0,4,0,0,2,0,0,0,4,4,2,1,0,4,4,0,4,0
12948,1,2,4,0,0,2,0,2,0,4,4,3,1,2,3,2,2,4
12949,0,2,0,0,0,1,0,3,0,2,2,2,0,1,2,0,2,0
12950,0,0,0,0,1,1,0,1,0,2,2,4,0,4,1,0,4,0
12951,1,1,4,1,4,2,0,1,3,3,4,1,3,0,2,1,4,1
12952,0,4,0,0,4,0,0,4,0,2,3,3,3,2,2,0,3,0
12953,0,4,0,0,4,3,1,2,2,1,1,1,1,2,1,0,1,0
12954,0,4,1,0,4,2,0,0,3,1,2,2,2,4,1,1,3,0
12955,1,2,0,0,0,2,0,0,2,1,0,1,3,0,2,3,0,1
12956,0,1,0,0,0,4,0,0,4,4,1,1,4,1,1,0,0,0
12957,0,3,0,0,4,4,1,2,2,4,2,2,4,1,4,0,2,4
12958,1,1,3,4,0,2,0,0,0,4,1,1,4,1,2,3,0,2
12959,0,0,0,0,1,0,0,2,1,4,3,3,0,2,0,0,4,0
12960,0,4,4,0,0,4,0,0,0,2,3,3,1,4,1,0,3,1
12961,0,3,0,0,0,0,0,1,0,4,2,2,1,1,0,0,2,0
12962,3,3,3,0,0,1,0,0,0,4,4,4,2,3,3,2,3,4
12963,0,1,0,0,1,0,0,4,0,0,1,1,0,3,0,0,2,0
12964,2,1,3,3,0,3,0,0,3,3,0,3,2,4,3,4,0,4
12965,0,2,0,0,2,0,0,0,0,2,1,1,0,2,0,0,1,0
12966,4,4,1,4,3,2,4,4,3,4,3,2,1,1,2,2,2,2
12967,0,4,0,0,0,1,0,3,4,1,4,4,0,4,4,0,4,0
12968,0,2,4,0,2,0,4,0,0,4,2,4,4,4,4,0,1,0
12969,4,1,0,0,4,4,1,1,4,1,2,1,4,2,0,0,2,0
12970,4,2,4,0,0,3,0,0,2,3,0,2,3,0,4,4,0,4
12971,0,4,0,0,1,4,0,4,0,3,4,3,0,3,2,0,2,0
12972,0,4,4,4,0,4,0,0,0,3,1,2,4,0,4,4,0,0
12973,1,4,1,0,0,4,0,0,0,3,0,2,4,0,4,0,0,0
12974,0,3,4,0,3,0,0,4,4,3,3,3,0,4,0,0,4,2
12975,0,1,0,0,1,3,0,1,0,1,2,1,3,4,4,1,2,0
12976,0,2,1,0,1,0,1,3,2,2,2,2,0,2,0,0,1,0
12977,0,4,0,0,0,0,0,0,0,3,2,2,0,4,4,0,3,0
12978,0,1,4,0,1,2,0,2,0,4,2,2,1,2,1,0,2,0
12979,0,3,0,0,1,0,2,2,4,1,2,2,0,3,4,0,2,4
12980,0,1,1,0,4,4,0,0,1,1,2,2,0,1,2,4,1,1
12981,0,3,0,0,2,0,0,1,4,1,2,2,4,4,0,0,1,0
12982,4,3,4,0,0,4,0,0,0,2,1,1,1,0,4,0,1,0
12983,3,0,1,0,0,2,1,0,3,4,2,1,3,4,4,0,0,0
12984,0,2,0,0,4,0,1,3,4,4,2,1,0,4,0,0,2,0
12985,0,1,0,0,3,4,0,1,0,1,1,2,0,1,1,0,1,1
12986,0,4,0,0,0,4,0,1,0,4,4,1,0,3,0,0,3,3
12987,0,4,0,0,1,0,0,0,0,2,3,1,0,0,0,0,0,0
12988,3,2,1,1,0,3,0,0,0,4,1,1,3,1,1,1,0,0
12989,0,4,0,0,4,0,0,4,2,4,1,2,0,1,0,0,3,0
12990,0,2,2,1,1,2,0,0,2,4,1,1,3,0,1,2,0,4
12991,3,3,2,3,0,1,0,0,2,2,0,2,2,0,3,1,0,3
12992,0,4,0,0,3,0,0,0,4,3,2,2,0,4,2,0,4,0
12993,1,3,1,0,2,3,4,2,4,3,2,3,1,2,1,1,2,3
12994,4,1,3,0,0,3,4,3,3,3,2,4,1,4,4,0,1,4
12995,0,0,0,0,1,0,0,0,0,2,1,1,0,1,0,0,3,0
12996,0,1,2,0,4,0,0,0,0,4,2,2,4,2,3,4,4,0
12997,0,1,4,0,3,0,0,1,0,4,4,3,0,1,1,0,1,0
12998,0,1,0,0,3,0,0,1,0,3,2,2,0,4,0,0,1,0
12999,1,1,1,0,4,1,0,0,0,1,2,1,1,3,1,1,3,1
13000,0,3,0,0,1,1,0,0,0,3,4,2,1,3,2,0,4,1
13001,0,4,0,0,3,1,0,4,4,2,3,3,0,4,2,0,4,4
13002,0,4,0,0,2,0,0,0,0,4,3,2,0,4,1,0,3,0
13003,0,4,0,0,1,0,4,4,3,4,1,3,0,1,0,0,1,0
13004,0,4,3,0,0,1,4,3,4,3,3,3,0,3,1,0,3,4
13005,1,2,1,0,0,1,0,0,1,3,0,1,2,0,2,1,0,2
13006,0,1,1,0,3,4,3,1,2,3,2,3,0,2,3,0,2,1
13007,0,0,0,0,2,0,0,0,0,1,2,2,0,1,0,0,4,0
13008,0,2,0,0,1,0,2,3,3,1,3,3,0,4,1,0,2,0
13009,0,1,0,0,2,1,0,0,0,1,1,2,0,3,1,0,4,4
13010,1,3,3,1,0,2,0,0,0,1,0,2,4,0,2,1,0,0
13011,0,4,4,0,1,3,1,1,1,2,2,3,0,2,1,0,4,0
13012,0,4,0,0,1,0,0,4,3,2,2,2,4,3,1,0,1,0
13013,0,1,0,0,3,0,0,2,4,3,2,2,0,1,0,0,1,0
13014,4,2,1,1,0,1,0,0,0,2,0,3,2,0,4,0,0,4
13015,0,3,4,0,4,4,0,4,0,3,1,3,0,1,1,0,2,0
13016,0,2,0,0,1,2,0,1,1,1,2,2,0,4,1,0,2,1
13017,0,4,4,0,4,1,4,4,2,1,3,2,0,2,0,0,3,1
13018,0,3,3,0,3,1,0,4,4,4,3,4,0,1,1,0,4,4
13019,0,4,0,0,2,2,4,1,1,2,2,2,0,1,1,0,2,0
13020,0,3,0,0,0,4,0,1,0,2,1,3,0,4,4,0,1,1
13021,0,4,0,0,3,4,0,0,0,4,1,1,0,2,1,0,4,1
13022,0,2,0,0,2,0,0,0,0,3,2,3,0,1,0,0,2,0
13023,0,1,0,0,4,0,0,2,1,2,2,2,0,2,0,0,2,0
13024,0,1,0,0,0,4,0,1,1,1,3,3,0,3,1,0,2,0
13025,0,2,4,0,0,1,0,0,4,3,4,2,0,0,3,0,0,0
13026,0,3,2,0,0,1,0,0,1,4,0,1,1,0,3,1,0,0
13027,0,0,0,0,0,0,0,3,4,4,1,4,0,4,0,0,2,1
13028,0,1,0,0,1,0,0,0,0,4,1,1,0,3,0,0,3,0
13029,0,1,0,0,3,2,0,0,4,3,2,3,0,4,1,0,1,0
13030,0,3,0,0,3,0,0,0,0,3,3,3,0,2,0,0,3,0
13031,0,2,1,0,1,1,0,0,0,3,2,1,0,4,4,1,1,1
13032,0,4,4,0,0,0,0,0,0,1,0,3,3,0,3,0,0,1
13033,4,4,4,0,0,3,0,0,1,2,4,3,3,4,4,4,4,4
13034,0,3,1,0,0,2,0,0,0,3,0,4,3,0,1,3,4,3
13035,4,2,3,0,0,1,0,0,0,4,0,1,2,1,2,3,0,3
13036,4,1,4,4,0,0,0,0,0,1,1,4,0,0,4,4,0,0
13037,0,4,0,0,4,4,0,1,0,1,4,4,4,4,2,0,3,0
13038,0,3,0,0,4,4,0,0,0,1,2,3,0,3,1,0,3,0
13039,0,4,1,0,1,0,0,3,0,3,3,2,0,1,2,0,2,4
13040,0,2,0,0,2,3,0,0,1,3,4,4,0,2,1,0,3,0
13041,0,1,0,0,0,1,0,0,1,4,3,1,0,1,0,0,1,0
13042,0,4,0,0,3,0,0,3,2,1,2,2,0,4,4,0,4,1
13043,0,3,0,0,0,0,0,0,0,4,2,4,0,1,0,0,3,0
13044,0,2,1,0,1,0,1,3,4,2,3,3,0,3,4,0,1,0
13045,0,4,0,0,4,0,4,1,0,4,4,4,0,4,0,0,1,0
13046,0,4,0,0,0,0,0,0,0,3,2,3,0,2,0,0,2,0
13047,0,4,0,0,4,0,0,0,0,1,1,3,0,0,0,0,4,0
13048,0,1,0,0,2,0,0,3,1,3,2,4,0,4,4,0,4,0
13049,0,4,1,0,2,0,0,1,4,2,3,4,0,4,4,0,3,1
13050,0,1,1,0,1,4,0,1,1,2,3,2,0,2,4,0,3,2
13051,0,2,1,0,1,0,0,0,0,0,1,1,0,3,1,0,2,4
13052,0,1,0,0,1,2,0,1,0,1,3,2,1,3,1,0,2,2
13053,0,3,3,0,0,0,0,0,1,4,4,2,4,0,4,1,1,4
13054,0,4,0,0,0,4,0,0,0,0,1,1,0,3,1,0,0,0
13055,0,0,0,0,2,0,0,0,0,3,4,4,0,0,0,0,4,0
13056,1,4,0,0,0,0,0,0,1,2,1,2,4,1,4,0,4,2
13057,0,1,4,0,0,0,4,3,1,2,3,4,0,3,0,0,4,1
13058,0,1,0,0,0,1,0,1,4,2,4,2,1,0,2,0,0,1
13059,0,2,2,0,1,4,0,2,0,3,1,3,0,2,4,0,2,0
13060,0,2,1,0,2,0,0,0,0,4,3,2,0,2,1,0,1,0
13061,0,3,2,0,4,1,3,2,3,3,1,1,1,2,4,0,2,1
13062,0,0,0,0,4,1,0,0,0,3,2,3,0,1,4,0,1,0
13063,0,2,0,0,3,0,0,0,0,2,2,3,0,3,0,0,2,0
13064,4,1,3,2,0,2,0,0,0,3,0,2,4,0,2,2,0,2
13065,0,2,0,0,3,0,0,0,0,4,2,1,0,3,0,0,2,0
13066,0,4,1,4,0,1,0,4,1,2,3,1,4,4,1,0,4,0
13067,0,0,0,0,3,0,0,3,4,3,2,3,0,3,4,0,2,0
13068,1,2,3,3,0,4,0,0,2,3,3,3,3,4,2,1,4,2
13069,4,1,3,0,0,3,0,0,0,1,1,1,3,4,1,0,1,4
13070,0,1,4,4,0,2,0,0,0,2,0,3,2,0,1,0,0,0
13071,0,2,2,0,0,1,0,0,0,3,1,3,4,4,0,0,0,0
13072,1,1,0,4,0,0,0,0,0,4,0,3,4,0,4,0,0,0
13073,4,3,4,0,0,1,0,0,3,2,0,2,4,1,3,0,0,1
13074,0,4,4,0,4,2,3,1,4,2,1,2,0,4,1,0,3,0
13075,0,4,4,0,1,4,0,0,0,2,3,2,0,4,0,0,2,1
13076,0,3,0,0,0,0,0,3,0,1,2,2,0,3,0,0,2,0
13077,0,2,0,0,1,0,0,2,2,2,2,3,0,1,0,0,3,1
13078,4,4,1,2,0,2,0,0,4,3,1,2,2,4,4,2,4,2
13079,4,2,3,0,0,3,0,1,0,4,4,4,2,4,4,4,4,4
13080,1,2,3,4,0,4,0,0,4,3,4,3,4,0,3,4,4,2
13081,0,2,0,0,1,1,0,0,0,1,2,3,0,4,0,0,3,0
13082,0,0,0,0,0,1,0,0,0,2,1,1,0,1,0,0,1,0
13083,4,4,0,0,0,0,0,1,3,3,0,3,4,1,4,4,0,1
13084,0,2,1,0,1,1,0,0,0,3,2,1,0,1,4,0,0,0
13085,0,3,0,0,3,4,0,0,0,3,3,4,0,1,1,0,2,2
13086,0,3,0,0,3,1,0,0,1,2,2,3,0,4,1,4,2,0
13087,0,3,3,0,4,1,4,1,0,1,2,3,0,3,0,0,3,0
13088,1,2,1,0,0,1,0,0,4,2,0,2,3,0,4,0,0,0
13089,0,3,1,0,0,4,0,0,4,1,1,3,3,0,2,4,0,0
13090,0,3,3,0,2,2,0,0,1,3,3,2,3,1,4,4,2,3
13091,0,1,1,0,0,4,0,0,4,3,0,2,4,0,3,0,0,0
13092,0,1,0,0,3,2,0,1,1,2,4,3,0,3,1,0,1,4
13093,0,1,0,0,4,0,0,0,0,3,1,2,0,4,0,0,1,0
13094,0,2,4,0,4,4,4,3,2,3,4,3,0,4,2,0,3,1
13095,0,1,0,0,3,4,0,0,0,3,2,2,0,4,0,0,3,0
13096,0,4,1,0,1,0,0,3,3,1,2,2,0,3,1,0,1,0
13097,4,1,4,0,0,1,0,0,2,1,4,1,4,1,3,4,0,4
13098,0,3,0,0,1,0,0,4,1,4,4,4,0,1,0,0,2,0
13099,0,3,4,3,0,4,0,4,1,3,3,3,1,0,4,3,3,3
13100,0,3,4,0,1,2,0,0,1,3,3,2,2,0,1,0,1,0
13101,0,4,4,0,4,0,0,0,0,3,3,3,4,3,1,0,3,0
13102,0,1,4,0,0,4,0,0,2,3,2,1,4,1,2,1,1,1
13103,0,0,0,0,0,0,0,4,0,1,2,2,0,4,0,0,4,4
13104,0,1,0,0,4,0,0,1,0,3,3,4,0,3,0,0,3,4
13105,0,2,2,0,2,0,0,3,4,2,4,1,1,3,1,0,2,2
13106,0,2,0,0,4,0,0,0,0,2,3,3,0,1,0,0,3,0
13107,0,4,0,0,1,1,0,4,0,2,1,3,0,2,0,0,3,0
13108,0,0,0,0,1,0,0,0,0,2,2,2,0,0,0,0,0,0
13109,4,1,4,0,1,3,1,1,4,2,4,3,1,4,2,3,1,0
13110,0,3,3,0,2,0,0,1,3,2,3,4,4,0,3,4,4,0
13111,0,2,0,0,3,0,0,0,0,3,3,4,0,1,1,0,4,0
13112,4,1,2,2,0,1,0,0,0,1,0,1,1,0,2,4,0,4
13113,0,1,4,0,2,4,0,1,1,3,1,2,2,2,2,0,2,2
13114,0,2,1,0,0,3,0,0,3,2,4,3,2,0,1,2,4,1
13115,4,4,4,1,0,1,0,0,4,2,1,3,2,0,2,1,1,4
13116,0,0,0,0,1,0,0,0,0,4,1,1,0,1,1,0,1,0
13118,0,4,0,0,3,0,0,0,0,2,2,2,0,4,4,0,0,0
13119,0,0,0,0,3,0,0,0,0,3,1,1,0,0,0,0,3,0
13120,0,1,0,0,4,1,0,1,3,2,1,2,1,4,4,0,2,0
13121,0,2,0,0,1,0,0,0,0,4,2,3,0,2,0,0,3,0
13122,0,4,3,1,0,1,0,0,4,4,1,3,2,4,2,4,0,4
13123,0,1,0,0,1,0,0,2,4,3,3,4,0,3,4,0,1,0
13124,0,2,0,0,0,0,0,2,2,1,2,2,0,1,0,0,3,0
13125,4,3,2,0,3,3,0,0,1,4,4,3,4,2,3,4,4,1
13126,0,4,4,0,1,3,0,4,4,2,2,3,1,4,2,0,3,0
13127,1,2,0,3,0,1,0,0,1,1,0,2,3,0,1,1,0,1
13128,0,4,1,0,0,4,0,4,0,2,4,3,0,3,3,4,3,4
13129,4,3,2,0,0,0,0,0,0,4,0,2,1,0,1,4,0,1
13130,0,2,0,0,3,1,4,1,2,3,4,4,0,2,1,0,2,1
13131,0,4,1,0,0,0,0,3,1,1,3,2,1,2,0,0,2,4
13132,3,2,1,4,0,3,0,4,0,3,2,1,2,2,2,0,2,0
13133,4,3,2,4,0,0,0,0,3,1,0,4,3,0,4,4,0,3
13134,0,1,0,0,4,4,0,3,1,4,3,3,0,3,3,0,3,0
13135,4,1,2,2,0,3,0,0,2,4,0,3,0,0,2,3,0,2
13136,0,3,4,0,1,4,4,1,3,3,4,4,0,4,4,0,2,0
13137,0,0,4,0,0,3,2,1,4,1,1,1,0,2,0,0,2,0
13138,0,2,0,0,4,0,0,1,0,2,1,2,0,2,1,0,2,0
13139,3,2,0,0,4,0,3,2,4,1,2,2,1,2,2,3,4,0
13140,0,4,0,0,3,4,0,3,3,2,3,3,0,1,1,0,1,4
13141,0,4,4,0,1,0,0,1,0,2,3,4,0,2,3,0,3,3
13142,0,0,0,0,0,0,0,1,4,2,2,2,0,2,0,0,2,0
13144,0,1,0,0,0,1,0,1,0,4,3,3,0,4,0,0,4,0
13145,0,2,3,2,0,1,0,0,4,4,0,2,3,0,3,4,0,4
13146,3,1,3,1,0,2,0,0,1,4,0,2,1,0,3,0,0,1
13147,0,2,0,1,2,1,1,2,1,4,2,2,2,3,1,0,2,0
13148,0,2,0,0,4,0,0,0,0,2,3,3,0,3,1,1,2,0
13149,0,2,0,0,0,2,0,1,2,1,2,2,0,3,3,0,3,0
13150,0,1,0,0,4,0,0,0,4,4,1,3,1,1,4,0,2,0
13151,0,3,4,4,1,0,0,2,3,2,1,2,2,2,4,0,2,3
13152,4,4,2,0,4,1,0,0,0,1,1,1,3,4,2,1,0,2
13153,0,4,0,0,1,0,0,0,0,1,3,2,0,0,1,0,1,0
13154,0,0,0,0,0,0,0,4,0,1,3,3,0,4,0,0,4,0
13155,2,1,3,0,0,3,0,0,3,1,2,1,4,0,2,1,0,3
13156,3,2,3,1,4,3,2,1,3,3,3,3,1,1,4,4,1,4
13157,0,0,0,0,0,0,0,0,0,0,1,1,4,3,1,0,0,0
13158,0,1,0,0,0,1,0,0,1,2,4,4,4,4,4,0,3,3
13159,0,4,0,0,1,0,0,0,0,3,2,3,0,2,0,0,3,1
13160,0,0,3,0,0,1,0,0,1,3,1,1,0,2,2,0,4,0
13161,0,3,1,0,3,0,0,4,0,4,2,3,4,2,3,1,2,1
13162,0,1,0,0,1,1,0,0,0,1,1,2,0,2,4,0,2,0
13163,0,2,3,0,0,4,0,0,3,3,4,2,1,0,4,3,0,0
13164,0,2,0,0,1,0,0,0,1,3,2,1,0,2,0,0,3,0
13165,0,2,0,0,2,0,0,0,0,3,2,2,0,4,0,0,1,0
13166,0,3,0,0,1,0,0,0,0,2,4,2,0,1,0,0,4,0
13167,4,4,2,1,0,1,4,4,2,1,2,4,3,4,2,4,2,1
13168,0,4,0,0,1,1,0,4,0,3,3,2,0,4,0,0,1,0
13169,0,3,0,0,1,1,0,3,4,1,2,3,0,2,0,4,4,4
13170,0,4,1,1,0,3,0,0,4,4,1,1,3,0,2,1,0,0
13171,0,3,0,0,2,1,0,1,4,1,4,4,4,0,4,0,4,0
13172,4,4,1,0,4,4,3,2,3,1,4,1,1,2,4,1,2,1
13173,3,2,2,1,3,2,0,3,1,4,3,3,3,4,3,1,4,0
13174,0,3,0,0,1,0,0,0,0,2,3,2,0,4,0,0,1,0
13175,0,4,0,0,0,4,0,0,0,4,3,4,4,3,0,0,1,0
13176,0,2,0,0,4,1,0,2,2,2,3,4,4,3,2,0,2,1
13177,0,1,0,0,0,4,0,0,0,3,0,4,1,0,3,0,0,0
13178,0,4,0,0,4,0,0,4,0,4,1,4,0,4,4,0,4,0
13179,0,1,1,0,0,1,0,0,0,2,1,2,0,0,1,0,0,0
13180,0,3,1,0,2,0,0,0,4,2,3,3,4,2,0,0,3,4
13181,0,1,0,0,1,1,0,0,4,2,1,2,0,2,0,0,4,1
13182,0,1,0,0,0,0,0,0,0,4,4,4,0,0,0,0,0,0
13183,0,2,0,4,1,1,0,0,0,4,1,1,0,1,0,0,4,0
13184,0,0,0,0,3,0,0,0,0,3,4,4,0,2,0,0,3,0
13185,2,3,4,0,0,4,0,0,0,1,4,3,4,1,4,2,2,3
13186,0,3,0,0,4,0,0,4,0,1,3,3,0,2,0,0,0,0
13187,0,0,0,0,4,0,0,0,0,4,1,3,0,0,1,0,4,0
13188,0,3,1,0,0,3,0,0,0,2,1,1,3,3,1,0,1,1
13189,0,1,0,0,0,0,0,1,0,4,4,3,0,4,3,0,2,0
13190,0,1,0,0,1,0,0,4,0,2,1,2,4,1,4,0,4,0
13191,0,1,0,4,0,2,0,0,0,3,0,1,4,0,3,1,0,1
13192,0,0,0,0,0,0,0,0,0,1,3,3,0,4,0,0,1,0
13194,0,0,0,0,1,4,0,0,0,2,1,2,0,1,0,4,1,4
13195,0,4,1,0,4,0,0,0,0,2,2,4,0,4,1,0,4,0
13196,0,4,0,0,4,0,0,0,1,1,2,3,0,0,1,0,4,0
13197,0,1,0,0,1,0,0,1,0,4,1,4,4,2,4,0,4,3
13198,0,1,0,0,0,0,0,0,1,1,2,3,0,0,4,0,0,0
13199,3,1,1,0,4,2,0,0,1,1,3,4,0,3,2,0,0,0
13200,1,4,0,1,4,2,0,1,0,3,3,1,0,2,2,0,4,0
13201,4,4,0,0,2,3,0,0,0,2,2,2,4,3,4,2,3,0
13202,0,4,0,0,2,4,0,1,1,3,3,3,0,2,1,0,3,0
13203,1,1,3,0,0,1,0,0,4,3,1,1,3,4,1,3,1,0
13204,0,2,0,0,1,0,0,2,0,2,2,2,0,1,4,0,2,2
13205,0,1,4,0,2,0,0,0,1,4,3,3,0,1,4,4,1,0
13206,0,4,0,0,4,0,0,0,0,2,2,3,0,1,0,0,4,0
13207,0,4,0,0,4,0,0,2,0,1,2,3,0,4,4,0,4,0
13208,0,4,4,0,3,0,0,1,0,2,2,1,0,2,4,0,2,4
13209,1,2,4,0,3,1,1,2,2,3,2,2,4,2,2,1,2,4
13210,0,4,0,0,4,1,0,4,1,3,4,4,0,4,1,0,4,0
13211,4,1,3,1,0,3,0,0,1,3,0,2,2,0,4,2,0,1
13212,0,3,0,0,4,4,0,0,1,2,2,3,0,0,3,0,2,0
13213,0,1,4,1,1,4,0,1,0,1,1,2,1,0,0,0,1,0
13214,0,3,4,0,1,4,0,3,2,3,1,2,0,4,4,0,1,4
13215,0,4,0,0,1,0,0,0,0,4,2,2,0,3,2,0,1,4
13216,1,1,0,0,4,0,0,0,0,2,2,3,2,3,1,0,2,0
13217,0,3,4,0,2,2,1,1,1,1,1,2,0,3,1,0,3,4
13218,0,0,4,0,0,0,0,4,0,4,4,4,2,0,4,3,0,0
13219,0,1,1,0,4,3,0,4,0,4,2,2,0,4,2,0,2,4
13220,1,2,1,0,3,2,4,1,1,3,2,2,2,2,1,0,1,0
13221,0,3,0,0,0,2,0,4,4,3,3,3,0,4,4,0,4,4
13222,0,1,0,0,3,3,4,2,2,1,1,1,4,2,1,0,1,0
13223,0,0,0,0,3,1,0,0,1,0,3,2,0,0,4,0,2,0
13224,0,1,0,0,1,1,0,4,1,3,4,2,0,3,1,0,1,0
13225,0,4,4,0,1,4,4,4,4,3,2,2,4,3,0,0,2,0
13226,0,2,1,0,1,2,0,3,2,3,4,3,3,4,1,1,1,1
13227,0,2,4,0,0,0,0,4,0,3,3,3,0,3,3,0,3,0
13228,0,3,3,0,1,0,0,4,0,1,3,3,0,3,4,0,1,0
13229,0,2,3,0,1,1,1,4,0,2,4,3,0,2,1,1,1,0
13230,0,4,4,0,1,1,0,0,0,3,2,3,1,2,2,0,4,0
13231,0,4,0,0,0,2,0,0,4,2,0,1,2,0,4,0,0,0
13232,0,4,4,0,3,3,0,0,1,1,2,3,0,4,1,0,4,0
13233,0,4,0,2,2,1,0,0,0,1,1,1,1,0,2,4,4,4
13234,1,2,4,4,0,4,0,0,1,3,0,1,4,4,2,1,0,3
13235,0,3,1,0,1,4,0,4,3,2,3,4,0,3,2,0,4,0
13236,1,1,0,0,1,0,0,0,0,3,2,4,4,4,4,0,1,2
13237,0,4,0,0,4,0,0,0,0,1,3,4,0,4,0,0,0,0
13238,0,4,4,0,1,0,0,0,0,3,3,3,4,1,0,0,2,0
13239,0,4,2,0,2,3,0,1,0,3,1,2,0,2,3,0,2,0
13240,0,2,0,0,3,0,0,2,0,1,1,2,0,3,4,0,3,0
13241,0,3,0,0,4,0,1,1,2,3,1,3,0,2,3,0,4,0
13242,0,4,0,0,3,1,1,3,2,3,4,4,0,4,4,0,4,0
13243,0,0,0,0,4,1,0,0,0,3,1,1,0,1,4,0,1,1
13244,0,4,0,0,0,0,0,4,0,4,3,3,0,1,0,0,3,0
13245,1,1,1,0,4,1,0,0,0,1,1,1,4,2,1,0,1,0
13246,1,1,1,0,3,1,1,3,4,3,1,1,2,2,1,0,4,1
13247,0,4,0,0,4,0,0,0,0,4,4,4,4,4,0,0,3,0
13248,0,3,1,0,1,0,0,1,0,4,4,4,0,2,4,0,3,0
13249,0,4,1,0,3,4,1,4,4,3,1,3,0,3,4,0,2,0
13250,1,4,1,0,0,4,0,0,3,1,0,3,1,0,2,1,0,0
13251,3,1,1,1,0,1,0,1,1,1,1,2,1,4,1,4,1,1
13252,0,1,4,0,3,0,0,4,0,1,1,2,4,1,4,0,1,0
13253,0,4,0,0,0,0,0,0,0,3,3,3,0,3,4,0,4,0
13254,0,0,4,0,0,2,0,0,0,0,0,1,3,0,4,0,0,0
13255,0,2,0,0,0,0,0,1,1,2,3,3,0,1,4,0,3,0
13256,0,3,2,0,0,3,0,0,2,1,4,3,2,1,3,1,0,0
13257,0,4,0,0,4,0,4,2,3,4,1,3,0,1,0,0,3,0
13258,1,3,1,0,0,3,0,4,1,1,3,2,3,2,3,0,3,1
13259,0,2,0,0,3,4,0,2,1,2,3,3,0,3,1,0,3,4
13260,0,1,0,0,0,0,0,0,0,3,2,2,0,3,1,0,3,0
13261,0,1,4,0,3,1,0,2,2,2,4,2,1,3,1,1,2,0
13262,0,1,0,0,1,0,4,1,1,1,3,3,0,1,4,0,2,0
13263,0,1,0,0,4,0,0,0,0,1,2,2,0,0,0,0,1,0
13264,0,3,1,0,1,2,0,0,0,4,3,3,1,2,4,0,2,0
13265,0,1,1,0,0,0,0,0,0,0,2,1,0,2,1,0,0,0
13266,0,4,1,0,4,4,2,2,3,3,4,3,0,3,4,0,4,0
13267,0,0,1,0,1,0,0,1,1,1,1,1,4,0,0,0,1,0
13268,0,4,0,0,3,0,0,0,0,3,3,2,0,0,0,0,4,0
13269,0,4,0,0,1,0,0,1,0,4,1,2,0,1,0,0,1,0
13270,1,3,3,2,0,1,0,0,1,1,0,1,1,1,2,3,0,3
13271,3,3,3,4,0,2,0,0,3,2,1,4,3,0,3,4,0,4
13272,0,2,1,0,3,4,0,1,1,1,1,3,0,1,4,0,4,0
13273,0,4,1,0,0,0,0,2,1,1,2,2,4,2,2,0,1,1
13274,0,1,0,0,3,0,0,0,0,4,2,2,0,1,0,0,4,0
13275,0,3,0,0,4,0,0,0,0,4,4,4,0,1,0,0,0,0
13276,0,4,0,0,0,0,0,2,4,3,3,3,0,4,0,0,1,0
13277,0,0,0,0,4,1,0,1,4,3,3,3,0,4,4,0,2,0
13278,0,4,0,0,0,0,0,0,0,2,2,3,0,1,0,0,0,0
13279,0,1,4,0,4,4,0,4,4,3,2,2,0,3,1,0,3,0
13280,3,3,2,1,1,2,0,0,4,3,1,2,3,2,4,1,1,4
13281,1,1,3,0,3,3,0,0,3,3,3,4,4,2,4,0,2,1
13282,0,4,0,0,0,4,0,0,0,2,3,2,0,4,4,0,4,4
13283,0,4,0,0,1,0,0,1,0,3,4,3,3,3,2,0,3,4
13284,0,2,1,3,4,2,1,0,1,3,4,1,4,4,3,0,3,1
13285,0,1,0,0,1,1,0,0,0,2,2,2,0,0,1,0,0,0
13286,0,2,0,0,1,0,0,4,0,3,2,1,4,1,4,0,1,4
13287,4,4,0,0,1,4,0,4,0,3,4,4,1,2,1,4,2,3
13288,4,4,2,0,0,4,0,0,4,1,4,4,1,0,3,4,0,3
13289,1,1,3,0,4,4,0,4,0,3,3,3,1,2,3,0,2,0
13290,0,1,0,0,4,1,0,3,1,3,3,4,0,3,0,0,2,1
13291,4,2,4,4,0,2,0,0,1,4,4,4,4,0,3,3,0,2
13292,0,3,3,0,0,3,0,0,1,4,4,2,4,0,3,1,0,4
13293,0,4,0,0,1,1,0,4,0,3,3,3,3,4,4,0,3,0
13294,0,3,0,0,0,0,0,0,0,1,3,2,0,0,0,0,0,0
13295,0,1,0,0,3,1,0,0,0,3,2,2,1,4,1,0,4,0
13296,2,2,0,0,4,1,2,3,3,4,3,1,2,1,2,1,2,3
13297,0,2,0,0,0,0,0,0,0,4,3,2,0,4,0,0,4,0
13298,0,1,0,1,1,4,0,2,0,4,1,1,0,2,1,0,1,0
13299,0,4,0,0,1,0,0,0,4,3,3,2,0,1,0,0,2,0
13300,0,4,2,0,0,3,3,4,4,1,4,2,3,4,4,1,1,4
13301,4,3,2,4,0,0,0,0,4,1,2,3,2,0,1,1,1,1
13302,1,2,1,1,0,2,0,0,0,2,1,2,1,4,2,0,3,0
13303,4,1,4,3,0,1,0,0,2,4,3,4,1,0,4,0,0,4
13304,0,1,0,0,0,4,0,0,0,2,0,2,0,0,1,0,0,1
13305,4,3,1,0,4,0,2,2,1,2,3,2,0,4,4,4,2,4
13306,1,3,1,3,0,4,0,0,1,3,2,1,4,4,2,3,1,1
13307,0,4,0,0,0,0,0,3,0,4,3,3,0,3,4,0,3,3
13308,0,3,0,0,0,0,0,0,0,2,4,4,2,4,0,0,3,0
13310,4,2,4,1,0,2,0,0,4,1,4,3,4,4,1,0,4,4
13311,0,1,0,0,0,0,0,0,0,0,4,4,1,4,0,0,0,0
13312,4,4,4,0,4,4,0,0,2,4,3,2,4,4,2,3,3,2
13313,0,4,0,0,3,1,2,4,2,1,3,2,1,3,1,0,2,1
13314,4,1,2,4,0,4,0,0,0,1,1,2,3,0,1,3,0,4
13315,0,3,0,0,3,4,0,0,0,3,2,2,4,3,4,2,1,2
13316,0,0,4,0,0,0,0,0,4,3,3,4,0,1,0,4,3,0
13317,1,3,1,0,0,3,0,4,3,4,0,3,1,4,1,2,0,4
13318,4,2,0,0,4,0,1,3,4,3,4,2,1,4,1,0,3,0
13319,1,2,1,1,0,3,0,0,4,3,0,2,3,0,3,1,0,1
13320,0,3,0,0,1,0,0,0,4,4,1,1,0,1,4,0,1,0
13321,0,3,0,0,3,0,0,0,0,2,2,3,0,0,0,0,1,0
13322,0,3,0,0,0,0,0,4,0,2,3,3,0,3,2,0,1,4
13323,0,1,0,0,0,0,0,1,0,3,1,2,0,1,1,0,1,0
13324,0,2,0,0,1,4,0,2,0,1,1,2,0,1,0,0,3,0
13325,4,1,3,0,0,4,0,0,1,2,1,2,2,3,4,4,3,4
13326,0,4,0,0,0,0,0,1,0,2,3,2,0,3,0,0,2,1
13327,0,1,0,0,0,2,3,4,2,4,4,4,3,1,1,3,0,4
13328,0,3,3,0,1,4,3,2,1,4,4,1,4,4,3,4,2,4
13329,4,2,3,4,0,4,0,4,3,2,4,3,3,0,4,4,0,4
13330,4,3,4,0,3,0,0,0,0,2,3,2,4,0,0,4,1,0
13331,0,2,0,0,1,4,0,1,0,2,1,2,0,3,4,0,4,1
13332,0,4,4,0,0,0,0,2,0,1,3,2,4,2,4,0,2,0
13333,1,2,1,1,0,1,0,0,2,1,0,4,1,0,2,3,0,2
13334,0,2,1,0,0,4,0,0,1,4,4,4,2,0,1,0,0,0
13335,0,3,0,0,4,0,0,0,0,3,3,3,0,1,0,0,4,0
13336,0,3,1,0,4,4,3,2,3,2,1,2,0,2,3,0,2,0
13337,0,1,0,0,1,1,0,1,1,2,1,3,0,1,1,0,4,0
13338,0,0,0,0,4,0,4,0,0,0,4,4,0,0,1,0,0,0
13339,0,1,0,0,2,0,0,0,3,3,4,4,0,4,4,0,1,0
13340,0,2,0,0,1,1,4,1,4,1,2,2,0,2,0,0,3,0
13341,0,1,0,4,3,1,0,3,4,3,4,3,0,2,4,0,2,2
13342,2,2,4,1,0,2,3,1,4,3,1,3,1,1,2,1,1,1
13343,0,4,0,0,4,0,0,0,0,3,2,4,0,4,0,0,1,0
13345,0,1,4,0,4,2,1,3,2,1,4,2,2,1,2,4,2,4
13346,0,3,1,0,3,3,2,4,4,2,1,2,0,2,4,0,3,1
13347,0,2,4,0,3,1,0,2,4,4,1,1,1,1,3,0,2,4
13348,0,2,1,0,0,4,0,0,4,3,4,3,4,4,0,4,4,4
13350,4,3,4,0,0,2,0,3,2,3,3,3,2,3,4,1,3,4
13351,0,0,0,0,0,0,0,0,0,2,1,1,1,3,4,0,4,0
13352,1,3,4,0,4,2,0,3,3,2,3,2,1,1,1,0,3,0
13353,0,4,0,0,4,2,1,4,4,4,4,4,0,3,0,0,4,1
13354,0,2,4,0,0,1,0,0,0,1,0,1,1,0,4,1,0,1
13356,0,3,4,0,3,4,0,3,1,2,3,2,0,2,4,0,1,0
13357,0,4,0,0,1,4,0,4,0,1,4,3,0,4,0,0,3,0
13358,0,1,1,1,0,1,0,0,0,4,1,3,3,0,3,1,0,2
13359,0,1,0,0,2,0,3,3,3,1,1,2,0,3,0,0,2,0
13360,4,0,0,2,0,4,0,0,4,3,0,4,2,0,1,0,0,1
13361,0,3,1,0,4,1,2,2,3,3,4,3,4,4,1,0,2,0
13362,4,4,3,2,0,2,0,0,2,3,4,1,2,0,2,3,4,4
13363,0,1,0,0,1,0,0,0,0,1,1,2,4,1,0,0,2,0
13364,0,1,3,0,0,2,0,0,0,1,1,2,2,4,3,0,0,1
13365,0,3,1,2,0,1,0,0,0,4,0,4,1,0,3,4,0,4
13366,0,4,0,0,1,1,1,3,3,4,1,2,3,4,3,0,2,1
13367,0,2,1,1,0,1,0,0,0,2,0,2,3,0,2,0,0,1
13368,0,0,0,0,1,0,0,0,1,1,4,3,0,1,0,0,3,0
13369,0,4,1,0,4,0,1,2,3,2,1,2,0,2,4,0,2,0
13370,0,0,0,0,0,0,0,0,0,0,0,4,1,0,1,0,0,0
13371,0,3,0,0,0,0,0,0,0,4,3,4,0,4,1,0,3,0
13372,0,1,1,0,0,0,0,0,0,1,0,3,0,0,1,1,0,4
13373,0,3,0,0,4,0,1,1,1,0,2,3,0,3,0,0,3,0
13374,0,1,0,0,4,1,0,1,4,3,3,3,1,3,1,0,1,0
13375,3,3,3,0,2,1,0,0,4,1,3,3,2,3,4,2,1,2
13376,2,3,1,0,0,4,0,0,0,3,0,2,4,4,4,4,0,0
13377,0,3,0,0,0,1,0,0,0,2,1,1,2,0,2,0,0,0
13378,4,2,3,0,0,3,0,0,0,2,0,2,4,0,4,2,0,1
13379,0,4,0,0,0,0,0,0,0,4,4,4,0,4,0,4,4,1
13380,0,1,0,0,0,1,0,4,4,4,3,3,2,4,0,0,2,0
13381,0,3,4,0,4,0,0,0,4,2,2,3,0,4,0,0,3,0
13382,0,4,0,0,4,0,0,0,0,2,3,3,0,4,4,0,3,0
13383,0,3,1,0,1,2,0,0,2,1,4,3,0,1,4,0,3,0
13384,0,1,1,0,1,4,0,1,0,4,4,3,0,2,1,0,2,0
13385,0,3,0,0,1,0,0,0,0,2,3,2,0,1,0,0,4,0
13386,0,1,4,0,1,0,0,1,0,1,2,1,0,2,0,0,2,0
13387,0,0,0,0,3,1,0,0,0,0,3,2,0,0,1,0,0,0
13388,0,4,0,0,4,0,1,1,1,3,3,2,0,4,0,0,3,4
13389,4,3,0,0,0,0,0,0,0,2,0,4,2,0,3,4,0,2
13390,0,1,0,0,2,0,0,0,0,3,3,3,0,1,4,0,3,0
13391,0,2,3,0,4,1,0,0,4,3,4,3,4,0,4,0,4,0
13392,0,2,4,0,4,3,1,3,2,2,1,2,0,1,1,0,3,0
13393,1,2,3,4,0,3,3,1,3,2,1,1,3,2,1,0,0,4
13394,0,1,1,1,1,1,0,1,0,3,2,1,1,2,1,3,1,0
13395,0,0,0,0,2,0,1,1,1,2,2,1,0,0,0,0,1,0
13396,0,4,0,0,1,0,0,4,0,3,1,3,0,4,1,0,4,1
13397,4,2,0,1,0,3,1,0,1,3,0,1,2,1,3,4,0,0
13398,0,1,0,0,0,0,0,3,0,4,4,3,1,1,1,0,3,0
13399,0,1,0,0,3,0,0,0,0,2,2,3,0,4,0,0,3,0
13400,1,1,4,0,2,1,0,1,0,3,3,2,0,2,1,0,3,0
13401,0,3,4,0,4,4,0,4,4,3,1,2,0,3,4,0,3,0
13402,0,4,0,0,3,3,0,0,1,1,2,3,4,2,4,4,2,3
13403,4,1,4,4,0,2,0,0,3,4,1,2,2,2,2,1,1,4
13404,0,1,2,0,1,2,0,4,4,2,1,3,4,4,4,0,2,0
13405,0,1,1,0,4,4,4,2,2,4,2,2,0,1,1,0,2,0
13406,1,3,2,0,4,1,0,1,2,3,2,2,3,0,1,3,4,1
13407,0,0,0,0,3,0,0,0,0,2,3,2,0,3,0,0,2,0
13408,0,3,4,0,0,1,0,0,4,3,4,4,4,0,2,1,1,1
13409,0,0,0,0,0,4,0,1,1,3,1,1,0,2,1,0,1,0
13410,0,0,0,0,0,4,0,0,0,3,2,3,0,4,4,0,2,4
13411,0,4,0,0,4,0,0,4,2,3,2,3,0,4,0,0,1,0
13412,0,1,1,0,0,1,0,1,0,4,2,3,0,2,2,0,1,0
13413,0,4,1,0,2,3,0,2,1,3,3,3,0,2,2,0,1,0
13414,4,1,3,4,0,0,0,0,4,4,0,4,2,0,1,4,0,0
13415,0,4,1,0,1,2,0,2,4,1,4,3,0,4,3,0,3,1
13416,1,1,1,4,1,2,4,0,2,2,4,3,1,4,2,1,4,4
13417,0,3,4,0,4,0,0,2,0,2,2,1,0,2,4,0,1,4
13418,0,2,4,0,3,4,1,3,3,3,3,3,1,2,4,0,1,0
13419,0,0,4,0,0,0,0,0,0,4,4,1,0,0,0,0,0,0
13420,0,4,0,0,0,0,0,0,0,3,2,2,0,4,0,0,2,4
13421,4,4,2,4,1,1,0,0,4,1,1,1,3,0,3,0,1,0
13422,1,3,2,3,3,3,0,3,4,1,4,2,4,2,1,4,1,4
13423,0,0,0,0,3,0,0,0,0,2,3,2,0,3,0,0,4,0
13424,0,1,0,0,4,0,0,0,0,2,3,2,0,4,0,0,1,0
13425,0,2,4,0,0,2,0,0,2,1,0,2,4,0,2,1,0,0
13426,0,4,0,0,3,0,4,0,0,1,1,4,0,1,2,0,1,0
13427,1,3,4,3,0,2,0,0,0,4,0,1,4,0,2,4,0,0
13428,1,1,1,0,0,3,0,0,4,3,3,3,4,4,1,0,4,0
13429,1,3,2,1,3,4,3,4,2,4,4,2,4,2,1,1,3,4
13430,0,2,0,0,0,1,0,4,2,0,4,2,0,2,0,0,3,0
13431,0,4,0,0,4,0,0,4,0,2,4,4,0,1,0,0,3,0
13432,0,2,4,0,0,3,0,0,1,2,3,2,3,1,4,0,1,0
13433,4,2,2,0,4,3,0,0,3,4,2,3,3,4,2,4,1,4
13434,2,2,3,1,1,2,0,0,0,1,2,4,3,3,2,2,1,3
13435,4,1,4,1,0,3,0,0,3,2,1,4,1,4,4,2,3,4
13436,0,4,0,0,0,4,4,4,4,4,4,4,1,0,4,0,4,0
13437,0,1,1,0,1,1,0,0,0,4,3,2,0,2,1,0,1,1
13438,0,4,1,0,0,3,0,0,0,1,4,3,4,0,4,0,0,0
13439,0,3,0,0,3,0,0,4,0,3,3,3,0,2,4,0,4,0
13440,0,2,2,0,3,2,3,1,2,1,1,3,1,3,1,0,2,3
13441,0,2,4,0,1,0,0,0,0,1,1,1,0,1,4,0,1,0
13442,0,3,1,0,1,4,0,1,2,4,3,2,0,4,3,0,2,0
13443,0,4,1,0,4,4,0,1,3,3,4,4,3,3,4,0,2,0
13444,0,1,0,0,1,0,0,0,0,1,2,4,0,4,0,0,1,0
13445,4,4,1,2,0,3,0,3,3,4,1,3,1,2,3,3,2,3
13446,0,1,0,0,4,1,1,3,4,1,1,1,1,3,4,4,1,0
13447,0,4,1,0,4,4,0,2,1,2,3,1,0,3,4,0,3,3
13448,0,0,3,0,0,0,0,1,0,3,3,2,4,4,4,0,2,0
13449,0,1,0,0,3,0,0,0,0,4,2,3,0,4,4,0,3,1
13450,0,3,1,0,2,0,0,0,0,4,3,3,0,2,4,0,2,0
13451,0,3,0,0,4,0,0,0,0,1,3,3,0,0,0,0,1,0
13452,0,3,1,0,4,1,0,1,0,1,1,3,0,4,1,0,3,0
13453,0,2,0,0,3,4,0,4,4,2,3,3,0,1,0,0,1,0
13454,0,3,1,0,0,4,0,0,0,3,4,2,1,0,1,0,0,4
13455,2,1,4,4,0,3,0,0,0,3,0,2,4,0,2,1,0,1
13456,0,3,1,0,2,3,0,1,0,2,3,1,1,1,1,0,2,0
13457,0,4,4,0,0,1,0,0,1,3,3,3,0,3,3,0,2,0
13458,0,3,4,0,3,1,0,3,4,3,4,3,1,1,4,0,2,1
13459,4,2,0,0,0,4,0,0,0,1,0,2,1,4,1,2,0,0
13461,4,2,2,0,0,1,0,0,4,3,1,2,4,0,4,2,0,3
13462,0,2,2,0,1,4,0,0,0,1,2,3,1,1,2,3,0,1
13463,0,4,0,0,4,1,0,1,0,3,2,3,0,1,4,0,3,4
13464,1,4,0,0,0,0,0,0,0,1,0,3,0,0,3,0,0,0
13465,0,2,1,0,2,0,0,1,0,1,2,2,0,3,2,0,1,0
13466,0,1,0,0,3,0,0,0,2,2,2,3,0,2,1,0,4,0
13467,0,1,0,0,4,1,0,0,0,2,4,2,4,2,1,0,3,1
13468,0,1,4,0,2,1,0,3,0,2,1,2,0,1,1,0,2,0
13469,0,1,0,0,0,0,0,4,3,3,1,3,0,2,0,0,3,0
13470,0,0,0,0,4,0,0,0,0,1,2,3,0,4,4,0,1,0
13471,0,3,1,0,3,3,0,2,4,1,2,1,2,3,3,2,3,1
13472,0,2,0,0,1,0,0,0,0,3,3,4,0,0,0,0,4,0
13473,0,0,0,0,1,0,0,1,3,1,4,1,0,0,0,0,4,0
13474,0,1,0,0,0,0,0,3,0,3,4,3,0,1,3,0,2,4
13475,0,1,1,0,4,0,0,4,0,2,3,3,0,2,1,0,4,0
13476,0,4,0,0,1,0,0,2,0,4,3,3,0,2,1,0,1,1
13477,0,2,0,0,4,0,4,2,4,3,1,1,4,2,0,0,2,0
13478,0,3,0,0,1,0,4,4,1,1,2,2,0,2,1,0,2,0
13479,0,1,0,0,1,1,1,4,2,3,3,2,0,1,2,0,4,0
13480,4,4,2,1,4,2,0,4,0,4,3,4,2,2,2,0,4,4
13481,1,1,3,1,2,3,0,0,0,2,2,1,3,0,1,2,2,1
13482,0,1,0,0,0,0,0,0,0,3,4,4,0,3,0,0,4,1
13483,0,1,0,0,1,0,0,0,0,1,3,2,0,0,4,0,4,0
13484,0,1,0,0,2,0,0,0,0,2,3,3,0,4,0,0,1,0
13485,4,4,2,4,0,4,0,0,4,1,1,3,4,0,4,0,0,0
13487,0,1,0,0,0,4,0,1,1,2,3,3,0,2,4,0,4,0
13488,1,1,4,0,0,4,0,1,3,2,1,1,4,1,1,0,1,0
13489,0,4,0,0,0,0,0,0,4,2,4,1,1,1,4,0,0,0
13490,0,1,2,0,0,1,1,2,0,3,2,3,0,1,1,0,2,0
13491,0,3,4,0,2,1,0,1,1,2,2,2,0,3,0,0,2,2
13492,0,1,1,0,4,0,0,4,4,3,4,3,0,4,4,0,3,1
13493,0,3,2,0,0,0,0,0,2,0,0,4,0,0,3,0,0,0
13494,0,2,1,0,0,2,0,1,4,1,1,4,2,1,1,1,0,2
13495,0,0,0,0,0,0,0,1,4,1,4,2,0,4,0,0,4,0
13496,0,4,0,0,0,0,0,0,0,1,1,2,0,3,0,0,4,0
13497,0,4,1,0,4,1,0,3,1,3,4,3,0,3,1,1,1,1
13498,4,3,4,2,0,3,0,0,4,3,1,2,1,1,2,4,3,0
13499,0,3,0,0,2,0,0,0,0,3,2,2,0,2,0,0,3,0
13500,0,3,4,0,1,4,0,4,3,3,3,3,0,2,3,0,3,4
13501,0,4,4,0,3,4,4,0,1,3,2,3,0,4,4,0,1,4
13502,0,4,4,0,2,0,0,2,4,4,3,2,0,3,1,0,3,0
13503,0,3,0,0,0,0,0,0,0,1,0,2,0,0,0,0,0,0
13504,0,1,4,0,0,0,0,0,0,4,0,3,4,0,1,0,0,0
13505,0,1,0,0,0,4,2,4,4,1,2,3,4,2,2,1,2,0
13506,0,3,0,0,4,0,0,4,4,3,2,2,0,3,0,0,4,0
13507,0,4,0,0,2,0,0,0,4,2,0,4,0,3,4,0,1,0
13508,0,0,0,0,0,0,0,1,0,1,2,2,4,1,0,0,2,0
13509,0,1,4,0,0,4,0,0,0,3,0,2,3,0,1,1,0,0
13510,4,0,4,0,0,0,0,0,4,2,0,3,4,0,2,4,0,3
13511,0,4,0,0,0,0,0,0,0,3,4,2,0,4,0,0,1,0
13512,0,1,0,0,0,4,0,2,1,1,3,2,4,3,1,0,1,1
13513,0,4,1,0,0,2,0,4,0,2,4,4,2,3,1,2,4,1
13514,4,3,3,3,2,2,0,0,1,3,4,2,2,4,2,3,4,2
13515,2,2,1,4,1,3,4,0,2,1,1,2,1,2,1,4,2,4
13516,0,3,4,0,1,4,0,0,0,3,2,3,0,4,4,0,3,0
13517,0,1,0,0,1,0,4,0,1,4,2,2,0,4,0,0,2,0
13518,0,1,0,0,0,0,1,4,3,1,1,2,0,4,0,0,2,0
13519,1,1,1,4,0,3,4,4,2,4,4,2,3,4,1,4,0,0
13520,0,1,0,0,4,0,0,2,4,2,2,2,0,4,0,0,2,0
13521,4,4,0,0,3,0,0,0,4,4,3,4,4,0,4,0,0,0
13522,0,1,0,0,4,0,0,3,1,1,1,1,1,2,2,0,3,4
13523,0,3,1,0,3,1,0,0,0,2,3,4,0,4,2,0,3,0
13524,0,0,0,0,0,0,0,0,0,1,1,3,4,4,0,0,1,0
13525,0,3,4,0,0,1,0,0,0,3,2,2,0,3,4,0,4,0
13526,4,2,3,0,1,2,0,4,0,3,3,4,3,4,2,0,4,0
13527,0,0,0,0,4,0,0,0,0,4,2,2,0,4,0,0,3,0
13528,1,3,0,0,4,3,0,0,0,3,2,3,4,0,4,0,2,0
13529,0,0,0,0,0,4,0,0,0,0,4,3,0,4,4,0,1,0
13530,2,1,0,3,0,4,3,2,1,1,2,3,4,4,3,2,2,1
13531,0,4,2,0,3,4,0,4,0,4,4,4,0,4,4,0,2,4
13532,4,4,2,1,0,4,0,0,2,3,4,2,4,0,1,2,4,3
13533,0,1,4,1,0,3,0,4,2,2,4,3,3,4,2,0,0,0
13534,1,4,4,0,4,4,0,0,1,2,4,4,4,0,4,2,4,4
13535,0,2,0,0,3,0,0,0,0,1,1,2,0,2,0,0,1,0
13536,0,4,0,0,2,0,0,0,0,3,2,2,0,4,1,0,4,0
13537,0,4,0,0,4,0,0,3,2,2,4,4,4,2,3,0,3,0
13538,0,1,1,4,1,0,0,4,0,1,3,1,1,2,3,0,2,4
13539,0,2,1,0,4,3,1,2,4,4,3,3,4,3,4,0,1,0
13540,0,4,4,0,1,0,0,1,0,3,3,3,4,3,0,0,1,0
13541,2,4,4,0,0,4,0,0,0,3,1,4,2,1,3,3,0,1
13542,0,4,4,0,0,3,3,2,3,3,2,3,0,3,1,0,3,1
13543,0,3,2,0,3,3,2,2,3,3,4,2,0,1,2,0,1,0
13544,0,3,1,0,1,3,0,4,4,2,3,4,1,1,3,2,4,3
13545,0,2,0,0,1,3,1,3,2,3,4,2,4,0,1,3,2,2
13546,1,0,0,0,1,0,0,0,0,3,3,2,1,0,1,1,4,4
13547,0,0,0,0,0,0,0,0,0,3,1,1,0,1,1,0,1,0
13548,0,3,2,0,0,3,0,0,0,3,4,3,1,0,2,4,0,1
13549,0,3,0,0,4,0,0,2,0,4,3,2,0,2,0,0,4,0
13550,1,2,1,0,3,3,4,1,3,3,1,2,4,4,2,4,1,4
13551,0,1,3,0,0,1,0,0,4,2,4,4,4,0,4,0,0,0
13552,0,3,1,0,1,4,0,1,4,4,1,2,4,1,3,0,1,4
13553,1,4,2,1,0,3,0,0,4,4,1,1,3,3,4,1,0,4
13554,0,3,4,0,4,1,0,3,4,4,4,2,0,1,4,0,1,0
13555,1,2,1,0,0,1,1,0,4,4,3,1,1,3,2,1,1,2
13556,0,3,0,0,0,4,0,0,0,2,1,2,4,2,3,0,4,0
13557,0,3,0,0,4,0,0,3,4,3,4,4,4,4,4,0,3,0
13558,0,4,0,0,1,0,4,4,0,3,3,3,0,4,1,0,4,4
13559,0,3,4,0,2,3,0,4,4,2,4,2,4,1,3,1,2,2
13560,0,2,1,0,1,0,0,1,3,3,2,1,0,3,0,0,3,1
13561,0,4,4,0,1,0,0,4,1,1,3,3,0,4,1,0,4,0
13562,1,1,1,0,4,0,0,0,0,3,3,3,1,0,1,0,3,0
13563,0,3,1,0,4,0,0,0,0,3,2,3,0,4,1,0,1,0
13564,1,4,1,0,0,4,0,0,0,1,4,2,3,1,3,0,4,0
13565,0,4,4,0,4,0,0,0,0,3,1,2,0,3,4,0,3,0
13566,0,1,0,1,2,0,0,0,4,4,2,2,0,4,0,0,4,0
13567,1,2,0,0,2,0,0,0,0,3,4,3,0,4,0,0,2,0
13568,0,3,0,0,1,0,0,1,0,1,1,1,0,1,1,0,1,0
13569,0,3,0,0,2,1,0,0,0,2,2,3,1,4,1,0,3,0
13570,0,3,1,0,0,4,0,0,1,1,4,1,1,0,4,3,0,0
13571,0,1,0,0,0,0,0,2,4,4,3,2,0,3,0,0,1,0
13572,0,4,4,1,0,1,0,0,4,1,2,4,4,1,4,0,1,0
13573,1,3,0,0,0,4,0,0,1,1,1,2,4,1,4,3,2,4
13574,0,1,0,0,2,1,0,0,0,4,3,2,0,1,0,0,2,0
13575,0,4,3,0,2,1,0,0,4,1,2,4,0,3,2,0,2,0
13576,0,4,0,0,1,0,0,1,0,3,2,2,4,2,4,0,3,4
13577,0,0,0,0,0,0,0,0,1,1,3,4,4,4,2,0,4,0
13578,0,1,0,0,0,0,0,4,0,4,1,2,0,4,0,0,4,0
13579,1,1,1,4,1,3,0,0,3,2,1,1,3,1,4,1,1,4
13580,0,2,0,0,1,0,0,0,0,0,1,3,0,2,3,0,0,0
13581,0,3,0,0,1,4,0,0,0,1,2,3,0,1,4,0,4,1
13582,1,1,2,4,0,4,0,0,1,2,1,1,2,3,1,0,0,0
13583,4,4,4,0,0,2,0,0,4,1,1,1,3,3,4,3,1,3
13584,0,1,0,0,0,0,0,0,0,4,2,2,0,0,0,0,0,0
13585,2,2,1,3,4,0,0,4,2,2,4,2,1,0,3,0,4,3
13586,0,1,2,1,0,4,0,1,3,2,1,2,2,4,1,4,2,0
13587,0,2,0,0,1,4,1,3,1,4,3,2,0,2,1,0,2,0
13588,0,1,1,0,4,3,0,0,0,2,1,2,0,1,2,4,2,4
13589,0,1,0,1,0,0,0,0,0,4,3,2,0,0,1,0,1,0
13590,4,1,1,0,0,3,0,2,1,3,3,2,3,1,2,2,1,0
13591,0,3,2,0,0,1,0,0,0,2,0,3,3,0,2,0,0,4
13592,0,4,4,0,1,3,0,0,0,1,1,1,0,2,1,0,2,1
13593,0,1,1,0,3,1,0,4,0,3,3,3,3,3,2,0,4,4
13594,0,1,0,0,1,0,0,0,0,2,3,4,0,4,0,0,4,0
13595,0,2,0,0,1,0,0,1,2,4,1,3,0,2,4,0,1,1
13596,0,1,4,4,2,4,1,2,1,4,4,1,0,3,3,0,1,0
13597,0,4,1,0,0,1,0,0,4,3,0,4,3,0,2,3,0,4
13598,3,1,1,4,0,3,0,0,0,1,4,1,3,4,1,2,1,2
13599,0,2,0,0,4,0,0,0,0,1,3,3,0,0,0,0,3,0
13600,4,4,3,0,0,1,0,0,4,1,1,2,4,0,2,3,0,0
13601,0,4,0,0,4,0,0,0,0,2,2,3,0,0,0,0,1,0
13602,4,0,1,0,0,1,0,4,2,1,4,4,2,0,4,4,4,4
13603,0,3,4,0,2,1,0,1,2,4,3,3,0,2,1,0,4,4
13604,0,2,1,2,0,4,0,0,4,2,0,3,4,0,1,0,0,0
13605,0,3,1,0,4,1,0,0,0,4,3,3,0,3,4,0,1,0
13606,4,1,4,0,0,4,0,4,3,3,4,4,4,4,4,4,4,2
13607,0,0,4,0,1,1,0,4,1,2,2,2,0,4,4,0,1,0
13608,0,1,4,0,1,1,0,0,1,4,1,2,0,3,4,0,2,0
13609,0,1,0,0,4,0,4,4,0,2,4,4,0,4,4,0,2,0
13610,0,1,0,0,0,0,0,1,0,2,3,2,0,2,4,0,3,0
13611,4,2,2,0,0,0,0,0,0,2,0,4,0,0,4,0,0,4
13612,0,1,0,0,4,3,0,0,2,2,4,3,3,4,2,0,0,1
13613,4,4,1,2,0,1,0,0,1,4,1,4,2,0,4,4,0,0
13614,0,4,0,0,0,1,4,1,1,3,3,2,4,3,0,0,3,0
13615,0,4,4,0,1,2,4,4,3,1,4,4,1,4,1,0,4,0
13616,0,1,0,0,3,3,0,4,2,2,1,1,0,4,0,0,3,0
13618,0,1,0,0,2,0,0,1,4,2,3,3,0,3,4,0,2,4
13619,0,3,0,0,1,1,1,3,4,1,1,1,0,4,1,0,1,0
13620,0,3,1,1,0,0,0,0,0,1,1,1,4,1,1,1,0,2
13621,2,2,1,4,0,1,0,0,0,4,0,3,2,0,1,4,0,1
13622,0,3,0,0,3,0,4,0,4,4,3,2,0,0,4,0,4,0
13624,0,3,1,0,4,0,0,0,1,2,1,3,1,0,1,0,1,0
13625,0,4,0,0,4,0,1,4,4,3,3,3,0,4,0,0,2,0
13626,1,3,2,3,0,2,0,0,1,4,4,3,3,0,1,0,0,0
13627,1,1,0,0,0,1,0,0,0,2,3,2,3,1,4,0,3,1
13628,0,4,0,0,2,0,0,0,0,3,3,2,1,3,4,0,2,1
13629,0,3,0,0,1,0,0,0,0,2,3,2,0,2,1,0,3,0
13630,0,1,0,0,0,0,0,0,0,2,1,2,0,1,0,0,2,0
13631,0,4,0,0,4,0,0,0,0,1,3,3,0,1,0,0,4,0
13632,0,4,0,0,1,2,0,1,1,2,2,1,1,2,1,0,1,0
13633,1,2,1,3,4,3,4,2,1,2,3,1,4,2,1,2,1,2
13634,0,1,4,0,0,4,4,1,2,1,4,1,0,1,4,4,0,0
13635,0,0,0,0,0,1,0,0,0,1,1,1,1,1,1,0,0,0
13636,0,3,0,0,3,0,4,0,4,2,3,2,0,0,0,0,1,0
13637,1,1,0,0,4,0,0,3,1,3,2,2,0,2,4,0,2,1
13638,0,1,0,0,0,1,0,0,0,2,3,2,0,1,1,0,2,0
13639,0,2,1,0,4,1,0,0,0,3,1,2,0,3,1,0,3,0
13640,0,1,0,0,0,0,0,2,1,3,4,4,0,4,4,0,3,0
13641,0,2,1,0,2,1,0,0,0,2,2,4,0,4,3,0,3,0
13642,0,1,1,0,1,3,1,1,4,3,3,1,0,1,1,0,1,0
13644,0,0,0,0,0,0,0,4,0,4,4,4,0,4,0,0,4,0
13645,0,2,0,0,4,0,0,1,1,3,3,2,0,1,0,0,1,0
13646,4,4,0,0,0,2,0,4,4,2,4,3,0,2,1,4,4,0
13647,0,3,2,1,0,3,0,0,0,2,3,4,1,0,1,3,0,3
13648,0,1,2,1,0,3,0,0,3,4,4,1,3,1,2,1,0,4
13649,3,4,4,2,0,1,0,0,1,2,0,1,1,1,4,3,0,2
13650,4,1,2,1,4,4,0,4,0,3,4,1,1,4,3,0,4,1
13651,4,1,3,0,4,1,0,0,0,2,3,3,3,0,2,2,2,3
13652,0,1,4,0,4,0,0,1,3,1,2,2,3,2,1,0,3,0
13653,0,1,0,0,3,0,0,0,0,4,2,3,0,3,1,0,2,4
13654,4,2,2,0,3,3,0,4,4,4,4,4,1,4,4,3,4,3
13655,1,3,4,0,0,4,0,0,4,4,1,3,3,0,1,0,0,0
13656,0,2,0,1,0,2,0,0,0,1,4,4,3,0,4,0,0,0
13657,1,2,0,0,0,0,0,0,4,4,3,2,0,1,1,0,3,0
13658,3,1,3,1,2,2,0,4,0,1,4,1,4,2,2,3,4,4
13659,0,3,0,0,3,4,1,3,1,2,2,2,0,2,1,0,2,0
13660,0,2,0,0,3,1,0,2,1,2,1,1,0,3,4,0,2,0
13661,0,4,0,0,4,0,0,0,0,1,2,2,1,1,0,0,3,0
13662,1,1,2,3,4,2,0,0,0,4,4,2,1,0,1,4,4,4
13663,0,4,0,0,4,1,0,0,0,3,3,3,0,0,4,0,4,0
13664,3,4,2,1,0,2,0,0,0,4,1,3,3,0,2,1,0,0
13665,0,1,0,0,3,1,4,2,2,2,2,3,1,3,1,0,2,1
13666,0,0,0,0,4,0,0,0,0,4,3,4,0,1,0,0,4,4
13667,0,3,0,0,1,0,0,0,0,1,2,2,0,1,0,0,1,0
13668,4,2,2,0,2,0,4,3,1,2,2,2,0,1,0,0,1,0
13669,3,1,2,0,0,4,0,4,0,4,4,2,0,1,1,3,0,4
13670,0,4,0,0,4,2,0,4,4,3,3,2,0,1,4,0,1,4
13671,0,1,0,0,3,3,4,2,3,1,2,2,0,1,2,0,3,4
13672,0,3,0,0,0,1,0,2,2,1,2,1,1,1,1,0,2,1
13673,0,1,0,0,0,1,1,2,1,2,4,3,0,4,0,0,3,0
13674,0,3,0,0,4,3,0,3,0,4,2,1,0,3,0,0,2,2
13675,0,1,1,0,4,0,0,0,4,4,2,3,0,1,0,0,3,0
13676,0,0,0,0,3,0,4,0,1,4,2,3,0,2,4,0,3,2
13677,0,1,1,0,0,1,0,0,0,2,0,1,1,0,1,1,0,1
13678,0,1,0,0,1,0,0,0,0,2,2,2,1,4,1,0,1,0
13679,4,2,4,0,0,2,2,4,2,3,2,1,1,4,4,4,1,2
13680,0,1,0,0,1,1,0,4,4,0,3,2,0,4,4,0,1,4
13681,0,4,4,0,2,0,4,2,0,4,3,3,0,3,4,0,4,1
13682,0,1,0,0,1,1,0,0,1,2,4,2,0,1,1,0,1,0
13683,0,1,4,0,3,3,0,4,4,2,2,2,0,3,3,0,1,0
13684,0,3,1,0,1,1,0,0,0,2,4,2,0,1,1,0,4,0
13685,0,2,0,0,3,0,0,0,0,4,3,2,0,1,0,0,3,0
13686,2,3,2,0,4,4,0,1,1,1,1,2,2,4,3,0,2,0
13687,0,4,4,0,2,4,0,1,1,4,3,3,4,4,1,0,2,0
13688,3,2,4,0,0,2,3,4,3,3,4,3,2,4,3,4,0,0
13689,0,1,2,0,0,0,0,1,1,1,1,3,2,2,2,1,2,0
13690,1,2,1,0,1,1,0,0,0,2,1,2,3,0,1,3,1,4
13691,0,4,0,0,4,0,0,1,0,2,3,3,0,3,1,0,3,1
13692,0,1,4,4,0,0,0,0,1,4,4,4,4,0,4,0,0,0
13693,0,3,0,0,3,1,0,0,0,3,4,3,0,4,0,0,0,0
13694,1,4,2,0,0,1,0,3,1,1,1,3,1,3,1,1,1,1
13695,0,4,0,0,4,0,0,0,0,0,3,3,0,3,3,0,0,0
13696,2,2,2,0,0,0,3,3,3,1,1,2,2,3,2,0,2,1
13697,0,4,3,0,3,2,0,3,4,2,2,2,4,2,1,0,4,4
13698,4,3,3,2,1,4,0,0,0,3,1,1,2,0,3,3,4,0
13699,0,3,3,1,0,4,0,1,2,2,4,1,1,0,3,1,0,4
13700,0,1,0,0,1,1,0,1,0,3,1,2,0,1,1,0,1,0
13701,4,1,0,0,0,0,0,4,0,2,2,2,0,0,0,0,3,0
13702,0,1,0,0,1,0,3,2,4,1,4,2,4,3,4,0,2,0
13704,0,4,0,0,2,2,0,1,0,3,3,2,1,1,4,0,2,0
13705,0,2,0,0,1,0,0,0,0,4,4,4,0,3,0,0,4,4
13706,0,3,0,0,0,1,0,1,1,1,4,3,1,1,1,0,4,0
13707,3,4,1,3,0,3,4,0,2,2,4,3,4,1,2,2,0,4
13708,0,2,0,0,1,0,0,4,0,2,2,3,0,3,3,0,4,0
13709,0,0,0,0,4,0,0,0,0,3,4,4,0,0,0,0,3,0
13710,2,3,1,2,0,2,0,4,0,3,4,2,1,1,2,2,0,1
13711,0,2,4,0,0,1,0,0,2,2,4,3,4,0,3,4,4,2
13712,0,4,0,0,1,0,0,0,0,4,4,4,0,1,1,0,4,0
13713,0,2,1,0,0,0,0,0,4,3,0,1,2,0,1,2,0,2
13714,0,4,0,0,0,1,0,2,1,4,4,3,1,3,1,0,3,1
13715,0,0,4,0,4,0,0,1,0,4,3,3,4,3,4,0,3,0
13716,2,2,1,4,0,4,0,0,1,1,0,1,3,1,4,4,0,3
13717,0,0,0,0,4,0,0,0,0,3,4,2,0,2,4,0,4,4
13718,0,2,0,0,2,1,1,3,1,2,2,2,0,3,0,0,3,0
13720,0,2,0,0,0,0,0,0,0,2,2,1,0,1,0,0,3,0
13721,1,1,1,0,3,0,0,1,2,3,3,4,1,3,2,0,2,0
13722,0,3,0,0,3,0,0,0,0,4,2,3,0,1,0,0,4,0
13723,2,3,2,2,0,3,0,0,0,2,1,3,2,0,3,1,0,2
13724,4,1,1,1,0,1,1,0,4,3,1,4,1,4,3,4,2,3
13725,0,4,4,0,4,1,0,0,4,2,1,2,0,0,1,1,1,1
13726,1,4,0,1,0,1,0,1,2,1,1,1,1,1,1,1,1,1
13727,4,4,0,0,3,0,2,3,4,1,4,3,1,3,1,0,3,0
13728,1,4,4,0,0,0,0,0,0,2,1,3,4,4,1,4,0,4
13729,0,0,0,0,4,0,0,0,0,2,3,3,0,4,0,0,1,0
13731,1,3,1,0,1,2,0,1,2,3,4,3,4,3,3,4,2,1
13732,0,4,0,0,1,0,0,0,0,3,1,2,4,2,4,0,3,4
13733,0,4,0,0,1,4,0,0,0,4,3,3,0,4,2,0,1,0
13734,1,3,1,1,3,1,4,4,1,2,2,3,1,4,1,0,1,0
13736,4,4,1,0,0,4,0,0,0,4,3,4,0,2,4,0,0,0
13737,4,3,3,0,0,0,0,1,0,3,1,4,3,0,4,3,1,4
13738,1,3,1,1,0,4,0,0,0,1,1,1,4,0,1,4,1,1
13739,0,2,3,0,4,3,0,0,1,3,4,2,1,4,2,3,1,2
13740,4,3,3,0,0,3,3,0,3,2,1,3,2,1,1,2,1,2
13741,0,0,0,0,0,0,3,3,3,4,2,3,0,3,0,0,2,0
13742,0,1,2,0,4,1,0,0,0,1,1,4,0,3,4,0,1,4
13743,1,3,3,1,0,1,0,0,1,4,4,1,2,4,4,4,4,4
13744,4,1,3,0,0,2,0,0,4,1,0,4,2,0,1,0,0,0
13745,0,3,0,0,3,4,0,0,0,1,3,2,0,3,4,0,3,1
13746,0,2,0,0,3,0,0,0,0,3,3,4,0,1,0,0,1,0
13747,1,4,0,0,0,4,0,0,4,1,0,3,4,0,4,4,0,3
13748,4,2,0,0,0,4,4,3,4,2,2,3,0,4,4,4,2,0
13749,0,3,1,0,2,2,0,1,1,1,2,1,0,2,4,0,4,2
13750,0,1,4,0,4,3,0,0,0,3,3,2,4,0,4,0,1,0
13751,0,2,1,0,3,1,1,2,1,3,1,1,0,3,2,0,1,1
13752,0,4,4,0,3,0,0,0,0,3,2,2,0,4,1,0,4,0
13753,1,0,4,0,4,1,1,4,3,4,4,4,1,4,4,0,0,4
13754,0,4,0,0,0,0,4,3,4,2,3,3,0,4,1,0,3,0
13755,0,4,0,0,1,4,0,0,0,4,4,4,0,3,3,0,4,0
13756,0,3,0,0,2,4,0,4,0,2,3,2,0,2,1,0,3,0
13757,0,3,1,0,2,4,0,4,4,2,3,1,0,3,1,0,1,0
13758,0,0,0,0,0,0,0,0,0,0,1,1,0,2,3,0,0,0
13759,0,4,0,0,1,4,0,4,0,4,1,3,4,4,0,0,4,4
13760,0,1,0,0,0,0,0,0,0,3,4,3,0,1,1,0,0,0
13761,0,4,0,0,4,0,0,0,0,2,4,4,0,0,0,0,0,0
13762,0,1,0,1,0,1,0,0,1,1,1,1,1,1,1,0,1,0
13763,1,1,4,0,0,4,0,4,2,4,4,4,3,4,1,3,4,3
13764,0,1,0,0,4,3,0,3,1,3,2,2,0,2,4,0,2,1
13765,0,2,3,0,0,4,0,0,1,2,4,1,1,0,4,0,0,1
13766,0,4,2,0,0,0,0,0,0,4,0,2,3,0,0,0,0,0
13767,0,1,0,0,3,0,0,0,0,3,1,2,4,1,1,0,4,2
13768,0,4,0,0,4,0,0,4,0,1,2,2,4,2,0,0,3,0
13770,0,4,4,0,4,1,0,1,1,2,4,3,0,4,4,0,4,1
13771,0,4,1,2,0,1,4,4,1,3,4,4,1,0,2,2,0,4
13772,0,0,0,0,4,0,0,0,0,4,3,1,0,3,1,0,4,0
13773,3,3,4,0,0,3,0,0,0,3,1,3,4,1,4,3,4,1
13774,3,4,1,0,0,4,4,0,4,1,0,1,1,0,2,0,0,0
13775,0,1,0,0,3,1,0,1,0,2,2,2,0,1,2,0,2,0
13776,2,1,0,0,0,1,0,0,1,4,4,4,1,4,4,0,0,0
13777,1,2,1,0,1,4,0,3,3,1,1,1,3,2,2,2,4,1
13778,0,0,0,0,1,1,1,3,1,3,2,2,0,1,0,0,1,1
13779,0,3,4,0,4,4,2,4,4,2,2,3,2,1,2,0,2,0
13780,0,0,0,0,0,0,0,0,0,4,1,3,0,4,4,0,0,0
13781,0,0,0,0,0,0,0,0,0,2,1,1,1,3,3,0,0,0
13782,0,1,0,0,1,3,4,3,4,1,4,3,0,3,0,0,4,0
13783,0,1,0,0,1,0,0,0,0,0,4,1,0,3,3,0,4,0
13784,1,2,1,0,0,2,0,0,4,3,2,2,3,0,4,4,1,1
13785,0,2,4,4,0,1,0,0,0,2,0,4,3,0,2,1,0,1
13786,0,1,0,0,0,0,0,3,0,4,2,3,4,1,1,0,2,4
13787,0,3,3,0,4,4,1,3,3,3,4,4,0,4,4,0,3,0
13788,0,4,4,0,0,0,0,4,4,2,1,1,0,4,4,0,1,1
13789,0,4,0,0,1,4,0,1,3,1,2,1,4,4,1,0,1,4
13790,0,1,0,0,0,0,0,0,0,4,4,3,0,3,0,0,4,0
13791,0,2,0,0,3,0,0,0,0,1,2,3,0,1,0,0,2,0
13793,0,1,0,4,1,1,4,3,3,3,4,3,0,4,1,0,2,4
13794,0,2,3,0,0,4,4,2,3,3,3,3,1,1,2,1,4,4
13795,0,2,0,0,1,1,0,0,0,2,2,2,0,4,0,0,0,0
13796,0,2,0,0,1,0,0,3,0,3,1,2,0,3,1,0,1,1
13797,4,4,1,0,0,1,0,0,0,1,1,1,1,0,2,1,4,4
13798,0,1,0,0,0,4,0,4,0,1,2,2,0,1,1,0,1,1
13799,0,1,0,0,2,0,0,0,0,3,2,3,0,2,0,0,3,0
13800,0,2,0,0,1,0,0,2,1,2,1,1,0,1,4,0,1,0
13801,0,2,0,0,4,0,0,0,0,4,3,3,0,1,0,0,4,0
13803,0,0,0,0,3,0,0,4,0,4,3,3,0,4,0,0,4,0
13804,0,4,1,0,4,1,0,4,1,2,1,2,0,1,4,0,1,1
13805,0,0,0,0,0,0,0,0,0,0,0,4,4,0,0,0,0,0
13806,0,3,0,0,0,0,0,1,1,4,3,3,0,4,0,0,3,0
13807,0,0,4,0,4,0,0,0,0,4,3,4,0,1,4,4,4,0
13808,0,4,0,0,2,0,0,1,0,4,3,2,0,4,0,0,4,1
13809,0,1,0,0,1,0,0,3,3,3,1,3,1,3,2,0,2,0
13810,0,0,3,0,0,1,0,1,0,1,1,1,0,1,2,0,1,0
13811,0,2,0,0,4,0,1,4,3,2,4,1,0,1,0,0,1,0
13812,0,1,0,0,4,0,0,1,0,4,1,2,0,4,3,0,2,0
13813,1,4,0,0,0,0,0,0,0,4,0,2,0,0,1,0,0,0
13814,0,1,0,0,4,3,3,4,2,2,4,3,0,2,2,0,4,4
13815,0,2,0,0,4,0,0,1,1,2,1,3,0,2,4,4,3,4
13816,0,0,0,0,2,0,0,0,4,1,4,3,0,4,1,0,4,0
13817,0,1,1,0,3,0,0,0,0,4,3,4,0,3,4,0,2,0
13818,0,4,0,0,0,0,0,0,0,3,3,4,0,4,0,0,1,0
13819,0,1,4,0,0,4,0,0,1,2,0,1,1,0,3,1,0,0
13820,0,3,3,0,1,3,0,4,0,3,1,2,0,2,0,0,1,1
13821,0,4,3,0,4,4,0,3,1,2,2,2,4,4,1,0,3,3
13822,1,2,4,4,0,2,0,0,1,3,4,3,2,0,3,4,0,4
13823,0,1,0,0,3,0,0,1,4,1,1,2,4,2,1,0,3,0
13825,0,1,4,1,0,3,0,1,2,4,3,3,4,0,0,1,2,1
13826,3,3,3,0,1,2,0,3,4,3,3,3,4,1,4,3,3,3
13827,0,4,4,2,0,1,3,1,4,2,1,2,3,3,4,2,1,1
13828,0,1,2,0,1,4,0,1,4,3,3,2,0,2,3,0,1,0
13829,0,3,4,0,0,0,0,0,4,4,2,2,0,4,0,0,2,0
13830,0,3,0,0,0,0,0,1,0,4,3,2,0,1,0,0,4,0
13831,0,2,1,0,4,0,0,1,0,2,1,1,0,2,2,0,1,1
13832,0,3,1,0,0,0,0,1,0,3,2,3,1,3,0,0,4,4
13833,0,4,4,0,0,4,0,4,4,3,2,1,2,3,3,0,3,0
13834,0,1,4,1,3,2,0,1,0,3,3,2,4,1,1,0,3,0
13835,1,1,1,4,0,2,2,4,2,3,4,3,3,4,2,2,1,0
13836,0,3,2,0,0,3,0,0,0,3,1,1,0,4,3,0,0,0
13837,4,1,1,0,0,1,0,0,4,4,4,1,0,4,3,2,4,4
13838,2,4,4,4,0,2,0,0,0,4,0,3,1,0,4,4,0,4
13839,0,4,0,0,0,1,0,0,0,3,2,3,0,1,0,0,4,0
13840,0,2,0,0,4,0,0,0,0,4,4,3,0,1,1,0,4,0
13841,0,4,0,0,4,3,0,1,0,2,3,2,4,2,4,0,2,0
13842,0,2,0,0,1,4,0,0,0,2,2,3,0,4,0,0,3,0
13843,0,4,1,0,0,0,0,0,4,3,4,2,3,4,4,4,0,0
13844,0,2,3,0,0,4,0,1,0,3,4,3,3,1,4,4,1,1
13845,0,4,0,0,4,0,0,0,0,4,1,4,0,4,4,0,4,0
13846,0,3,1,0,0,4,0,0,0,3,4,4,1,0,3,4,0,0
13847,0,4,1,0,0,1,0,0,3,4,0,1,1,0,1,2,0,1
13848,0,1,4,0,2,1,4,2,4,2,4,3,0,3,0,0,4,0
13849,0,3,1,1,4,1,0,0,0,4,4,4,2,4,2,4,2,0
13850,0,4,0,0,2,0,0,0,0,2,3,4,0,4,0,0,3,0
13851,0,0,0,0,0,0,0,0,0,4,3,3,0,0,0,0,2,0
13852,0,2,0,0,1,0,0,0,0,3,2,2,1,0,2,0,3,0
13853,0,4,0,0,0,0,4,3,1,3,4,4,0,1,0,0,4,4
13854,0,3,4,0,0,1,0,0,0,3,1,1,0,1,4,0,1,1
13855,0,1,2,1,4,1,0,0,4,1,2,3,1,0,2,1,4,0
13856,0,1,3,0,2,1,0,4,4,1,2,1,0,3,3,0,3,0
13857,1,4,3,0,0,3,0,0,1,1,0,1,3,0,3,4,0,0
13858,0,4,4,0,0,0,0,2,3,4,4,2,0,2,4,0,3,0
13859,0,3,1,0,0,4,0,0,4,4,4,2,3,4,4,4,1,4
13860,0,4,4,0,1,4,0,3,1,1,1,1,0,3,4,0,2,0
13861,0,2,4,0,4,3,0,4,2,4,3,2,0,3,3,0,2,0
13862,0,1,0,0,0,0,0,2,4,1,1,1,2,1,4,0,2,0
13863,0,3,1,0,0,4,0,0,0,3,2,2,0,4,0,0,1,0
13864,0,2,0,0,3,4,0,0,0,2,3,3,0,2,4,0,1,0
13865,4,1,1,0,0,1,0,4,4,2,3,1,0,2,2,0,1,0
13866,4,4,1,3,0,4,0,0,0,4,0,3,1,0,3,0,0,0
13867,0,4,0,0,4,0,0,4,0,2,4,1,0,2,0,0,4,0
13868,1,1,1,0,0,3,0,0,0,2,4,3,4,1,3,1,1,4
13869,0,2,1,0,2,1,1,0,0,1,3,2,0,1,1,0,1,0
13870,1,2,0,1,0,2,0,1,1,2,2,2,4,4,1,1,2,3
13871,2,4,1,3,0,2,4,4,3,2,4,4,1,4,2,0,2,0
13872,4,2,3,0,0,1,0,0,1,4,4,4,3,1,4,0,0,1
13873,0,4,0,0,1,0,4,0,1,4,2,3,0,1,1,0,4,4
13874,0,4,4,0,0,0,0,0,0,2,3,4,4,1,3,0,0,0
13875,0,2,0,0,4,1,0,0,0,4,2,4,1,3,0,0,2,0
13876,0,2,0,0,0,0,0,0,0,2,3,3,0,1,0,0,4,0
13877,0,0,4,0,4,1,0,4,0,3,1,2,0,4,4,0,1,0
13878,0,2,0,0,2,0,0,0,0,1,1,2,0,4,4,0,2,0
13879,0,1,1,0,3,1,3,1,3,3,2,3,4,1,3,0,2,0
13880,0,3,0,0,3,4,0,0,0,1,4,2,0,0,0,0,3,0
13881,3,1,4,4,1,3,0,0,1,1,1,1,2,1,1,1,0,0
13882,4,2,2,3,4,3,4,2,3,4,3,4,1,3,3,3,3,4
13883,0,3,0,0,2,1,0,0,0,2,2,4,0,2,0,0,2,0
13884,1,1,1,0,4,0,0,0,0,2,2,2,1,1,0,1,1,1
13885,0,1,0,0,3,0,0,1,0,2,2,1,0,2,1,0,1,0
13886,0,1,0,0,0,0,0,0,0,3,2,4,0,3,4,0,2,0
13887,0,1,1,0,1,1,0,4,0,2,1,1,0,2,1,0,1,0
13888,0,3,0,0,4,0,0,0,0,2,2,2,0,4,0,0,0,0
13889,0,3,2,0,4,4,0,4,1,2,3,1,4,4,4,0,4,0
13890,0,3,1,0,0,4,0,0,0,2,0,2,4,4,2,0,0,0
13891,0,4,1,0,0,4,4,3,4,4,1,1,0,1,4,0,2,0
13892,0,2,4,0,3,1,1,0,1,4,2,3,0,2,0,0,2,0
13893,0,4,0,4,1,4,0,1,2,2,2,2,0,4,3,0,2,0
13894,4,4,4,0,3,0,1,4,4,4,4,4,4,3,4,0,2,0
13895,1,1,1,1,0,2,0,0,4,2,4,4,2,4,4,3,4,2
13896,0,4,0,0,4,0,4,3,4,3,2,3,0,1,1,0,2,0
13897,0,1,0,0,0,0,0,0,0,4,3,3,0,1,0,0,4,0
13898,1,1,0,0,0,2,0,1,3,1,1,2,0,2,1,0,2,0
13899,0,3,4,0,4,3,0,3,0,2,4,4,0,3,3,1,3,3
13900,0,2,1,0,0,1,0,0,0,3,4,4,1,0,0,2,4,3
13901,4,2,1,0,0,0,0,2,0,4,1,1,3,1,1,0,1,0
13902,0,2,1,0,4,4,1,3,1,2,2,2,0,1,0,0,3,0
13903,0,4,0,0,0,4,0,0,1,3,1,2,0,3,0,0,3,1
13904,4,3,3,1,1,2,4,4,4,4,3,3,1,1,1,1,1,4
13905,0,2,2,0,0,4,0,0,1,2,0,2,3,0,4,1,0,3
13906,0,0,0,0,1,4,4,0,4,2,3,4,0,0,0,0,4,0
13907,0,3,0,0,0,4,0,0,0,3,4,3,0,0,1,0,0,0
13908,0,4,0,0,1,0,0,3,1,1,1,3,0,1,4,0,4,4
13909,3,2,4,1,0,2,0,0,3,1,4,3,2,0,3,1,0,0
13910,0,4,0,0,3,0,0,0,0,3,3,3,0,1,4,0,3,0
13911,0,0,1,0,0,0,0,0,0,0,1,2,0,2,3,0,0,0
13912,0,4,4,0,2,1,0,0,0,3,1,1,0,3,0,0,4,0
13913,0,0,0,0,1,0,0,1,0,4,2,1,0,1,0,0,0,0
13914,0,0,0,0,3,0,0,0,0,3,3,1,0,2,4,0,4,0
13915,0,4,0,0,0,0,0,4,3,4,4,4,0,1,1,0,2,0
13916,1,1,1,4,4,1,0,0,1,1,4,3,2,0,1,4,0,2
13917,0,2,0,0,4,0,0,0,0,1,3,4,0,3,0,0,4,0
13918,0,0,0,0,0,0,0,0,0,0,1,4,0,2,0,0,0,0
13919,1,3,4,2,0,1,0,0,1,2,0,2,4,1,3,0,0,0
13920,1,4,4,0,4,2,0,0,1,1,1,1,4,4,1,1,3,4
13921,0,3,0,0,4,0,0,0,0,2,2,1,0,3,1,0,3,0
13922,0,4,0,0,0,4,0,4,0,4,3,2,0,1,4,0,4,0
13923,0,3,0,0,0,0,0,0,0,1,3,1,0,4,0,0,1,0
13924,0,0,1,0,1,1,0,1,4,1,1,2,1,2,4,0,3,0
13925,0,4,0,0,0,0,0,0,0,2,1,1,4,4,0,0,3,0
13926,2,2,3,4,0,2,0,0,1,1,1,1,4,1,2,2,1,0
13927,2,3,3,1,0,4,0,0,0,2,4,3,4,4,4,3,0,1
13928,1,1,2,1,4,3,0,0,4,4,4,3,2,4,2,3,0,4
13929,0,0,2,0,0,4,0,0,0,0,0,0,0,0,2,0,0,0
13930,4,4,0,1,2,4,0,3,4,1,1,3,0,3,0,0,4,4
13931,0,1,1,0,4,0,4,4,4,1,2,3,1,3,4,0,3,0
13932,1,3,4,4,0,4,4,4,1,3,2,3,4,1,1,0,2,0
13933,0,2,1,1,0,4,0,0,0,3,3,3,1,4,4,0,3,0
13934,0,4,0,0,4,0,0,2,3,2,2,1,0,4,0,0,3,0
13935,0,1,0,0,0,4,2,3,1,3,4,3,0,2,0,0,2,0
13936,0,1,0,0,1,0,0,4,0,2,4,4,0,1,0,0,1,0
13937,0,4,0,0,1,2,0,0,0,3,3,3,0,4,1,0,4,1
13938,0,3,0,0,4,0,0,0,0,2,3,2,0,3,0,0,4,0
13939,0,4,1,0,0,3,0,0,4,1,0,4,3,0,1,3,0,0
13940,0,1,0,0,3,0,0,1,3,3,3,3,0,2,1,0,1,0
13941,4,2,3,0,0,4,0,0,0,1,2,4,3,1,4,0,3,3
13942,0,1,4,0,4,0,1,3,4,2,1,3,0,1,4,0,2,0
13943,0,4,4,0,1,0,0,0,0,3,1,2,0,3,0,0,1,0
13944,0,4,4,0,0,4,0,0,0,1,4,4,0,3,0,0,2,0
13945,0,1,0,0,2,0,0,0,0,2,2,2,0,2,1,0,1,0
13946,0,3,0,0,1,4,0,0,4,3,3,4,4,0,4,4,0,0
13947,0,4,2,0,1,0,0,1,2,2,3,1,0,2,1,0,3,0
13948,0,1,0,0,2,0,0,0,0,3,3,3,4,2,0,0,3,1
13949,0,4,0,0,1,4,0,0,0,1,4,3,0,3,0,0,4,4
13950,4,2,1,0,0,2,0,4,1,3,4,2,2,4,2,2,4,2
13951,0,2,2,1,0,3,0,0,0,4,0,3,3,0,2,2,0,0
13952,0,1,0,0,3,0,0,1,0,2,2,3,0,1,3,0,1,0
13953,0,2,1,0,0,3,0,0,3,4,0,4,3,0,2,0,0,0
13954,0,2,4,0,4,0,0,1,4,1,3,2,0,3,4,0,2,0
13955,4,2,2,0,4,1,0,1,1,1,4,3,1,1,1,0,1,0
13956,1,1,3,0,1,1,3,3,2,1,3,1,3,1,4,1,1,1
13957,0,3,0,0,3,0,0,1,0,1,2,3,0,2,0,0,1,0
13958,4,3,3,0,0,3,1,4,2,4,1,4,4,4,2,1,3,0
13959,4,4,1,0,4,2,4,4,1,3,4,4,1,4,2,4,3,4
13960,0,1,1,0,4,4,0,1,4,3,3,3,0,1,4,0,2,4
13962,0,4,2,0,2,0,0,0,0,1,2,2,4,4,4,0,4,0
13963,0,0,0,0,4,1,0,1,4,1,1,1,0,1,0,0,1,0
13964,0,0,0,0,0,0,0,1,0,4,4,3,0,3,1,0,4,0
13965,0,4,1,0,0,1,0,4,0,4,4,3,0,2,4,0,4,0
13966,0,4,0,0,0,4,0,4,0,1,2,2,0,2,0,0,0,0
13967,0,4,1,0,1,4,0,3,1,3,3,3,0,1,4,0,3,0
13968,0,3,0,0,3,3,2,1,3,3,4,3,1,4,1,3,3,0
13969,0,0,4,0,0,4,0,1,0,4,2,3,0,1,4,0,2,0
13970,1,3,0,0,0,0,0,0,0,2,3,4,0,0,0,0,4,0
13971,0,1,0,0,4,4,0,4,0,4,3,3,4,4,4,0,4,4
13972,0,3,0,0,4,1,0,4,4,4,4,4,0,3,2,0,4,0
13973,0,4,2,0,4,1,0,3,2,2,4,2,4,4,4,0,3,0
13974,0,4,0,0,1,4,0,2,3,2,1,3,1,1,3,0,2,0
13975,0,2,4,0,3,1,1,1,0,2,1,3,0,4,4,0,3,0
13976,0,1,0,0,0,0,0,4,1,1,2,3,0,1,1,0,1,0
13977,4,3,0,0,0,1,0,1,3,2,4,4,3,4,2,3,4,3
13978,0,3,4,0,3,1,0,0,0,4,3,1,0,1,1,0,3,0
13979,0,2,0,0,1,1,0,0,1,1,3,1,0,4,0,0,2,0
13980,0,4,0,0,1,0,0,0,0,3,3,1,0,4,0,0,3,0
13981,3,2,2,1,0,3,2,4,4,1,4,2,3,4,3,1,4,1
13982,0,2,4,0,0,1,0,0,0,2,1,1,1,0,1,2,0,1
13984,0,1,1,0,0,1,0,1,2,3,2,2,0,1,1,3,4,4
13985,0,2,4,0,0,4,0,0,1,1,4,3,2,0,1,1,0,1
13986,0,2,0,0,1,0,0,1,3,2,1,2,0,2,1,0,3,0
13987,1,2,1,0,4,1,0,0,0,2,3,2,0,3,1,0,3,0
13988,0,3,0,4,0,2,1,1,3,2,3,2,1,4,1,4,4,4
13989,0,4,0,0,0,0,0,0,0,2,2,1,0,0,1,0,1,0
13990,1,2,1,0,0,3,0,0,0,3,1,2,2,1,4,2,4,2
13991,0,3,0,0,3,0,1,0,3,1,2,2,0,4,0,0,4,0
13992,0,1,0,0,4,0,0,0,4,1,1,2,0,3,0,3,4,3
13993,0,1,4,0,3,0,0,0,0,1,3,2,4,1,0,0,2,3
13994,0,2,0,0,1,0,0,0,0,3,2,4,0,4,0,0,1,0
13995,0,4,0,0,4,0,0,0,0,2,4,3,0,4,2,0,3,0
13996,0,1,0,0,1,0,0,4,4,2,1,2,0,3,0,0,2,0
13997,0,2,0,0,3,0,0,0,0,3,2,3,0,4,0,0,0,0
13998,0,3,0,0,4,0,0,0,0,2,3,3,0,4,0,0,4,0
14000,0,4,0,0,0,0,0,0,0,3,4,1,0,1,0,0,2,0
14001,0,4,0,0,0,0,0,0,0,1,3,3,0,4,0,0,4,0
14002,0,2,2,3,0,3,0,0,0,1,1,1,2,1,2,3,3,1
14003,0,3,0,0,0,0,0,0,0,2,0,3,0,0,0,2,0,3
14004,2,4,2,0,0,2,0,0,3,1,0,2,1,0,3,1,0,1
14005,0,1,0,0,0,1,0,0,0,3,3,3,0,4,3,0,0,0
14006,0,1,0,0,2,0,0,4,1,3,1,3,0,4,3,0,3,4
14007,0,2,0,0,1,4,0,0,0,1,1,1,0,1,4,0,4,0
14008,2,2,2,2,0,2,0,0,1,2,0,2,3,0,3,3,0,1
14009,0,4,4,0,3,4,0,3,0,3,3,3,0,4,4,0,4,1
14010,0,4,0,0,4,1,0,0,0,3,3,1,0,1,0,0,1,1
14011,4,4,3,4,0,3,0,0,1,1,0,3,4,0,3,4,0,0
14012,0,2,0,0,1,1,0,0,0,4,2,2,0,4,0,0,0,0
14013,0,4,1,0,0,1,0,0,0,3,1,1,0,2,1,0,4,4
14014,0,1,4,0,4,0,4,1,1,2,3,3,3,3,4,0,2,0
14015,0,4,0,1,0,3,0,0,0,3,2,3,0,1,0,0,2,0
14016,1,0,3,3,0,4,0,0,3,1,4,4,4,0,1,4,0,4
14017,0,3,4,0,0,4,0,3,2,3,1,2,2,4,4,1,3,4
14019,0,1,1,0,3,1,0,0,0,3,2,2,0,2,1,0,1,0
14020,0,2,0,0,0,3,0,2,4,1,3,2,0,4,1,0,4,0
14021,0,0,0,0,0,0,0,4,2,4,2,4,2,0,1,0,4,0
14022,0,0,0,0,1,0,4,4,4,1,3,2,0,2,4,0,2,0
14023,0,3,0,0,0,0,0,0,2,3,0,4,2,0,4,0,0,1
14024,1,2,2,0,0,3,0,0,1,3,0,1,2,0,2,2,0,3
14025,0,3,0,0,2,0,0,1,1,3,3,3,0,1,0,0,4,0
14026,0,4,0,0,4,0,0,4,1,3,3,3,0,4,1,0,4,0
14027,0,0,0,0,0,0,0,4,0,2,3,3,0,2,1,0,4,4
14028,0,1,0,0,0,0,0,2,0,4,4,4,4,2,1,0,3,4
14029,1,3,2,4,0,2,0,4,1,3,1,3,3,3,2,0,1,0
14031,0,4,0,0,2,0,0,0,0,2,2,3,0,4,0,0,4,0
14032,2,1,1,1,0,1,0,0,1,1,1,1,1,0,1,1,1,3
14033,0,1,1,0,3,1,3,1,4,4,3,2,4,1,1,0,2,1
14034,0,4,0,0,0,0,0,1,0,1,3,1,0,3,0,0,4,0
14035,0,1,0,0,4,0,0,0,0,3,1,4,0,2,3,0,1,0
14036,0,4,0,0,4,0,0,3,4,3,2,2,0,2,4,0,4,0
14037,0,2,4,0,0,1,4,0,1,2,2,1,3,0,4,0,4,2
14038,1,1,4,0,0,3,4,4,4,2,1,3,4,0,4,4,0,4
14039,0,4,0,0,4,0,1,1,4,1,2,2,0,3,1,0,4,0
14040,0,4,0,0,0,0,0,0,0,3,3,2,1,1,1,0,2,3
14041,0,1,0,0,0,1,4,4,4,4,4,2,0,1,4,0,2,0
14042,1,3,1,1,0,4,1,0,1,1,4,3,1,0,2,1,0,0
14043,3,2,2,2,0,1,0,0,1,4,4,4,2,1,2,2,4,1
14044,0,1,4,0,3,4,0,0,0,1,1,3,4,2,4,0,4,4
14045,0,3,0,0,4,1,0,1,1,3,2,3,0,4,0,0,4,0
14046,0,2,0,0,0,0,0,0,0,1,4,1,4,0,1,0,4,0
14047,3,4,0,1,0,3,0,0,1,4,0,4,3,0,1,1,0,2
14048,0,3,3,0,4,1,0,0,0,2,3,2,0,4,0,0,4,0
14049,0,4,0,0,3,1,0,0,4,3,2,2,0,1,1,0,4,0
14050,0,3,0,0,2,4,0,2,1,4,2,1,0,3,4,0,2,4
14051,0,2,0,0,4,1,0,0,1,1,1,3,0,2,4,0,1,4
14052,4,1,0,0,4,1,0,4,1,2,2,2,0,1,4,0,2,0
14053,0,4,4,0,0,0,0,4,0,4,3,4,0,3,3,0,2,0
14054,4,3,2,0,0,3,0,0,1,2,1,4,2,4,4,4,0,2
14055,0,4,1,0,2,2,0,0,0,2,2,3,0,1,1,0,1,0
14056,0,3,0,0,4,1,0,0,0,1,2,3,0,0,0,0,4,0
14057,0,3,4,0,3,0,0,0,0,2,2,2,0,4,4,0,4,0
14058,0,3,1,0,3,0,0,4,0,3,3,2,0,4,0,0,2,0
14059,0,4,1,0,0,1,0,0,0,1,3,1,1,4,4,0,2,4
14060,0,2,0,0,4,0,0,0,0,3,2,1,0,2,0,0,4,0
14061,0,4,4,0,1,4,0,0,0,4,1,2,4,2,4,0,3,0
14062,0,2,1,0,4,2,2,1,2,2,1,2,3,4,3,1,1,1
14063,0,2,0,0,3,4,0,1,1,2,2,1,0,1,0,0,1,0
14064,3,3,2,0,0,2,0,4,4,3,4,2,1,0,4,0,4,0
14065,0,4,0,0,1,0,0,0,0,3,2,4,0,3,0,0,2,0
14066,0,3,0,0,4,0,0,0,0,3,2,2,0,3,4,4,1,0
14067,0,3,0,0,1,0,0,0,0,2,3,3,0,3,4,0,2,0
14068,0,3,0,1,4,1,0,0,0,2,2,3,0,2,4,0,4,0
14069,0,1,3,0,3,2,2,1,2,1,4,4,0,4,3,0,1,0
14070,4,0,0,0,0,1,1,4,1,2,1,2,0,1,3,1,1,1
14071,0,3,0,0,4,0,0,0,0,3,2,2,0,1,4,0,4,0
14072,0,1,1,0,4,4,0,0,1,3,1,1,1,1,3,1,0,4
14073,0,2,1,0,0,1,0,0,0,1,0,1,1,0,3,1,0,1
14074,1,1,2,0,0,1,0,0,4,2,0,1,3,0,3,0,0,1
14075,0,4,0,0,4,4,0,4,0,3,1,3,4,1,4,0,1,0
14076,0,1,1,0,4,0,0,4,3,2,2,2,0,3,1,1,2,1
14077,1,3,0,0,0,0,0,4,4,3,3,4,1,4,1,1,1,3
14078,0,0,2,0,4,4,0,0,4,1,2,4,0,1,4,4,0,4
14080,0,1,1,0,0,4,0,2,1,2,2,2,0,3,3,0,2,0
14081,0,1,0,0,2,2,0,2,1,4,1,1,0,2,1,0,2,0
14082,0,1,0,0,2,1,0,0,0,1,2,1,0,2,0,0,3,0
14083,0,3,0,0,1,0,1,0,0,2,1,2,0,4,0,0,3,0
14084,0,3,4,0,3,0,0,4,0,1,2,2,0,3,0,0,1,0
14085,0,3,0,0,3,0,0,0,4,3,3,3,0,4,4,0,4,0
14086,0,3,0,0,2,0,0,0,0,3,2,2,0,4,0,0,3,0
14087,0,1,1,0,1,0,0,0,0,3,4,4,0,1,0,0,2,0
14088,0,1,0,0,0,1,0,0,0,4,2,2,0,1,0,0,3,0
14089,0,3,0,0,1,0,0,4,1,1,1,1,0,2,0,0,3,0
14090,0,4,0,0,1,0,0,1,1,2,3,3,0,1,1,0,3,0
14091,0,2,4,0,4,1,0,4,2,2,4,2,0,1,0,0,3,0
14092,0,4,4,1,0,3,0,4,2,1,1,2,0,3,1,1,2,1
14093,3,3,4,0,0,4,0,0,4,3,0,3,4,4,4,2,0,2
14094,0,1,4,0,0,0,0,0,0,1,1,1,0,1,1,0,0,0
14095,0,4,0,0,4,0,0,0,0,2,3,3,0,4,0,0,2,0
14096,0,1,0,0,0,0,1,1,3,2,3,3,1,4,4,0,1,0
14097,0,3,4,4,1,1,0,1,4,3,1,1,4,3,4,4,3,0
14098,1,4,2,0,0,2,0,0,3,3,0,1,2,4,4,1,0,4
14099,0,2,0,0,2,0,0,0,0,1,3,2,0,4,0,0,1,0
14100,0,1,1,0,1,1,0,3,0,1,4,3,0,2,1,0,4,4
14101,0,3,4,0,3,4,0,3,4,3,3,2,4,3,4,0,3,0
14102,0,0,0,0,0,0,0,0,0,3,1,3,0,2,0,0,0,0
14103,0,4,4,0,1,0,0,2,4,4,2,2,0,4,0,0,2,0
14104,0,4,0,0,2,0,0,0,0,2,1,2,0,4,1,0,1,0
14105,0,3,1,0,0,1,0,0,0,3,1,2,1,0,4,2,0,4
14106,0,1,0,0,2,0,0,4,0,2,2,3,0,1,0,0,4,0
14107,0,2,1,0,0,2,0,0,2,3,0,2,1,0,2,1,0,4
14108,0,4,0,0,1,0,1,1,2,2,1,1,0,3,0,0,4,0
14109,0,3,0,0,0,0,0,1,0,2,1,2,0,4,0,0,2,0
14110,0,0,0,0,0,0,0,0,0,2,3,2,0,0,4,0,4,0
14111,0,2,0,0,2,1,1,1,2,4,3,3,0,3,1,0,4,0
14112,0,2,0,0,0,2,0,0,4,2,4,4,2,4,1,1,4,0
14113,0,4,1,0,4,4,0,0,0,4,2,2,0,0,4,0,4,0
14114,0,3,0,0,0,1,0,0,1,3,0,1,1,1,1,1,0,1
14115,2,1,3,1,0,1,1,0,4,3,1,4,4,0,2,4,0,4
14116,0,1,0,0,1,0,0,0,1,3,4,4,0,2,4,0,1,1
14117,1,4,1,1,4,1,0,4,4,3,0,2,1,0,1,3,4,1
14118,0,1,4,0,0,0,0,4,0,3,2,3,0,4,4,0,3,0
14119,0,1,4,0,0,0,0,0,1,4,0,3,1,0,4,0,4,0
14120,0,4,0,1,0,1,0,0,2,3,4,2,1,0,1,4,0,4
14122,0,0,4,0,1,0,4,0,4,4,1,2,0,2,0,0,0,0
14123,0,3,0,0,4,1,1,3,2,2,2,2,0,4,2,1,1,0
14124,0,1,2,0,0,0,0,4,0,1,2,1,0,1,4,0,3,0
14125,4,2,2,0,1,1,4,1,1,2,4,4,1,2,1,1,3,2
14126,0,4,1,0,0,0,0,1,0,3,3,2,0,3,0,0,4,0
14127,0,3,4,0,3,0,0,3,3,3,1,4,4,1,1,0,3,0
14128,0,1,1,0,2,0,0,3,4,1,2,1,0,4,0,0,2,0
14129,1,3,3,1,0,2,0,1,1,3,4,3,3,4,1,2,4,4
14130,1,4,2,0,0,1,0,0,0,1,0,3,1,0,1,0,0,0
14131,0,2,0,0,1,0,0,0,0,3,3,2,0,3,4,0,2,0
14132,2,3,2,1,0,4,0,0,1,4,4,1,3,0,1,1,0,2
14133,2,1,4,0,0,1,0,0,1,1,1,3,2,0,3,0,0,0
14134,0,4,0,0,0,0,0,0,4,1,4,4,3,0,4,0,0,0
14135,0,3,0,0,4,0,0,4,4,2,1,3,1,1,0,1,2,1
14136,0,4,2,1,4,4,0,2,4,2,3,2,3,2,3,1,1,2
14137,1,1,1,0,0,1,0,0,1,1,1,2,1,1,1,0,0,0
14138,0,4,0,0,0,3,4,4,1,1,3,4,3,4,4,0,0,0
14139,2,1,0,2,0,4,3,4,1,1,4,1,3,4,3,2,4,2
14140,0,3,0,0,3,0,0,4,4,3,2,3,0,1,1,0,2,0
14141,0,4,0,0,4,0,0,0,0,2,2,2,0,0,0,0,4,0
14142,4,2,3,0,0,3,0,0,0,3,0,3,1,0,3,1,0,0
14143,1,4,1,0,0,1,0,0,0,2,3,1,4,1,3,0,1,0
14144,0,2,0,0,2,0,0,0,0,2,2,3,0,3,0,0,0,0
14145,0,4,4,0,0,0,0,2,4,4,1,4,0,1,4,0,4,1
14146,0,1,4,0,4,1,4,2,0,1,4,2,0,3,3,0,4,1
14147,4,4,1,2,0,1,0,0,0,3,0,1,2,0,3,1,0,0
14148,4,2,3,0,0,2,0,4,2,3,4,3,2,4,4,1,0,2
14149,0,4,0,0,1,0,0,0,0,1,2,3,0,4,0,0,2,0
14150,4,2,0,0,0,0,0,4,1,3,2,3,4,1,2,0,4,0
14152,0,1,0,0,3,0,0,0,0,2,3,3,0,1,4,0,3,0
14153,0,4,0,0,4,0,0,0,0,1,2,1,0,0,0,0,2,0
14154,0,0,0,0,4,0,0,4,0,1,3,2,0,1,0,0,1,0
14155,2,1,1,0,0,4,0,0,0,1,4,3,1,0,3,2,0,4
14156,0,1,0,0,0,1,0,1,2,1,1,2,4,3,0,0,4,4
14157,0,3,4,0,4,0,0,0,0,3,1,1,0,4,2,0,1,0
14158,0,1,0,0,4,0,0,1,2,3,2,2,4,2,0,0,1,0
14159,0,4,4,0,0,2,0,0,4,4,1,1,4,0,1,0,0,0
14160,1,2,2,0,4,0,0,0,4,3,4,3,1,0,3,0,4,0
14161,0,3,0,0,4,0,0,0,0,4,1,1,0,3,4,0,1,0
14162,0,2,1,0,1,0,0,0,0,4,1,4,4,1,1,0,2,4
14163,0,2,0,0,4,0,0,0,0,2,3,2,0,3,0,0,2,0
14164,0,0,0,0,0,0,0,1,0,1,1,2,0,4,0,0,4,0
14165,0,4,0,4,4,1,0,1,0,1,2,2,4,3,1,1,1,4
14166,0,4,1,0,0,0,0,2,0,4,1,3,1,4,4,0,1,0
14167,0,0,0,0,1,0,0,4,0,3,3,3,4,4,1,0,2,2
14168,1,4,2,0,0,3,0,0,1,1,0,1,0,0,1,3,0,1
14169,1,2,1,0,0,1,0,0,1,1,4,1,1,0,2,2,0,1
14170,0,3,0,0,4,0,0,0,0,4,3,3,0,3,0,0,3,0
14171,0,1,0,1,0,3,0,0,0,1,1,2,0,4,1,0,0,0
14172,0,1,1,0,0,1,2,3,3,2,3,3,3,0,3,0,0,3
14173,1,2,2,2,0,2,0,0,0,1,1,3,2,4,3,3,0,2
14174,0,0,0,0,0,0,1,0,3,0,2,4,0,3,1,0,0,0
14175,4,4,2,4,0,2,0,0,4,3,0,3,3,0,2,1,0,1
14176,0,4,1,0,1,4,0,0,0,1,1,2,0,1,4,0,1,0
14177,0,3,0,0,4,0,0,0,0,0,1,1,4,0,4,0,0,0
14178,0,4,3,0,0,1,0,0,0,2,4,3,4,4,1,0,4,2
14179,0,1,1,0,0,2,0,0,1,3,0,3,4,0,2,2,0,0
14180,4,2,4,0,0,0,0,0,0,2,0,2,4,0,2,0,0,0
14181,0,4,0,0,4,0,0,0,0,1,1,1,0,1,1,0,4,0
14182,1,2,1,0,4,1,0,0,4,1,2,1,4,4,2,2,4,4
14183,0,4,4,0,2,3,3,2,1,1,2,2,4,3,4,1,2,0
14184,0,0,0,0,0,0,0,0,0,1,4,1,0,0,0,0,4,0
14185,0,3,3,0,1,3,0,0,4,3,4,2,3,1,3,4,1,3
14186,4,3,3,0,3,4,4,0,4,2,3,3,2,1,4,1,4,2
14187,0,1,0,0,1,0,0,3,0,2,2,2,0,1,1,0,2,0
14188,0,2,3,2,0,2,0,0,3,3,4,4,2,0,2,3,0,4
14189,0,4,4,0,0,0,0,1,1,4,4,1,0,0,4,0,2,0
14190,0,2,0,0,3,0,0,0,0,2,3,3,0,1,0,0,4,0
14191,2,1,1,0,0,1,0,0,2,1,1,1,2,0,4,0,2,4
14192,0,2,0,0,3,0,0,3,3,3,2,3,0,3,1,0,1,4
14193,0,4,0,0,1,0,0,0,0,4,2,4,0,2,0,0,1,0
14194,0,4,1,0,1,2,4,0,4,3,2,2,1,1,4,0,2,0
14195,0,0,0,0,3,3,0,0,0,1,2,2,0,3,0,0,0,0
14196,0,1,0,0,0,0,0,0,0,1,3,3,0,1,0,0,4,0
14197,0,1,4,3,0,2,0,0,3,2,1,2,2,1,2,1,1,4
14198,0,1,0,0,0,1,0,0,0,3,2,3,0,1,1,0,4,0
14199,0,3,0,0,1,0,0,4,4,1,2,1,0,1,0,0,4,0
14200,0,2,4,0,0,4,0,4,4,3,2,2,0,3,1,3,3,0
14201,2,4,1,0,0,2,0,0,1,2,0,4,3,2,3,1,0,1
14202,4,3,1,0,0,1,2,4,2,1,4,2,3,1,4,3,4,4
14203,0,4,0,0,4,1,0,0,0,4,2,2,0,3,1,0,0,0
14204,0,4,0,0,3,0,0,3,0,1,2,3,0,3,4,0,4,4
14205,0,1,0,0,3,3,0,2,0,2,3,4,0,4,1,0,4,4
14206,0,2,0,0,0,4,0,0,0,2,2,2,3,2,4,0,2,4
14207,0,0,1,0,0,1,0,0,0,0,1,3,0,0,3,1,0,0
14208,0,4,0,0,0,0,0,0,0,2,3,2,0,1,4,0,2,0
14209,0,3,0,0,3,0,0,0,0,3,2,3,0,2,1,0,1,0
14210,0,1,3,0,2,1,0,1,1,4,3,3,0,3,1,0,2,0
14211,0,4,0,0,4,0,0,1,0,3,4,3,0,3,4,0,1,0
14212,0,4,0,0,0,0,0,0,0,0,2,2,0,0,0,0,0,0
14213,4,3,0,0,0,0,0,4,4,1,2,4,0,3,3,1,1,4
14214,0,2,4,0,3,0,0,1,4,4,4,4,0,3,3,0,4,0
14215,0,4,4,0,4,0,3,3,1,3,3,2,0,3,0,0,3,0
14217,0,3,0,0,2,0,4,3,3,1,3,3,0,2,0,0,2,3
14218,0,1,0,0,4,0,0,0,0,1,3,4,0,4,0,0,1,0
14219,1,0,1,0,0,0,0,0,0,0,0,1,0,0,4,0,0,0
14220,0,2,0,0,0,0,0,0,0,2,4,4,0,4,0,0,0,0
14221,0,3,0,0,2,1,0,0,0,2,3,4,0,2,1,0,4,0
14222,0,1,0,0,1,0,0,0,0,3,1,3,0,1,1,0,1,0
14223,0,1,0,0,1,1,0,4,0,2,4,2,0,3,4,0,3,0
14224,1,3,3,1,0,2,0,0,2,2,0,1,3,0,3,1,0,1
14225,0,4,1,0,1,1,0,4,1,1,1,3,0,2,1,0,1,0
14226,0,3,2,0,0,2,1,0,3,2,4,3,2,0,1,4,0,4
14227,2,4,0,0,0,1,0,0,0,4,4,4,4,3,4,0,4,1
14228,0,3,0,0,4,4,0,0,0,3,3,2,0,4,0,0,3,0
14229,0,3,0,0,3,0,0,0,0,3,2,2,0,3,4,0,1,0
14230,0,1,0,0,2,0,0,0,0,2,2,3,0,1,0,0,0,0
14231,0,1,1,0,0,4,0,0,0,3,4,3,1,1,0,1,3,4
14232,1,3,1,0,1,4,4,2,4,3,1,1,1,3,2,0,3,1
14233,1,1,1,1,1,3,0,4,1,1,3,3,1,0,3,1,4,1
14234,0,4,0,0,2,1,0,4,0,3,4,2,1,1,0,0,2,4
14235,0,1,0,0,3,0,0,3,2,2,3,3,0,1,0,0,4,0
14236,4,0,0,1,0,2,0,0,1,4,0,1,1,4,2,3,0,2
14237,0,4,0,0,1,0,0,0,0,3,2,4,0,1,0,0,3,4
14238,0,4,3,0,3,0,0,0,0,2,2,2,0,3,1,0,4,0
14239,0,1,0,0,0,0,0,0,0,3,4,2,0,0,4,0,4,4
14240,0,2,1,0,4,0,0,0,0,2,2,3,1,2,1,0,3,0
14241,0,2,0,0,2,0,0,2,4,3,2,3,0,2,1,0,3,1
14242,0,4,1,0,0,1,0,0,2,3,3,2,3,1,2,4,4,0
14243,0,2,4,4,1,1,0,1,0,2,1,1,4,1,3,0,2,4
14244,0,1,0,0,1,0,0,0,0,2,4,1,0,4,0,0,3,0
14245,0,1,0,0,2,0,0,3,1,2,4,3,0,1,0,0,1,0
14246,0,2,0,0,4,0,0,0,0,2,3,3,0,4,0,0,1,0
14247,0,0,0,0,0,0,0,0,0,0,4,4,0,4,1,0,0,1
14248,0,1,0,0,1,4,0,0,0,2,1,2,0,0,4,1,2,0
14249,0,4,4,0,0,0,0,0,0,2,2,3,0,0,2,0,4,0
14250,1,1,4,2,0,4,0,0,4,4,1,3,2,0,3,3,0,4
14251,1,1,0,0,0,2,0,0,0,1,3,3,3,3,1,0,2,1
14252,0,4,0,4,0,4,0,1,3,3,1,2,0,1,2,4,4,4
14253,0,1,0,0,2,0,0,3,2,1,4,4,0,3,0,0,2,0
14254,0,1,1,0,4,1,0,4,2,2,2,2,0,1,2,0,1,3
14255,0,2,1,0,0,4,3,3,4,3,2,2,0,3,4,0,1,0
14256,0,3,1,0,0,3,0,0,0,1,3,3,0,0,3,4,0,0
14257,0,3,3,1,0,2,0,0,0,2,2,1,3,0,4,2,4,1
14259,1,3,4,0,0,4,0,0,0,3,3,4,3,1,3,1,2,3
14260,0,3,0,0,1,1,0,1,1,3,2,3,0,1,1,0,4,0
14261,0,1,0,0,0,1,0,0,0,3,0,4,1,0,2,3,0,3
14262,2,2,1,0,0,4,2,3,1,2,2,3,3,2,1,4,2,1
14263,0,3,1,0,4,1,0,0,0,4,1,3,1,0,2,1,4,4
14264,0,4,0,0,2,0,0,0,0,2,1,2,0,3,1,0,3,0
14265,0,3,1,0,1,1,0,0,3,1,2,3,3,4,2,1,1,1
14266,3,1,2,0,0,2,0,0,2,2,0,1,3,0,3,2,0,3
14267,0,2,1,0,4,0,1,3,4,4,1,2,0,1,3,0,3,0
14268,0,1,0,0,4,4,0,0,4,2,3,3,0,1,0,0,1,0
14269,1,1,0,0,4,0,0,4,0,2,1,2,0,2,1,0,4,0
14270,1,1,2,0,4,4,0,1,0,1,2,3,1,3,1,0,1,0
14271,0,1,1,1,0,2,0,0,0,3,0,2,1,0,1,1,0,3
14272,0,4,0,0,4,0,0,0,0,3,2,3,0,0,0,0,1,0
14273,4,3,4,0,0,4,2,4,1,2,4,4,4,1,4,0,4,4
14274,0,1,0,0,3,0,0,4,0,4,4,4,0,3,0,0,4,0
14275,0,3,0,0,2,1,0,1,3,2,2,2,0,2,1,1,4,0
14276,0,3,0,0,1,0,0,0,0,2,1,2,0,1,0,0,3,0
14277,0,3,0,0,1,1,0,2,1,1,2,2,0,1,0,0,3,0
14278,0,3,4,0,4,0,0,0,0,2,3,2,0,1,0,0,4,0
14279,0,2,4,0,3,0,0,3,2,2,2,3,0,3,1,0,2,0
14280,0,2,0,0,2,4,0,0,0,3,1,3,0,2,4,0,4,0
14281,0,4,0,0,2,0,0,1,4,3,2,2,0,4,4,0,1,0
14282,0,4,0,0,0,0,0,0,0,4,4,4,4,4,1,0,4,0
14283,0,1,4,0,2,3,0,4,0,2,2,3,0,2,1,0,3,0
14284,0,4,0,0,0,0,0,0,0,1,4,3,2,4,4,4,4,0
14285,4,4,2,3,0,2,0,0,1,4,0,4,4,0,1,4,0,4
14286,2,2,1,4,0,2,0,0,1,3,0,2,1,0,3,3,0,4
14287,1,4,0,0,4,4,0,1,4,2,3,2,0,3,1,0,2,0
14288,2,2,1,1,0,1,0,0,2,1,0,1,1,0,4,1,0,1
14289,0,2,1,0,0,2,0,0,1,2,0,3,3,0,4,1,0,4
14290,1,4,4,0,0,2,1,1,0,2,4,2,3,3,2,0,4,0
14291,0,4,0,0,4,1,0,4,0,2,1,2,0,2,0,0,2,0
14292,0,2,3,0,1,1,0,1,0,2,1,2,3,4,1,0,3,0
14293,4,2,3,0,0,4,0,1,1,2,3,1,1,1,4,1,0,1
14294,4,1,4,0,0,2,0,0,4,4,3,4,3,0,1,3,0,0
14295,1,1,0,0,0,0,0,0,0,3,2,4,0,0,0,0,0,0
14296,4,4,2,0,4,4,1,3,3,3,3,3,2,3,3,0,3,1
14297,0,1,0,0,1,0,0,0,0,2,3,1,0,0,0,0,0,0
14298,4,1,2,1,4,4,0,0,0,2,4,4,4,4,4,4,3,4
14299,0,4,0,0,0,4,0,0,1,2,4,3,3,0,1,0,0,0
14300,0,3,1,0,1,0,0,1,1,3,3,2,0,2,4,1,1,1
14301,0,4,1,0,1,1,0,0,0,2,2,1,0,0,1,0,2,0
14302,4,4,4,2,4,2,0,0,4,4,4,4,4,2,3,4,3,1
14303,0,2,0,0,1,0,0,4,0,1,2,1,0,2,1,0,2,4
14304,0,1,0,0,1,1,0,3,3,4,1,3,0,1,4,0,0,0
14305,0,1,0,0,4,0,0,0,0,2,2,2,0,1,0,0,1,0
14306,0,3,1,0,0,0,0,0,0,1,1,4,2,0,1,0,0,4
14307,0,1,4,0,3,1,0,0,4,4,2,2,0,2,4,0,4,0
14308,0,1,0,0,0,0,4,4,1,4,2,2,4,4,3,0,1,2
14309,4,4,3,3,0,1,0,0,1,1,0,3,3,0,4,4,0,1
14310,0,4,1,0,0,1,0,0,0,2,4,3,1,1,1,4,2,1
14311,0,0,0,0,0,0,0,0,1,2,0,3,0,0,4,2,0,4
14312,0,4,0,0,1,0,0,0,0,3,1,1,0,2,0,0,0,0
14313,0,3,0,0,0,0,0,1,0,3,1,2,0,2,1,0,1,4
14314,0,1,1,0,0,1,0,0,0,2,1,2,0,2,1,0,2,0
14315,0,4,4,1,0,1,1,1,1,3,1,3,1,1,2,0,0,0
14316,0,3,4,0,1,4,0,1,1,3,1,2,1,1,1,0,2,0
14317,0,1,0,0,3,4,0,0,0,3,2,4,0,0,4,0,1,0
14318,0,2,1,0,0,4,0,0,1,1,0,1,3,0,3,1,0,4
14319,0,3,4,0,1,0,0,1,0,2,3,3,0,3,4,0,3,0
14320,0,2,4,0,0,3,4,4,4,3,1,3,2,0,3,3,0,0
14321,0,1,0,0,1,4,0,0,0,2,1,3,1,3,1,0,3,0
14322,0,3,4,0,1,4,3,3,2,3,2,3,0,2,1,0,2,0
14323,1,4,0,0,1,0,0,1,4,2,1,3,0,1,0,0,3,0
14324,1,4,1,0,0,0,1,4,3,1,4,4,4,0,2,4,4,0
14325,0,2,0,0,3,0,0,0,0,2,3,1,0,3,4,0,0,0
14326,0,1,0,0,0,0,0,1,0,3,1,1,0,2,1,0,3,1
14327,0,2,3,1,4,4,0,1,0,2,3,3,4,3,3,4,4,4
14328,0,2,0,0,2,0,0,0,2,3,2,2,0,2,1,0,4,0
14329,0,4,0,0,1,0,0,0,0,1,2,3,0,1,0,0,3,0
14330,0,4,4,0,3,1,0,4,1,3,2,2,0,3,1,0,3,4
14331,0,1,1,0,1,4,1,0,0,1,1,2,4,2,1,0,1,0
14332,0,2,0,0,0,0,0,0,0,1,4,2,0,3,4,0,4,0
14333,0,2,0,0,0,0,0,4,0,1,3,2,0,2,0,0,1,0
14334,0,1,1,3,0,3,0,0,4,2,1,1,4,0,3,4,0,4
14335,0,2,1,0,4,1,2,2,3,2,3,2,1,1,1,1,3,0
14336,0,2,1,0,1,1,0,0,0,1,2,1,1,4,3,0,0,3
14337,1,4,0,0,4,3,0,0,0,1,1,1,0,1,2,0,0,0
14338,0,3,1,1,0,1,0,0,0,2,4,4,4,0,1,1,0,0
14339,0,1,0,0,1,1,0,0,0,2,1,2,4,4,1,4,1,3
14340,0,1,0,0,0,0,0,0,0,4,2,2,0,4,4,0,1,0
14341,0,0,0,0,3,0,0,0,0,3,3,3,0,0,0,0,2,0
14342,4,0,1,0,0,4,1,3,2,1,4,4,1,4,1,2,1,0
14343,0,1,4,0,3,0,0,0,0,1,2,1,0,4,3,0,4,0
14344,0,3,4,1,0,4,0,0,0,2,3,2,3,2,1,2,1,1
14345,4,1,3,3,0,0,0,0,1,4,1,3,1,0,1,2,0,0
14346,0,2,2,0,3,4,0,0,0,1,2,2,0,1,4,0,3,0
14347,0,2,0,1,4,4,0,0,0,4,2,2,2,4,2,0,4,0
14348,0,2,0,0,4,4,0,0,0,3,2,2,0,3,4,0,2,0
14349,0,3,0,0,1,0,0,0,0,3,2,2,0,2,0,0,1,0
14350,0,3,0,0,1,0,0,0,0,2,2,4,0,1,0,0,2,0
14351,0,1,0,0,0,4,1,3,2,4,3,3,0,2,1,0,1,1
14352,0,1,0,0,1,0,0,3,2,2,3,2,0,3,0,0,3,0
14353,4,3,2,0,0,1,0,4,2,3,4,1,3,4,1,1,1,2
14354,0,1,0,0,3,4,0,0,0,2,1,2,0,0,0,0,1,0
14355,0,1,0,0,0,0,0,0,0,4,2,1,0,1,0,0,2,0
14356,0,4,0,0,3,0,0,0,0,2,3,3,0,2,0,0,3,0
14357,0,2,0,0,3,0,0,0,0,2,2,3,0,1,0,0,4,0
14358,0,2,0,0,1,0,0,4,0,3,3,3,0,3,1,0,2,0
14359,0,3,0,0,4,0,0,0,0,3,3,3,0,4,0,0,4,0
14360,0,3,1,0,0,1,0,4,1,3,4,2,1,4,1,0,4,0
14361,0,4,0,0,4,1,4,0,0,4,3,4,4,1,4,0,3,0
14362,0,4,0,0,0,0,0,0,4,4,3,4,0,4,0,4,4,4
14363,0,3,0,0,0,1,0,0,1,1,3,2,0,3,0,0,3,0
14364,0,3,4,0,2,0,0,0,0,2,3,3,0,1,0,0,1,0
14365,0,3,0,0,0,0,0,1,0,1,1,3,0,2,0,0,4,0
14367,0,0,0,0,0,0,0,0,0,3,4,2,0,0,4,0,1,0
14368,0,3,1,4,4,4,0,0,4,3,1,2,0,2,1,0,2,0
14369,0,2,2,0,0,1,0,0,0,4,1,2,1,2,3,0,0,0
14371,1,4,1,1,0,4,0,3,2,4,4,4,4,4,3,4,0,0
14372,0,0,0,0,2,0,0,4,0,3,4,2,0,3,4,0,2,0
14373,0,0,0,0,1,2,0,1,0,4,4,4,0,1,1,0,1,0
14374,4,3,1,4,4,4,4,1,2,4,2,2,1,3,1,1,1,0
14375,0,4,1,0,0,4,0,3,0,4,2,1,0,2,4,0,3,0
14376,2,2,0,2,1,2,0,0,3,3,1,2,0,0,4,0,4,0
14377,4,1,1,0,0,1,0,0,1,3,4,3,2,4,3,0,4,0
14378,0,3,0,0,0,0,0,0,0,3,3,3,0,4,0,0,4,0
14379,0,1,0,0,4,0,0,0,0,4,3,3,0,1,4,0,2,0
14380,1,2,0,0,0,1,0,4,0,4,0,2,3,1,1,3,4,0
14381,0,1,0,0,2,0,0,3,4,1,2,2,0,4,2,0,2,0
14382,3,1,4,0,0,4,0,0,1,3,4,4,2,0,2,0,0,4
14383,0,1,0,0,1,0,0,0,1,3,3,2,0,1,1,0,1,0
14384,4,1,4,0,0,3,0,0,0,1,4,3,1,4,2,1,4,0
14385,0,2,0,0,1,0,0,1,3,1,3,3,0,4,4,0,2,0
14386,0,1,0,0,1,4,0,0,0,3,1,3,0,1,4,0,4,0
14387,0,2,1,0,0,1,0,0,0,3,2,3,0,1,1,0,4,1
14388,1,4,0,0,3,1,0,0,0,2,2,1,0,2,4,0,2,0
14389,0,3,2,0,0,4,0,1,0,3,4,3,2,3,2,1,2,4
14390,0,3,0,0,3,4,4,1,1,2,3,3,0,4,0,0,3,0
14391,0,3,0,0,3,0,0,4,1,4,3,2,0,2,4,0,4,0
14392,0,0,1,0,0,0,0,1,0,2,1,1,0,2,3,0,1,0
14393,0,4,4,0,1,4,0,1,0,3,3,3,4,3,4,0,3,0
14394,1,2,3,0,0,4,0,0,1,1,0,3,2,0,1,1,0,2
14395,0,0,4,0,1,0,0,0,0,1,3,3,0,2,0,0,1,4
14396,0,3,0,0,0,0,0,0,1,4,2,4,0,0,0,0,2,0
14397,2,3,2,3,0,2,0,0,0,4,4,4,4,1,4,2,4,3
14398,0,4,4,0,1,1,0,3,4,3,4,2,0,4,4,0,4,0
14399,0,3,0,0,1,1,0,0,0,1,4,2,0,4,0,0,4,0
14400,0,4,0,0,4,0,0,0,0,4,4,4,0,2,0,0,4,0
14401,0,3,4,0,1,0,0,3,3,3,3,3,0,4,1,0,2,0
14402,0,3,0,0,1,2,0,0,0,2,3,3,4,4,4,0,2,4
14403,0,1,0,1,4,4,3,2,3,3,4,3,0,2,3,0,4,0
14404,0,4,0,0,0,0,0,0,0,1,3,3,1,2,0,0,4,0
14406,0,4,0,0,0,0,0,0,0,2,3,4,0,1,0,0,2,0
14408,0,3,0,0,2,0,0,0,4,3,3,4,0,4,0,0,4,0
14409,0,0,0,0,0,0,0,0,4,4,2,3,0,1,0,0,4,1
14410,0,4,0,0,0,0,0,0,0,3,3,3,0,4,4,0,1,0
14411,0,4,0,0,1,0,4,0,4,3,2,2,0,3,4,0,2,0
14412,4,4,1,4,0,4,0,0,0,4,0,3,2,0,2,1,0,2
14413,0,3,1,0,2,0,0,0,0,4,2,3,0,4,1,0,1,0
14414,0,2,1,0,3,0,0,1,1,4,3,3,1,3,0,0,2,4
14415,0,2,0,0,3,0,0,0,0,2,1,2,0,1,0,0,2,0
14416,0,3,0,0,4,0,0,0,0,3,3,3,0,2,1,0,1,0
14417,0,4,0,0,4,0,0,0,0,1,1,2,0,4,1,0,3,0
14418,1,1,0,0,2,1,3,1,3,3,2,2,0,2,2,0,2,0
14419,0,3,0,0,0,1,0,0,3,1,4,2,4,4,4,0,0,4
14420,0,4,4,0,4,4,0,1,3,2,3,2,1,1,4,0,2,0
14421,0,3,0,0,1,0,0,0,0,1,2,1,0,0,4,0,1,0
14422,4,2,1,0,2,3,0,2,0,4,1,1,0,2,1,0,3,0
14423,0,2,4,0,2,2,0,2,1,1,4,3,1,3,1,0,1,1
14424,0,1,0,0,4,0,1,4,3,0,2,4,0,2,1,0,1,0
14425,0,2,2,0,0,1,0,0,2,2,1,2,3,0,3,3,0,0
14426,1,2,0,0,0,0,0,3,3,3,2,3,4,2,2,4,3,3
14427,2,4,4,0,0,3,4,0,3,3,1,2,3,1,3,4,0,3
14428,0,3,0,0,0,2,0,3,0,3,4,4,0,2,4,0,4,0
14429,0,4,4,0,3,4,0,4,1,4,2,3,0,2,4,0,2,0
14430,0,1,0,0,1,0,4,3,2,1,1,2,0,3,0,0,3,0
14431,0,4,0,0,2,4,4,4,2,3,4,4,0,4,1,0,4,0
14432,0,4,0,0,0,0,0,4,1,4,4,4,0,4,2,0,4,0
14433,0,4,1,0,4,1,1,2,2,3,2,1,0,3,2,0,2,0
14434,0,1,1,0,4,0,2,2,2,1,1,1,3,3,1,0,2,1
14435,0,1,0,0,0,1,4,4,4,1,2,2,0,2,4,0,1,0
14436,0,4,0,0,0,3,0,0,0,1,4,2,1,4,2,3,0,1
14437,0,3,0,0,3,0,0,4,4,2,2,2,4,2,4,0,2,3
14438,0,1,0,0,0,0,0,0,0,4,3,3,0,4,4,0,3,0
14439,4,4,4,0,0,0,0,0,0,0,0,4,3,0,4,0,0,0
14440,0,4,0,0,3,4,0,4,4,3,4,3,0,3,4,0,4,1
14441,0,1,0,0,1,0,0,2,2,3,2,2,0,3,0,0,3,1
14442,0,4,0,0,1,0,0,0,0,2,1,1,0,4,0,0,4,0
14443,2,3,1,0,0,1,1,0,2,4,0,4,1,0,2,1,0,0
14444,0,1,2,4,0,3,0,0,0,1,4,3,1,0,4,0,0,0
14445,0,3,4,0,4,0,0,0,0,4,3,3,0,4,1,0,3,0
14446,0,4,1,0,0,0,0,1,0,4,3,1,0,1,0,0,1,0
14447,0,2,1,1,0,2,0,0,2,1,0,3,1,0,1,3,0,2
14448,0,3,0,0,3,1,0,0,0,3,3,3,0,4,0,0,1,0
14449,0,2,4,0,4,2,0,1,1,4,3,2,1,2,4,0,0,1
14450,0,3,4,4,1,3,0,3,0,3,1,2,1,1,4,0,4,0
14451,0,3,1,2,0,1,0,0,4,2,4,2,1,4,3,1,4,0
14452,0,2,0,0,1,1,0,4,4,3,2,3,0,2,0,0,2,0
14453,0,3,0,0,4,0,0,1,0,3,2,2,0,3,0,0,3,4
14454,1,2,0,0,2,3,0,0,0,2,4,2,1,4,1,1,3,0
14455,0,1,1,0,0,0,1,1,4,1,3,2,1,2,1,0,2,0
14456,1,3,2,2,0,4,0,0,0,1,4,1,2,4,2,4,0,0
14457,0,3,1,0,4,1,0,1,4,2,2,2,0,2,0,0,2,0
14458,0,2,1,0,0,0,0,0,0,1,0,1,1,0,1,0,0,0
14459,0,0,0,0,0,0,0,0,0,3,3,3,4,4,4,0,0,0
14460,4,4,0,0,0,0,0,4,4,3,4,4,0,3,0,4,3,4
14461,0,2,0,0,1,0,4,0,0,1,3,2,0,3,0,0,3,0
14462,0,4,4,0,4,0,0,1,4,4,3,1,0,4,4,0,1,0
14463,4,4,0,0,4,4,0,4,1,3,4,2,4,2,2,3,0,0
14464,4,2,1,1,0,2,0,0,2,2,4,4,1,0,3,3,0,4
14465,0,1,0,0,3,0,0,0,1,3,1,1,1,2,4,0,4,0
14466,0,3,1,0,3,4,1,1,1,3,3,2,1,3,4,1,4,3
14467,0,4,4,0,4,0,2,1,2,2,4,4,4,4,0,0,2,4
14468,2,2,1,2,0,0,0,0,0,1,0,2,2,0,3,1,0,1
14469,0,0,0,0,1,0,0,0,0,1,3,4,4,1,4,0,4,0
14470,4,1,3,4,0,4,0,0,4,4,0,4,4,0,3,4,0,4
14471,0,3,0,0,0,0,0,0,0,1,1,3,4,1,0,0,4,0
14472,4,4,2,0,0,0,0,0,4,4,0,2,3,0,2,1,0,3
14474,2,1,3,4,0,2,0,0,4,3,4,1,3,0,3,3,4,3
14475,0,1,2,0,3,4,0,0,0,4,4,3,0,0,4,0,4,0
14476,1,3,2,2,0,1,0,0,2,1,0,2,2,0,4,3,0,3
14477,0,1,4,4,0,0,1,1,4,1,4,3,0,3,4,0,3,0
14478,0,4,0,0,3,3,0,0,4,2,3,3,0,4,1,0,1,0
14479,0,1,0,0,1,0,0,1,1,4,1,1,0,1,0,0,1,0
14480,0,4,0,0,1,0,0,0,0,3,3,3,2,0,3,0,1,0
14481,4,3,0,4,1,2,0,4,2,2,1,2,4,4,2,1,4,1
14482,0,1,0,0,4,1,4,2,3,3,3,2,2,4,4,0,2,2
14483,0,3,1,0,3,1,0,4,0,2,3,2,1,3,1,0,2,0
14484,0,1,0,0,4,0,0,0,0,3,1,2,0,1,0,0,1,0
14485,4,4,2,0,0,2,0,1,3,1,2,3,2,4,3,4,1,1
14486,4,1,4,0,3,3,0,1,1,2,4,3,0,2,4,1,1,1
14487,0,1,4,2,0,2,0,0,3,1,1,2,3,0,1,1,0,0
14488,0,3,0,0,3,0,0,0,0,2,2,2,0,4,0,0,4,0
14489,0,4,0,0,0,0,0,0,0,3,3,4,0,4,4,0,3,0
14490,3,2,1,0,4,1,3,1,2,3,1,1,2,2,4,0,4,0
14491,0,1,0,4,0,3,0,0,0,2,0,4,0,0,2,0,0,4
14492,0,1,0,0,1,4,0,3,0,3,4,3,0,4,0,0,1,4
14493,0,4,0,0,1,0,0,4,0,1,2,4,0,1,0,0,4,0
14494,0,1,1,0,1,0,0,0,1,2,1,1,0,3,1,0,2,0
14495,0,1,1,4,4,0,0,0,0,2,1,3,1,4,1,1,2,2
14496,4,2,4,1,3,4,4,1,4,4,3,4,4,2,4,4,3,0
14497,4,1,1,0,0,2,0,0,4,3,0,1,3,1,4,0,0,1
14498,0,3,0,0,3,0,0,0,0,2,2,4,0,0,0,0,1,0
14499,0,4,4,0,4,0,0,0,0,3,3,3,0,4,4,0,2,0
14500,3,1,2,3,0,3,0,0,4,1,4,4,3,4,4,3,4,1
14501,0,4,0,0,4,1,0,0,0,3,2,3,4,3,4,0,1,0
14502,0,3,0,1,0,0,0,0,4,2,1,3,2,0,4,1,0,3
14503,0,2,2,0,0,1,0,0,1,2,2,2,4,1,2,0,0,0
14504,0,2,0,0,4,0,0,0,0,3,3,4,0,3,0,0,4,0
14505,0,4,0,0,0,0,0,0,0,0,2,1,0,0,4,0,0,0
14506,0,2,0,0,3,0,0,4,4,3,3,3,0,1,0,0,1,0
14507,0,0,0,0,0,0,0,0,0,4,3,2,0,0,0,0,4,0
14508,2,4,4,0,0,4,0,0,0,0,0,3,4,0,3,0,0,0
14509,2,2,1,0,0,1,0,0,1,3,0,1,4,0,1,2,0,1
14510,1,2,0,0,4,2,0,0,2,1,3,2,0,4,1,4,3,0
14511,0,4,1,0,0,1,0,0,4,1,1,3,4,0,3,0,0,0
14512,0,0,0,0,0,0,0,0,0,0,1,1,0,4,0,0,0,0
14513,0,2,0,0,1,1,0,1,0,3,4,3,0,2,4,0,2,0
14514,0,4,0,0,3,0,0,0,0,4,4,4,0,4,4,0,4,0
14515,0,3,4,0,3,1,0,0,0,3,2,2,3,1,4,0,0,0
14516,0,3,0,0,0,0,0,0,0,2,0,1,0,0,2,0,0,4
14517,0,4,0,0,4,4,0,4,4,1,3,1,0,3,4,0,4,4
14518,0,4,0,0,3,0,0,0,0,4,2,3,0,1,4,0,3,0
14519,0,1,1,0,2,1,0,0,1,4,4,3,0,1,3,0,2,0
14520,1,4,2,1,0,4,0,0,1,4,1,2,3,1,4,3,1,3
14521,0,3,4,0,4,4,0,2,3,3,2,3,4,4,3,0,4,0
14522,0,2,3,0,0,3,1,1,2,2,3,3,4,3,1,0,2,4
14523,1,4,1,0,0,4,0,0,0,3,0,2,1,4,2,2,0,0
14524,0,3,3,0,0,1,4,3,1,1,3,2,0,4,0,0,2,0
14525,0,1,0,0,1,0,0,0,0,3,1,3,0,4,0,0,4,4
14526,0,4,0,0,0,0,0,1,0,2,3,2,0,4,0,0,1,1
14527,2,1,2,4,0,0,0,4,0,3,3,3,3,3,3,1,1,0
14528,0,2,3,0,1,0,0,4,3,1,1,1,0,1,4,0,1,2
14529,0,3,3,0,1,0,0,1,0,2,2,2,0,2,0,0,3,0
14530,0,0,0,0,4,0,0,2,0,1,4,3,0,4,4,0,3,0
14531,0,2,0,0,4,0,0,0,0,1,2,2,0,1,2,0,4,0
14532,0,3,0,0,4,0,0,0,0,3,3,3,0,1,0,0,1,0
14533,1,0,4,1,0,2,1,4,2,1,4,3,2,4,2,2,2,2
14534,1,3,3,0,4,2,0,2,1,3,1,2,4,3,4,2,1,2
14535,0,4,0,0,1,1,1,1,2,2,2,2,4,4,1,0,3,0
14536,0,3,0,0,2,0,0,0,0,3,2,3,0,1,0,0,0,0
14537,0,2,4,0,0,0,0,0,0,1,4,1,3,0,3,0,0,0
14538,0,2,4,0,4,4,0,3,1,1,3,2,1,3,2,1,2,0
14539,0,2,0,0,1,0,0,1,3,2,1,3,0,1,4,4,2,0
14540,2,1,1,1,4,2,0,1,0,2,3,1,1,3,2,2,2,1
14541,0,4,0,0,4,0,0,0,0,2,4,2,0,4,1,0,1,0
14542,0,4,0,0,0,0,0,0,0,4,4,4,2,0,4,0,0,0
14543,0,2,1,0,0,2,0,0,4,4,1,3,2,1,2,2,0,2
14544,0,2,1,0,0,3,0,0,4,1,4,2,4,0,3,0,0,1
14545,0,4,0,0,3,0,4,4,1,2,3,2,0,1,0,0,3,0
14546,1,3,4,0,0,4,0,0,0,1,1,3,1,0,2,0,0,1
14547,0,0,0,0,2,0,0,2,0,4,3,3,0,3,4,0,2,3
14548,0,0,0,0,0,0,0,0,0,0,1,1,0,1,2,0,0,0
14549,0,2,2,0,0,3,0,3,4,3,4,2,2,4,1,0,2,0
14550,0,4,4,0,0,3,0,0,0,2,2,3,2,2,2,0,4,0
14551,0,1,1,0,0,0,0,1,4,3,4,4,0,2,1,0,1,0
14552,0,1,0,0,2,1,0,0,0,1,1,2,0,2,1,0,1,1
14554,1,4,1,1,0,3,0,0,1,2,1,1,1,0,2,2,0,1
14555,0,4,0,0,4,1,0,0,0,1,2,3,0,4,0,0,0,0
14556,0,4,0,0,0,4,0,0,1,3,2,3,0,4,4,0,1,0
14557,0,1,0,0,1,0,0,3,0,4,4,3,0,4,1,0,2,0
14558,0,1,0,0,3,0,0,4,0,1,4,1,4,2,1,0,1,1
14559,0,1,0,0,1,0,4,1,3,3,3,2,0,1,0,0,3,0
14560,2,1,1,4,0,3,0,0,4,3,2,2,4,0,4,2,0,3
14561,0,4,0,0,2,0,0,0,0,3,1,1,0,4,0,0,4,0
14562,0,0,0,0,4,0,0,0,0,2,1,1,4,2,0,0,4,0
14563,1,1,0,0,3,3,0,4,1,2,3,3,1,2,1,3,1,2
14564,0,3,0,0,0,0,0,0,0,3,2,3,0,0,0,0,0,0
14565,0,0,4,0,4,0,0,0,0,2,1,1,0,1,4,0,4,0
14566,0,2,1,0,0,1,0,0,1,3,4,3,3,0,3,4,4,3
14567,0,4,0,0,1,0,0,0,0,3,2,2,4,2,4,0,2,0
14568,0,2,3,0,1,0,0,0,0,4,3,2,1,4,4,4,3,3
14569,0,4,1,0,3,1,0,4,0,1,1,3,0,4,4,0,3,0
14570,4,2,4,3,0,1,0,0,4,3,1,2,2,2,4,1,1,0
14571,0,2,1,0,0,0,0,0,0,1,4,1,0,3,1,0,0,0
14572,0,4,0,0,4,0,0,0,0,3,3,3,0,1,1,0,4,0
14573,1,1,1,0,0,1,0,0,3,0,1,1,1,1,1,0,0,0
14574,0,3,3,1,1,3,4,1,4,3,3,3,1,2,3,0,2,0
14575,0,3,0,0,3,3,0,0,0,3,2,2,4,2,4,0,2,0
14576,0,4,0,0,1,1,0,4,4,4,2,3,0,2,0,0,2,0
14577,0,0,0,0,0,0,0,0,0,3,4,4,0,4,0,0,4,0
14578,1,1,2,0,0,4,0,0,1,2,4,3,3,0,4,4,0,4
14579,0,2,0,0,0,0,0,0,0,2,3,2,1,0,0,0,1,0
14580,2,4,0,4,0,3,0,0,2,4,0,4,2,0,1,0,0,0
14581,0,3,0,0,4,0,0,0,0,2,3,3,0,4,0,0,1,0
14582,0,2,1,0,0,1,0,0,0,2,0,1,1,0,1,0,0,1
14583,1,1,1,1,0,1,1,3,3,1,4,2,1,4,1,0,3,0
14584,0,0,0,0,0,0,0,0,4,1,4,4,0,0,0,0,0,0
14585,0,0,0,4,1,0,0,0,4,2,2,2,3,4,0,0,4,0
14586,0,1,3,0,0,1,0,0,0,3,0,3,2,0,4,4,0,4
14587,0,0,4,0,1,0,0,0,0,2,3,4,0,4,0,0,3,0
14588,0,3,0,0,4,0,0,0,0,3,3,1,0,4,0,0,2,0
14589,0,0,0,0,0,0,0,0,0,4,4,4,0,0,0,0,4,0
14590,0,1,1,0,0,0,0,0,1,4,4,3,3,0,4,0,4,0
14591,0,4,2,0,4,0,0,0,0,4,3,2,4,4,0,0,3,0
14592,0,4,0,0,1,0,2,2,3,2,1,1,4,0,0,0,2,0
14593,0,3,0,0,0,0,0,0,0,2,2,2,3,1,2,0,4,0
14594,0,3,1,1,0,2,0,0,0,3,4,3,4,0,4,4,0,0
14595,4,3,3,4,0,3,0,0,4,3,0,3,4,4,2,0,0,1
14596,4,1,4,0,0,2,4,0,2,4,4,4,4,0,4,0,0,0
14597,0,0,0,0,0,0,0,0,4,1,4,2,0,3,4,0,2,0
14598,0,4,4,0,4,0,0,0,0,3,4,4,0,4,0,0,0,0
14599,4,0,4,0,0,4,1,0,2,0,4,4,1,0,3,1,4,0
14600,0,1,0,0,1,1,0,4,1,2,4,4,0,2,1,0,3,0
14601,0,4,0,0,0,0,0,1,0,4,4,4,0,0,0,0,0,0
14602,0,0,0,0,0,0,0,0,0,1,1,1,0,0,0,0,0,0
14603,4,4,1,0,2,0,0,0,0,2,2,2,0,0,1,0,0,0
14604,0,2,0,0,1,0,0,1,0,4,4,4,4,3,4,0,3,0
14605,0,1,0,0,2,0,0,4,0,3,3,3,0,2,2,0,3,0
14606,4,3,1,2,0,3,0,0,0,2,0,2,2,0,2,3,0,2
14607,0,1,1,0,1,4,0,0,4,1,1,1,3,0,2,3,0,2
14608,0,3,0,0,1,4,0,4,4,3,3,3,0,1,0,0,2,0
14609,0,4,0,0,0,0,0,0,0,0,1,1,0,0,0,0,0,0
14610,0,4,0,0,0,1,0,0,0,1,4,4,4,0,0,0,0,0
14611,0,2,0,0,2,3,0,0,4,3,2,2,4,1,4,0,1,0
14612,2,1,3,3,0,4,0,0,4,2,1,2,3,3,3,3,4,2
14613,0,1,0,0,3,4,0,4,2,4,3,2,0,2,4,0,2,0
14614,0,1,1,0,1,0,0,1,4,2,2,4,0,4,1,0,3,1
14615,0,4,0,0,1,0,0,1,0,2,2,3,0,1,0,0,2,0
14616,0,0,0,0,0,0,0,0,0,1,2,2,0,1,0,0,3,0
14617,0,1,1,0,0,0,0,0,0,1,0,1,0,0,1,0,0,0
14618,0,3,4,0,1,1,2,3,2,4,1,2,0,2,1,0,1,0
14619,0,1,1,1,4,1,0,3,4,4,4,4,1,2,1,2,4,2
14620,0,2,1,0,0,0,0,0,0,0,3,2,0,3,4,0,0,0
14621,0,4,4,2,0,0,0,0,0,4,2,3,1,1,1,0,3,0
14622,0,1,0,0,0,0,4,2,4,1,1,3,0,1,4,0,4,0
14623,0,3,1,0,2,4,0,0,0,1,1,1,0,2,0,0,2,0
14624,0,3,0,0,2,0,0,0,0,2,3,4,0,1,0,0,4,0
14625,0,1,0,0,0,0,2,2,3,3,3,3,0,2,0,0,3,0
14626,0,0,0,0,0,1,0,0,0,0,4,1,1,0,1,0,0,0
14628,4,3,4,0,0,1,1,3,2,3,1,2,4,2,4,0,2,4
14629,0,3,2,4,0,2,0,0,0,2,1,1,3,0,3,4,4,2
14630,0,3,1,1,4,4,0,0,4,3,0,3,3,0,2,3,0,4
14631,0,1,1,4,4,1,0,0,4,1,3,3,4,0,2,0,3,1
14632,0,0,0,0,1,0,4,4,0,1,3,3,0,1,0,0,4,0
14633,0,4,1,0,0,0,0,0,0,3,2,2,4,2,4,0,2,4
14634,1,3,0,0,0,1,0,1,1,1,4,3,0,1,1,1,1,1
14635,0,4,4,0,1,4,4,2,3,1,3,3,0,3,3,0,2,0
14636,0,0,0,0,0,0,2,2,1,1,1,2,0,3,1,0,1,1
14637,0,3,1,0,1,4,0,3,0,2,1,2,0,2,4,0,4,2
14638,0,3,0,0,4,0,0,0,0,2,2,3,0,2,0,0,1,0
14639,1,3,1,4,0,3,0,0,0,3,4,4,4,4,2,1,4,3
14640,1,4,0,0,0,4,0,0,4,4,3,4,3,3,3,1,4,1
14641,0,4,2,0,4,0,0,1,0,4,3,1,0,3,0,0,2,0
14642,0,1,0,0,0,0,0,1,0,2,2,3,4,4,1,0,3,1
14643,1,3,4,0,1,1,0,1,0,2,1,2,1,1,1,2,1,1
14644,0,4,1,0,4,4,0,0,0,1,2,4,1,4,2,0,3,0
14645,0,1,4,0,0,0,0,4,0,1,1,1,1,1,1,0,4,0
14646,0,2,0,0,0,1,0,0,0,1,4,2,4,0,1,0,0,0
14647,0,3,0,0,0,1,0,0,4,3,3,2,1,2,3,4,3,0
14648,0,2,4,0,0,3,0,4,4,2,2,1,0,2,4,0,4,0
14649,4,4,1,0,0,1,0,0,0,2,3,4,2,0,4,2,0,1
14650,0,2,0,0,0,4,0,4,0,4,4,4,3,1,2,0,4,0
14651,0,3,3,4,0,2,0,0,2,4,4,2,1,4,2,1,4,4
14652,0,3,4,0,1,4,0,0,0,3,3,2,0,1,0,0,1,0
14653,0,2,1,1,1,1,0,0,3,2,1,1,1,2,2,1,1,1
14654,0,4,4,0,0,0,0,0,0,3,3,2,0,4,1,0,4,0
14655,3,3,4,0,0,4,1,1,3,2,1,3,2,1,4,3,1,0
14656,1,2,2,1,4,2,0,4,1,4,4,3,4,3,2,2,1,1
14657,0,1,0,0,4,1,0,0,0,3,1,1,0,4,1,0,1,0
14658,0,2,0,0,3,0,0,1,3,1,2,2,0,2,2,0,2,0
14659,1,2,4,0,1,4,0,3,3,2,4,3,2,1,1,2,1,2
14660,0,3,0,0,3,0,0,0,0,2,2,2,0,4,0,0,3,0
14661,0,2,2,0,3,0,0,4,0,2,1,3,0,4,4,0,2,0
14662,4,1,1,0,0,1,0,0,1,3,0,1,1,0,1,2,0,1
14663,0,0,0,0,1,0,0,1,0,4,1,4,0,3,4,0,4,0
14664,0,4,0,0,0,1,0,0,0,4,0,3,2,0,1,0,0,0
14665,0,4,3,0,1,4,0,0,0,3,2,3,3,2,4,1,3,1
14666,3,2,1,0,0,4,0,0,4,3,4,3,4,0,2,4,0,1
14668,0,1,4,0,1,0,0,0,1,3,4,3,0,0,0,0,1,0
14669,0,1,2,0,0,4,0,0,0,3,4,2,4,1,1,2,4,2
14670,4,1,2,1,0,2,0,0,4,2,4,3,1,0,2,0,0,4
14671,0,1,0,0,2,0,0,0,0,4,2,1,0,4,0,0,2,0
14672,0,4,0,0,0,4,0,0,0,1,1,4,4,0,2,0,0,0
14674,0,1,4,0,4,2,0,4,4,1,4,1,1,3,1,0,4,0
14675,0,2,0,1,1,2,0,0,2,3,1,1,1,0,1,4,0,0
14676,0,4,0,0,1,0,0,4,1,3,2,3,0,3,4,0,3,0
14677,0,4,0,0,0,0,0,0,0,1,4,3,0,2,0,0,4,0
14678,0,2,0,0,0,0,0,0,0,4,1,1,0,0,0,0,2,0
14679,0,2,0,0,1,0,0,0,0,2,2,4,4,2,0,0,4,3
14680,2,3,2,1,1,2,2,4,1,1,1,2,4,4,2,3,4,4
14681,0,0,0,0,1,0,0,0,4,1,2,2,0,3,4,0,4,0
14682,0,1,0,0,2,1,0,4,1,1,1,1,0,2,0,0,2,0
14683,4,1,0,0,1,0,0,3,1,2,2,2,4,3,4,0,1,0
14684,0,3,3,0,1,3,0,0,4,4,4,4,2,4,4,4,4,0
14685,0,3,4,0,0,0,4,1,4,3,3,4,0,4,4,0,2,1
14686,0,0,0,0,1,1,0,0,0,2,1,1,1,4,1,0,0,0
14688,0,0,0,0,1,0,0,0,0,2,3,3,0,3,0,0,2,0
14689,0,1,0,0,4,1,1,1,1,4,1,2,0,1,0,0,1,0
14690,0,4,2,0,2,0,0,1,0,4,3,3,0,2,1,0,3,0
14691,1,3,2,0,0,3,0,4,0,2,2,2,1,1,2,1,1,1
14692,0,0,4,0,0,0,0,4,0,3,4,4,0,4,2,0,4,0
14693,0,1,0,0,4,0,0,3,2,4,4,4,0,2,0,0,3,0
14694,0,0,0,0,3,0,0,0,0,1,2,2,0,1,0,0,0,0
14695,0,4,0,0,0,0,0,3,4,1,2,2,0,3,0,0,3,0
14696,2,2,0,0,0,1,0,0,0,4,0,4,3,0,1,3,0,4
14697,0,4,1,0,0,3,0,0,1,1,4,4,3,0,4,0,3,3
14699,1,2,1,0,0,0,0,0,0,2,4,1,4,0,0,0,0,0
14700,1,1,2,3,4,2,0,0,0,2,1,3,3,2,3,1,1,3
14701,0,2,0,0,1,4,0,4,0,1,3,2,0,2,1,0,1,0
14702,4,4,4,0,1,4,0,0,4,0,4,4,4,3,4,4,1,0
14703,0,4,4,0,2,0,0,3,4,1,3,4,0,4,4,0,3,0
14704,0,2,0,0,4,0,0,0,0,1,4,1,0,3,3,0,3,0
14705,4,1,1,1,0,2,0,0,3,3,3,3,2,3,2,3,4,2
14706,3,2,1,0,1,2,0,3,1,1,4,3,4,1,1,3,1,3
14707,0,0,0,0,0,0,0,1,0,0,1,1,0,1,0,0,1,0
14708,1,1,4,0,0,0,0,3,0,4,3,3,2,1,3,0,0,0
14709,4,2,2,4,0,3,0,0,4,4,4,4,3,4,3,1,4,4
14710,0,2,0,0,2,1,0,0,2,3,2,2,0,4,4,0,1,0
14711,0,0,0,0,0,0,0,4,0,4,4,4,0,4,4,0,3,0
14712,0,2,4,0,0,1,1,1,2,3,4,3,4,4,1,1,3,2
14713,0,2,2,0,0,1,0,0,0,2,1,2,0,0,2,0,0,0
14714,0,3,0,0,3,0,0,4,0,1,2,1,0,4,0,0,4,0
14715,1,4,1,0,0,3,4,2,3,2,4,4,2,1,2,1,3,1
14716,3,2,0,4,4,1,0,0,0,3,4,4,2,0,2,0,1,0
14717,0,2,4,0,1,1,4,3,4,3,4,4,0,3,1,0,4,0
14718,4,4,2,4,3,1,0,0,0,2,1,3,3,4,4,1,4,2
14719,1,4,4,0,4,0,0,0,3,4,4,4,1,4,4,0,4,4
14720,1,3,0,3,0,4,0,0,4,3,0,2,1,0,3,4,0,4
14721,4,4,1,1,0,1,4,4,4,3,4,4,4,0,2,1,4,0
14722,0,1,0,0,1,0,0,0,0,3,2,2,0,1,0,0,2,0
14723,0,3,4,0,0,4,0,2,1,3,2,1,0,1,1,0,4,4
14726,0,0,0,1,0,1,0,1,1,3,3,1,0,1,1,0,1,0
14727,4,2,1,2,1,2,0,0,1,4,3,4,3,4,4,3,0,1
14728,0,3,4,0,0,4,0,0,4,4,2,3,2,4,1,0,2,4
14729,0,4,0,0,4,0,0,0,0,1,2,3,1,1,4,0,4,0
14730,0,1,1,0,0,0,0,4,0,1,2,2,3,4,3,1,4,0
14731,0,4,0,0,4,0,0,0,0,2,2,3,0,4,0,0,4,0
14733,0,2,1,4,0,2,0,0,1,1,1,1,2,0,1,4,0,1
14734,0,2,0,0,4,1,0,4,0,3,1,3,0,2,1,0,4,4
14735,4,3,4,0,0,1,0,0,4,2,1,1,4,4,4,4,1,3
14736,0,0,0,0,1,0,0,0,0,2,2,3,0,1,0,0,4,0
14737,0,2,0,0,2,1,0,1,1,2,2,2,0,1,0,0,3,0
14738,0,3,0,0,3,0,0,0,0,2,3,3,0,1,0,0,3,0
14739,0,1,0,0,1,1,4,4,3,2,3,2,0,2,0,0,2,0
14740,0,1,0,0,3,4,0,3,1,2,1,1,4,3,3,0,1,3
14741,0,1,0,0,4,0,0,3,0,4,2,3,0,4,1,0,2,0
14742,0,2,1,0,0,0,0,0,0,3,3,3,1,4,1,0,0,0
14743,0,2,0,0,2,0,0,0,0,3,2,3,0,2,0,0,2,0
14744,0,2,0,0,0,1,0,0,0,2,1,2,0,3,1,0,1,0
14745,2,4,3,4,0,2,0,0,4,3,1,3,3,0,3,3,0,4
14746,0,0,0,0,2,0,0,0,0,2,4,3,0,1,0,0,0,0
14747,3,3,1,4,4,1,3,3,2,3,4,4,1,4,1,3,4,4
14748,0,3,0,0,3,0,0,0,0,3,4,4,0,3,0,0,1,0
14749,4,1,2,0,4,2,0,1,3,3,4,4,3,4,3,0,2,1
14750,0,1,1,4,0,2,0,0,0,3,4,3,0,1,1,1,0,0
14751,0,2,0,0,1,1,0,2,4,1,1,1,0,2,4,0,4,0
14753,0,4,1,0,0,0,0,4,3,2,4,2,0,4,0,0,3,0
14754,1,2,1,0,4,0,0,0,4,4,4,4,4,0,3,4,4,0
14755,0,0,0,0,0,1,0,4,4,4,3,3,4,0,1,1,3,1
14757,4,2,3,1,4,4,3,4,3,1,4,1,4,4,2,4,1,4
14758,0,1,0,0,1,1,0,0,0,3,2,4,0,3,0,0,2,0
14759,0,1,0,0,0,1,0,0,0,4,1,3,0,1,4,0,3,0
14760,0,4,0,0,4,3,0,0,0,4,2,4,1,3,2,0,0,0
14761,0,1,0,0,0,4,3,3,4,4,4,2,4,2,2,0,3,0
14762,0,4,4,0,0,2,0,0,1,4,0,4,2,0,3,0,0,0
14763,4,4,2,4,2,2,0,0,0,1,1,3,3,3,1,1,2,3
14764,0,2,0,0,4,0,0,0,0,2,2,2,0,2,0,0,2,0
14765,0,2,1,0,1,0,0,0,0,3,3,2,1,4,4,0,4,0
14766,0,3,0,0,4,4,0,2,3,4,2,2,4,2,4,0,2,0
14767,0,0,1,0,4,0,0,2,0,3,3,3,0,4,1,0,2,0
14768,1,4,3,0,0,1,0,0,3,2,0,1,4,0,3,1,0,0
14769,4,1,2,0,0,3,0,0,0,3,0,3,2,3,3,0,0,0
14770,0,1,4,0,4,0,0,4,0,3,1,2,4,2,4,0,1,4
14771,0,2,0,0,1,3,0,2,4,4,2,3,0,1,3,0,2,1
14772,0,4,0,0,2,1,0,0,0,4,1,3,0,3,4,0,2,0
14773,0,3,4,0,4,0,0,2,0,3,4,2,0,3,2,0,1,0
14774,0,3,0,0,2,0,0,2,3,3,2,2,0,1,3,0,3,0
14775,0,0,4,0,0,4,0,0,0,4,4,1,0,4,4,0,0,0
14776,0,1,4,0,0,0,1,4,1,1,1,2,0,2,4,0,2,0
14777,0,4,2,0,3,1,0,1,1,2,4,3,0,2,4,0,2,0
14778,0,4,0,0,4,0,3,2,3,3,1,2,0,2,0,0,1,0
14779,0,3,1,0,0,0,3,0,1,3,0,4,3,0,4,3,0,2
14780,1,1,1,0,2,4,0,1,0,1,2,1,2,3,4,0,4,0
14781,1,4,1,0,4,0,0,0,0,3,3,4,4,4,2,0,4,1
14782,0,0,0,0,1,4,2,4,3,3,1,2,1,2,4,0,3,0
14783,0,0,0,0,0,0,0,0,0,1,1,2,0,0,0,0,2,0
14784,0,1,0,0,2,0,0,0,0,1,1,3,0,2,4,0,4,1
14785,0,3,0,0,0,0,0,1,2,4,3,3,2,4,1,0,3,0
14786,0,1,0,0,1,1,0,1,0,2,3,2,0,2,0,0,4,0
14787,0,3,3,0,0,1,0,0,4,2,0,4,3,0,4,4,0,0
14788,0,2,0,0,2,0,0,0,0,2,3,3,0,2,0,0,2,0
14789,0,2,4,0,4,0,0,2,3,3,1,1,0,1,1,0,1,0
14790,2,3,3,3,1,3,0,1,0,2,1,2,4,2,4,2,3,1
14791,0,1,2,4,0,2,2,4,2,1,4,3,1,4,2,1,2,0
14792,0,1,4,0,3,4,0,0,2,3,1,1,0,1,0,0,1,0
14793,0,3,4,0,2,0,0,0,0,3,3,2,0,3,4,0,1,0
14794,0,1,0,0,0,0,0,1,0,4,3,2,0,3,1,0,2,0
14795,0,1,1,0,1,1,0,1,1,3,2,2,0,2,1,0,1,0
14796,0,1,0,0,3,1,0,4,0,3,2,3,0,2,4,0,2,1
14797,0,4,1,0,0,1,0,3,4,3,1,4,0,2,0,0,3,4
14798,0,3,0,0,1,0,0,4,4,3,2,4,0,3,1,0,2,0
14799,0,3,0,0,3,0,0,0,0,3,3,2,0,1,0,0,0,0
14800,0,4,1,0,4,0,0,0,0,1,2,3,0,1,0,0,3,0
14801,0,3,4,0,0,4,1,3,4,4,2,4,0,4,4,0,4,0
14802,2,3,4,1,0,4,0,0,1,2,1,3,1,0,1,1,0,3
14803,0,4,3,0,2,1,4,2,4,2,1,4,0,3,3,0,2,1
14804,0,3,1,0,0,4,0,0,0,4,3,3,2,4,1,0,3,0
14805,4,1,2,4,0,4,0,1,3,2,0,3,4,0,1,1,0,0
14806,0,3,4,0,1,0,0,0,0,1,3,1,0,2,0,0,2,0
14807,0,1,0,0,1,0,0,2,4,2,3,3,0,2,1,0,1,0
14808,0,1,0,0,1,0,0,3,0,3,4,3,0,2,3,0,4,0
14809,0,2,0,0,4,0,0,3,4,2,2,2,0,2,4,0,4,0
14810,0,3,0,0,4,0,0,0,0,3,2,3,0,4,0,0,3,0
14811,0,0,1,4,4,2,0,1,0,2,1,1,0,4,4,0,1,0
14812,0,1,1,0,3,1,0,3,4,4,3,4,0,4,1,0,3,4
14813,0,1,0,0,2,4,0,0,0,3,3,3,0,0,1,0,2,0
14814,0,3,0,0,3,4,0,2,0,1,4,4,0,1,4,0,2,1
14815,1,3,1,2,0,1,0,0,0,2,3,3,3,0,1,1,0,0
14816,0,4,0,0,1,4,0,3,1,1,3,2,0,2,0,0,3,0
14817,0,3,0,0,3,0,0,0,0,3,3,4,0,4,0,0,1,0
14818,4,2,4,4,0,1,0,0,0,2,0,2,2,0,2,3,0,0
14819,0,4,0,0,3,1,1,1,1,2,2,2,0,2,2,0,3,0
14820,1,1,4,0,0,3,0,0,0,3,0,2,2,4,4,2,0,0
14821,0,3,0,0,4,0,4,3,3,2,4,3,0,1,0,0,2,0
14822,1,2,3,2,0,3,0,0,0,3,0,3,2,0,3,1,0,3
14823,0,4,0,0,1,4,0,0,0,4,2,2,0,2,4,0,1,0
14824,0,0,0,0,3,1,0,1,3,2,3,2,0,4,3,0,2,0
14825,0,1,0,0,0,0,0,0,0,2,2,2,0,0,4,4,2,0
14826,1,1,4,0,0,4,0,0,4,1,1,1,1,0,2,4,0,0
14827,0,2,0,0,4,0,0,4,0,2,4,3,0,4,1,3,4,2
14828,0,4,1,0,3,0,0,2,4,2,2,3,0,1,4,0,3,1
14830,0,2,1,2,0,3,0,0,4,1,1,3,1,2,1,0,4,3
14831,4,2,1,0,1,0,0,0,0,3,2,2,1,3,0,0,1,0
14832,0,0,0,0,0,0,0,0,4,2,2,3,0,1,1,0,0,0
14833,0,3,4,1,0,2,0,0,1,3,4,3,4,0,3,0,0,0
14834,0,4,0,0,4,0,0,1,2,3,4,4,0,1,0,0,1,4
14835,4,3,1,1,1,1,0,0,2,0,1,1,4,1,2,0,0,0
14836,0,0,0,0,0,0,0,0,0,3,3,4,0,1,0,0,0,0
14837,0,2,0,0,4,2,1,1,1,3,3,2,0,1,1,0,4,0
14838,0,2,3,0,2,1,0,0,0,1,1,1,2,0,2,4,1,4
14839,4,1,0,0,0,1,3,3,2,3,4,2,1,4,1,1,1,0
14840,0,2,4,0,1,1,4,4,0,1,4,3,0,2,2,0,2,0
14841,0,4,0,0,0,0,0,4,1,3,3,3,0,4,4,0,4,0
14842,0,1,0,0,4,4,0,0,4,3,1,2,0,4,1,4,3,0
14844,0,3,1,0,1,2,0,4,0,1,1,3,2,2,1,0,3,0
14845,0,1,4,0,0,4,0,1,0,3,1,3,0,3,4,4,4,0
14846,0,2,0,0,2,1,0,0,0,2,2,1,0,4,4,0,1,0
14847,0,3,4,0,0,4,0,0,3,3,1,2,2,0,2,4,0,2
14848,0,3,0,0,0,1,0,4,1,1,1,1,0,3,3,0,2,0
14849,0,3,4,0,3,4,0,1,0,1,4,2,0,1,1,0,4,0
14850,0,2,1,0,0,4,0,0,4,1,1,1,2,1,1,1,2,2
14851,0,4,1,0,2,2,0,0,0,1,4,2,0,1,1,2,1,3
14852,1,4,1,2,0,4,0,0,1,2,0,3,1,0,1,0,0,3
14853,0,0,4,4,0,4,0,0,1,3,2,2,1,3,4,0,0,0
14854,0,0,0,0,0,4,0,0,0,0,1,0,4,0,1,0,0,0
14855,4,3,4,1,0,3,0,0,4,1,4,4,3,4,4,4,0,0
14856,0,3,0,0,0,0,0,4,0,3,2,3,0,1,0,0,2,0
14857,0,4,2,0,4,0,0,1,1,3,2,3,0,3,0,0,1,0
14858,0,1,0,0,3,0,0,0,0,3,2,3,0,1,0,0,2,0
14859,1,3,0,0,1,0,0,0,0,1,3,3,0,0,0,0,3,0
14861,1,4,0,0,0,0,0,0,1,3,1,2,2,4,4,0,0,0
14863,0,1,0,0,1,4,4,3,2,2,4,4,0,3,1,0,3,0
14864,0,1,0,0,3,4,4,4,4,1,3,2,4,3,4,0,4,0
14865,0,0,0,0,4,0,0,0,0,2,3,1,0,1,0,0,1,0
14866,3,1,1,0,0,2,0,0,2,2,0,1,1,0,3,4,0,4
14867,0,3,4,0,3,0,0,2,4,3,4,3,0,4,0,0,4,0
14868,4,4,1,0,0,0,4,1,1,1,4,3,1,1,3,1,1,0
14869,0,3,4,0,0,1,0,4,1,2,4,4,4,4,2,0,4,0
14870,0,4,0,0,0,0,0,4,4,3,3,2,0,2,4,0,3,0
14871,0,1,4,0,0,1,0,0,0,4,1,1,0,0,1,0,0,0
14872,0,4,0,0,3,3,4,1,3,2,3,3,0,3,4,0,4,4
14873,3,1,3,0,4,1,0,1,3,1,2,1,3,1,3,0,2,1
14874,0,3,4,0,2,2,0,3,3,4,4,4,0,4,3,0,4,0
14875,0,4,1,0,4,3,0,2,1,3,4,4,0,1,3,0,4,0
14876,0,1,4,0,2,0,0,0,4,2,3,4,0,4,2,0,3,0
14877,0,3,2,4,4,4,0,0,4,2,4,4,0,4,3,1,4,0
14878,3,1,1,0,0,2,0,0,1,4,4,1,1,0,1,3,0,1
14879,1,4,2,0,2,1,4,1,1,4,4,4,4,2,1,0,3,0
14880,4,1,3,1,0,2,0,0,4,3,0,1,1,1,1,3,0,3
14881,3,3,2,0,1,4,0,1,4,1,1,1,4,2,4,0,1,4
14882,0,3,0,0,4,0,0,0,0,4,2,3,0,4,0,0,3,0
14883,0,4,1,1,4,3,0,2,1,4,4,1,2,3,4,4,4,0
14884,0,4,0,0,4,3,1,4,2,3,2,3,0,2,2,0,4,3
14885,0,0,0,0,1,1,0,0,0,4,3,3,0,2,3,0,3,0
14886,0,4,0,0,0,0,0,0,0,1,1,1,0,4,0,0,3,0
14887,0,4,0,0,0,0,0,0,0,2,2,2,0,2,1,0,3,0
14888,0,0,0,0,0,1,0,0,0,2,3,3,0,0,4,0,0,0
14889,0,3,2,0,0,1,0,0,0,3,0,1,4,0,1,1,0,0
14890,0,0,0,0,1,0,0,2,4,4,3,2,0,2,1,0,4,1
14891,0,4,0,0,0,4,0,3,4,1,4,1,1,0,1,0,3,0
14892,0,1,0,0,1,0,0,0,0,2,1,1,0,2,0,0,1,0
14893,1,1,2,0,0,3,0,0,1,4,0,1,2,0,3,0,0,0
14894,0,3,2,0,0,4,0,0,4,1,0,2,4,4,3,2,0,4
14895,0,2,4,0,1,0,0,1,0,2,3,2,0,4,4,0,1,0
14896,0,0,0,0,0,0,0,4,0,2,2,2,0,2,1,0,1,0
14897,0,0,0,0,1,4,0,0,0,2,1,1,0,3,1,0,2,1
14898,4,4,1,0,0,3,4,4,3,2,4,4,1,0,2,3,0,0
14899,0,1,1,0,0,0,0,0,0,3,2,4,0,2,0,0,1,0
14900,0,4,0,0,0,1,0,0,0,2,2,2,0,1,0,0,4,0
14901,0,2,0,0,3,3,0,1,0,4,1,2,0,4,0,0,1,1
14902,1,4,0,0,3,0,0,4,0,2,1,1,0,1,4,0,4,0
14903,4,3,1,1,0,2,0,0,1,2,0,1,3,0,2,3,0,2
14905,0,0,0,0,4,2,0,0,0,1,2,2,0,1,1,0,1,0
14906,2,3,1,2,0,1,0,0,0,3,4,2,1,0,3,0,0,0
14907,0,1,0,0,3,0,0,0,0,3,3,3,0,4,0,0,2,0
14908,0,1,0,0,4,0,0,0,4,4,2,1,0,4,0,0,3,0
14909,1,1,0,0,1,1,0,3,4,3,4,1,3,2,1,2,2,4
14910,0,1,4,0,1,1,0,0,0,2,3,4,0,2,1,0,1,0
14911,0,1,0,0,1,1,0,4,0,1,1,2,0,2,3,0,1,0
14912,0,2,1,0,4,4,0,4,1,1,3,4,1,0,4,4,0,0
14913,0,4,4,0,0,1,0,0,1,3,3,3,0,2,4,0,2,0
14914,0,1,1,0,4,3,0,4,0,3,2,2,0,4,2,0,3,4
14915,0,1,0,0,4,4,0,0,1,4,1,1,0,1,3,0,2,1
14916,0,1,0,0,4,1,0,0,0,2,3,2,0,1,1,0,3,0
14917,1,1,1,0,0,1,0,0,0,1,0,2,2,4,1,0,4,0
14918,2,1,1,0,4,4,0,0,0,1,1,2,1,1,1,1,0,0
14919,4,1,1,0,4,3,3,1,2,2,4,2,4,0,1,3,0,2
14920,4,4,1,4,0,3,0,0,4,4,4,4,2,4,4,1,4,4
14921,0,4,4,0,1,0,0,2,3,2,2,2,0,4,4,0,3,0
14922,0,4,0,0,4,1,0,4,0,3,2,3,0,4,0,0,4,0
14924,4,4,3,0,0,3,0,0,1,4,4,1,0,0,3,1,0,0
14926,0,1,0,0,0,0,0,0,0,1,3,2,0,0,3,0,1,0
14927,0,2,0,0,0,0,0,2,0,2,1,2,1,3,1,0,3,1
14928,0,2,0,0,4,4,0,1,3,2,3,1,1,3,4,0,0,0
14929,0,1,0,0,2,0,0,2,0,4,4,4,3,3,0,0,4,0
14930,3,0,0,0,0,4,0,3,3,0,1,1,4,1,2,0,1,0
14931,0,4,4,0,0,4,0,0,4,2,1,3,1,1,3,1,0,1
14932,0,3,4,0,3,0,4,4,0,4,1,1,0,1,1,0,4,0
14933,0,4,0,0,0,0,0,0,4,2,0,3,0,0,1,0,0,0
14934,0,2,4,0,4,4,0,0,0,3,2,3,1,3,1,0,2,0
14935,0,1,3,0,3,1,0,1,1,2,2,2,0,2,0,0,4,4
14936,0,1,1,0,1,1,0,4,2,3,2,3,0,0,0,0,4,4
14937,0,4,4,0,3,0,1,4,4,4,4,4,0,4,0,0,4,0
14938,0,3,0,0,0,0,1,4,2,2,3,2,0,2,0,0,2,0
14939,1,3,1,1,4,2,2,3,2,3,1,3,3,4,4,4,2,4
14940,0,3,2,4,3,3,0,0,4,1,4,4,3,2,1,3,4,4
14941,4,3,4,2,0,0,0,0,0,2,0,3,1,1,4,1,0,1
14942,1,3,1,0,0,4,0,0,0,3,0,3,1,0,3,1,0,0
14943,0,4,0,0,4,1,0,2,1,3,3,2,0,4,4,0,2,0
14944,1,1,1,4,0,1,4,0,2,4,4,1,1,4,1,1,4,1
14945,4,2,1,0,3,4,0,4,0,3,2,2,1,4,1,3,1,0
14946,4,4,4,0,0,4,0,0,0,4,1,3,1,0,2,0,0,0
14947,0,0,0,0,4,0,0,0,0,1,1,1,0,1,0,0,4,0
14948,0,3,0,0,4,0,0,0,0,2,1,2,0,1,3,0,1,4
14949,0,2,0,0,0,4,0,0,0,3,1,2,0,1,3,0,1,4
14950,0,0,4,1,0,1,0,0,0,1,4,1,2,0,4,1,0,4
14951,0,2,4,0,1,1,0,4,4,2,2,2,0,2,4,0,4,0
14952,0,2,4,0,2,0,0,0,0,3,3,3,1,4,0,0,0,0
14953,0,0,0,0,0,0,4,2,2,1,1,1,4,1,0,0,3,0
14954,0,4,0,0,0,0,0,3,4,4,4,4,0,4,3,0,0,0
14955,0,4,0,0,1,0,0,2,3,2,3,2,0,4,0,0,4,0
14956,2,4,3,0,0,2,0,0,4,2,4,3,3,4,1,4,0,0
14957,0,2,0,0,4,0,0,0,0,2,2,3,0,4,0,0,0,0
14958,0,3,1,0,0,0,0,0,0,1,1,2,1,1,4,1,1,1
14959,0,3,0,0,4,0,0,4,0,4,1,2,0,1,4,0,3,4
14960,0,3,0,0,1,1,4,0,0,2,2,3,0,1,0,0,3,0
14961,0,3,0,0,1,0,0,0,0,2,4,2,3,3,0,0,2,0
14962,0,2,4,0,4,0,0,3,4,3,1,2,0,3,4,0,4,4
14963,0,2,0,0,0,0,0,0,0,3,1,2,0,1,0,0,4,0
14964,0,4,0,0,4,0,0,0,4,2,3,2,0,0,0,0,1,0
14965,0,4,0,0,0,0,0,0,0,2,1,2,0,0,3,0,0,0
14966,0,2,1,2,1,2,0,4,1,1,2,1,3,2,2,4,2,1
14967,0,0,0,0,0,0,0,0,0,0,0,1,2,1,0,0,0,0
14968,3,3,2,0,0,4,0,0,0,2,4,2,4,0,1,3,0,2
14969,0,4,1,0,4,0,0,4,0,2,3,2,0,1,0,0,1,0
14970,0,2,0,0,4,1,4,1,4,1,2,3,0,3,0,0,3,0
14971,4,3,2,0,0,4,0,0,4,2,0,2,2,0,4,3,0,2
14972,0,2,0,0,1,0,0,0,0,2,3,3,0,4,0,0,1,0
14973,1,3,0,0,0,1,0,1,3,3,1,4,4,0,4,0,0,4
14974,0,4,0,0,0,0,0,0,0,2,4,4,0,4,0,0,2,0
14975,0,4,0,0,0,0,1,3,1,3,1,2,0,2,4,0,4,0
14976,0,4,0,0,1,1,0,4,0,3,3,4,0,3,4,0,4,4
14977,0,3,1,0,1,1,0,0,4,2,4,4,0,1,1,4,1,0
14978,1,1,0,0,1,0,1,3,1,2,4,3,0,1,0,0,2,0
14979,0,2,1,0,1,1,0,0,0,3,3,3,0,2,0,0,4,3
14980,0,1,4,4,1,4,0,4,4,4,3,3,0,2,1,0,4,0
14981,0,2,1,0,4,2,3,2,3,3,2,2,0,3,4,0,4,4
14982,0,3,0,0,3,0,0,0,0,3,3,3,0,3,0,0,4,0
14983,0,0,0,0,0,0,0,0,0,1,0,4,3,0,1,0,0,0
14984,3,3,1,0,0,3,0,0,1,2,1,3,4,4,2,0,0,0
14985,0,3,0,0,4,0,0,1,0,0,2,4,0,3,0,0,1,4
14986,0,3,0,0,1,0,1,2,2,1,1,3,0,3,2,0,2,4
14987,0,4,0,0,4,0,0,1,4,2,2,3,0,2,0,0,2,1
14988,0,1,0,0,4,4,0,4,0,3,1,2,0,2,3,0,1,4
14989,0,4,0,0,3,0,3,4,3,1,1,2,0,4,4,0,2,0
14990,0,1,0,0,0,0,0,2,1,4,4,3,0,4,3,0,4,0
14991,0,2,0,0,4,2,0,0,2,3,2,2,0,4,4,0,4,0
14992,4,3,3,4,1,1,4,0,0,1,1,1,3,1,1,1,0,4
14993,0,0,3,0,0,0,0,0,0,3,2,2,0,1,1,1,1,0
14994,0,3,0,0,0,0,4,2,0,3,2,2,0,1,1,0,4,0
14995,4,3,0,0,4,2,1,1,1,2,3,3,3,1,1,3,3,3
14996,0,2,4,0,1,0,0,1,4,1,3,2,0,1,3,0,2,1
14997,1,1,0,0,0,0,0,1,0,2,1,2,0,2,1,0,4,0
14998,0,4,1,0,1,0,0,2,4,3,2,1,0,1,2,0,2,4
14999,2,3,4,1,3,1,0,0,2,4,1,4,2,4,4,4,3,4
15001,0,2,0,0,3,0,0,4,1,3,2,3,0,4,0,0,4,0
15002,0,1,0,0,2,4,1,2,2,2,3,2,4,3,4,0,4,0
15003,0,4,4,0,0,0,0,1,1,1,3,3,4,3,4,0,1,4
15004,0,1,0,0,1,0,3,1,4,3,1,3,0,1,0,0,2,0
15005,0,3,0,0,0,0,0,0,1,2,0,3,0,1,1,4,0,0
15006,0,3,0,0,4,0,0,1,2,2,1,2,0,3,1,0,2,0
15007,0,1,1,0,3,1,0,0,4,2,2,3,4,3,4,0,4,0
15008,0,4,0,0,4,0,0,4,0,1,1,1,0,2,0,0,2,1
15009,0,1,4,0,0,0,0,4,0,4,4,4,2,3,0,0,4,0
15010,1,1,0,0,0,4,0,0,0,4,2,4,0,0,4,0,2,3
15011,0,3,0,0,3,0,0,0,0,3,1,4,0,3,4,0,4,0
15012,0,3,1,0,3,4,0,0,0,2,2,3,0,4,4,0,4,0
15013,0,1,1,0,0,4,0,0,4,4,0,2,3,0,2,4,0,1
15014,0,3,4,0,1,0,0,0,0,2,3,2,0,4,4,0,2,0
15015,0,3,0,0,0,4,0,4,1,3,4,4,1,4,4,0,4,0
15016,0,3,0,0,3,0,0,0,0,4,3,2,0,2,0,0,2,0
15017,0,3,0,0,0,0,0,0,0,4,2,2,0,1,0,0,3,0
15018,0,1,0,0,1,0,0,0,0,2,1,1,0,1,0,0,1,0
15019,0,4,0,0,4,1,3,1,4,3,2,3,0,3,0,0,3,0
15020,0,2,3,0,4,1,1,3,3,4,2,1,0,3,1,0,2,4
15021,4,2,4,4,0,4,0,0,1,2,0,3,4,0,2,4,0,2
15022,0,4,0,1,2,2,0,4,3,4,3,3,0,4,1,0,1,0
15023,0,1,0,0,0,4,1,1,2,3,3,3,0,1,4,3,2,3
15024,1,1,3,4,0,4,0,0,0,3,1,1,4,4,3,0,3,1
15025,0,3,0,0,1,1,0,0,4,1,1,1,4,0,2,2,1,4
15026,0,3,3,0,4,3,1,2,1,2,2,1,0,1,1,0,2,1
15027,0,0,0,0,0,0,0,0,0,4,2,3,0,4,0,0,0,0
15028,0,4,0,0,1,4,0,0,0,4,4,1,0,2,0,0,4,0
15029,0,2,3,0,3,4,2,3,2,3,2,3,1,3,3,0,1,4
15030,0,2,0,0,0,4,0,0,1,1,0,3,4,0,1,2,0,0
15031,4,3,4,1,0,4,3,2,4,1,2,3,1,2,2,1,1,1
15032,4,4,3,0,0,4,0,0,0,3,0,2,2,0,0,0,0,4
15033,0,1,0,0,4,0,0,0,0,4,3,3,0,4,0,0,3,0
15034,0,3,0,0,3,0,0,3,2,3,2,3,0,1,1,0,3,1
15035,0,3,4,1,0,4,1,3,2,1,1,1,1,4,2,0,1,0
15036,0,1,0,0,4,0,0,0,0,3,2,1,0,2,3,0,1,0
15037,0,4,0,0,2,0,1,4,1,4,2,3,4,1,0,0,4,0
15038,1,2,4,0,4,3,4,3,3,4,3,4,4,1,4,2,4,3
15039,0,3,1,0,0,2,0,4,0,3,2,2,0,2,0,0,1,1
15041,1,2,2,0,0,2,0,0,0,2,0,2,1,0,3,4,0,0
15043,0,1,0,0,4,1,4,2,1,1,2,1,0,1,0,0,2,0
15044,0,2,1,0,0,1,0,4,0,2,0,3,1,4,1,0,0,0
15046,0,4,1,1,0,4,0,0,0,4,4,4,1,4,4,2,0,0
15047,0,4,0,0,3,4,0,1,1,3,3,1,0,3,1,0,3,0
15049,1,1,4,0,0,1,0,0,0,3,0,4,2,0,2,0,0,0
15050,0,2,2,0,1,0,0,4,1,3,3,1,1,1,1,0,4,0
15051,0,1,4,0,4,4,2,1,4,1,2,2,0,1,0,0,2,0
15052,4,1,2,4,3,4,0,1,0,4,3,3,4,3,3,4,1,4
15053,0,2,4,0,0,4,4,2,3,2,2,2,4,2,2,4,1,1
15054,0,1,0,0,0,0,0,0,0,2,1,2,0,1,1,0,3,0
15056,4,1,1,1,0,1,0,0,4,4,1,1,3,3,2,1,0,4
15057,0,2,0,0,3,0,0,0,0,3,2,2,0,2,0,0,1,0
15058,0,1,0,0,1,2,0,0,0,2,1,2,0,3,3,0,4,0
15059,2,3,2,3,4,1,0,3,4,2,1,2,3,1,4,2,0,0
15060,0,3,0,0,1,0,0,0,0,3,2,3,0,1,0,0,4,0
15061,0,4,0,0,1,3,0,1,2,2,2,2,0,4,0,0,2,0
15062,0,1,0,0,0,0,0,4,0,2,2,2,0,4,1,0,1,0
15063,0,1,3,1,0,0,0,0,0,1,4,1,1,1,1,1,0,2
15064,1,3,3,1,0,2,0,4,0,1,1,4,1,1,2,3,1,1
15065,0,3,1,0,0,1,0,0,0,2,1,2,0,1,2,0,0,0
15066,0,3,2,0,4,3,1,3,1,2,3,2,0,4,4,0,4,1
15067,0,1,1,0,1,4,0,0,1,1,1,3,0,1,0,0,4,0
15068,0,0,0,0,3,0,0,1,0,4,4,4,0,1,0,0,4,0
15069,0,1,0,0,0,2,2,1,4,3,3,4,4,2,4,0,2,0
15070,0,1,1,0,0,1,0,0,2,2,1,3,4,0,3,4,0,0
15071,0,2,1,4,4,0,0,0,0,3,4,3,0,0,0,4,0,0
15072,0,4,0,0,0,0,0,4,0,3,3,2,0,3,0,0,4,0
15073,2,4,4,2,0,2,0,0,0,4,1,3,2,0,3,4,1,3
15074,0,3,0,0,0,0,1,3,3,2,3,3,0,3,0,0,2,0
15077,0,1,4,0,2,1,0,0,4,4,2,3,1,3,1,4,1,4
15078,1,2,1,4,0,0,0,0,0,1,0,2,1,0,1,3,0,1
15079,1,3,4,0,0,3,4,1,4,1,1,3,3,2,4,0,1,1
15080,0,4,0,0,4,4,0,1,0,1,3,4,0,4,0,0,1,0
15081,0,3,1,0,0,1,0,4,0,2,1,2,0,4,0,0,2,0
15082,1,4,0,0,4,0,0,0,0,4,3,2,4,1,1,0,3,0
15083,0,2,0,0,2,0,0,1,3,1,3,3,0,1,0,0,4,0
15084,0,3,0,0,3,0,1,1,3,1,4,4,0,3,1,0,4,0
15085,0,4,0,0,0,4,4,4,4,4,2,3,0,3,2,0,4,4
15086,0,1,4,0,4,0,0,3,0,3,2,1,0,3,4,0,2,1
15087,0,2,0,0,2,0,0,0,4,2,2,2,1,4,1,0,1,0
15088,0,2,4,0,3,3,0,1,1,4,3,2,3,3,4,0,1,0
15089,0,3,1,1,0,0,0,0,4,3,4,1,3,0,4,0,0,0
15090,1,1,0,0,0,1,0,0,4,4,0,2,2,0,4,1,0,3
15091,1,3,1,4,0,3,4,4,3,1,4,1,3,0,4,3,0,4
15092,0,1,0,0,4,0,4,3,2,1,3,3,0,2,0,0,3,0
15093,0,1,0,0,2,0,0,0,0,3,1,1,4,1,1,0,1,0
15094,0,4,4,0,4,2,0,1,3,1,2,3,0,2,4,0,1,1
15095,0,4,0,0,2,1,0,0,0,4,3,2,0,4,1,0,4,4
15096,0,1,0,0,4,0,0,0,0,3,3,3,0,0,4,0,1,0
15097,0,4,4,0,0,4,0,4,0,2,4,2,1,0,1,0,3,4
15099,0,2,1,0,3,0,0,1,0,3,1,2,0,3,1,0,2,1
15101,0,2,0,0,0,0,0,1,4,3,3,3,0,1,0,0,0,0
15102,1,1,4,4,0,3,0,0,1,1,0,1,3,1,1,0,0,0
15103,0,2,4,0,1,1,0,4,3,2,3,2,3,4,1,2,4,2
15104,0,4,4,0,0,0,0,0,4,1,4,4,3,2,1,0,3,0
15105,0,3,0,0,0,0,0,3,0,4,3,3,0,2,0,0,4,0
15107,0,2,0,0,1,1,0,2,1,4,3,4,1,3,1,0,3,0
15108,0,4,0,0,0,0,0,0,0,4,1,4,1,2,1,0,0,0
15109,0,2,3,1,0,4,0,0,4,1,1,3,3,0,3,0,1,0
15110,0,4,1,0,0,1,4,0,2,3,0,2,4,0,3,0,0,0
15111,0,4,0,0,3,0,0,0,1,4,4,2,0,3,0,0,2,4
15112,0,1,4,0,1,0,0,0,0,4,1,3,4,1,4,4,4,0
15113,0,0,0,0,1,0,0,0,0,1,1,1,0,4,1,0,2,0
15114,4,3,0,0,4,2,4,3,1,1,2,2,2,3,2,4,3,4
15115,0,3,4,0,2,4,2,1,4,1,1,4,3,4,4,4,3,4
15116,0,4,0,0,4,2,0,0,0,4,4,4,0,4,4,0,3,0
15117,0,1,0,0,0,0,0,4,0,2,2,3,0,1,1,0,2,0
15118,0,4,4,0,0,0,0,0,4,3,0,4,4,0,4,0,0,4
15119,3,1,4,1,2,3,4,1,2,2,1,3,2,3,3,2,1,4
15120,0,1,0,0,1,0,0,4,0,2,2,2,0,3,3,0,1,0
15121,0,4,0,0,0,4,0,3,0,3,2,3,4,2,4,1,1,0
15122,0,1,0,0,0,0,0,0,0,1,1,3,0,1,0,0,1,4
15123,0,4,3,0,0,0,4,3,4,2,2,3,1,4,4,3,3,0
15124,2,1,2,0,0,1,1,0,3,2,0,4,3,0,3,0,0,0
15125,1,1,1,0,0,1,0,0,0,1,0,1,3,0,2,1,0,0
15126,0,1,0,0,1,0,0,0,0,2,2,2,0,1,0,0,4,0
15127,0,3,0,0,0,0,0,0,0,3,4,4,4,0,0,0,0,0
15128,0,4,0,0,1,0,0,3,0,1,4,3,0,1,2,0,1,4
15129,0,4,0,0,2,0,0,1,4,2,2,4,4,4,0,0,3,0
15130,0,1,0,0,0,0,0,0,1,3,1,2,0,2,0,0,2,0
15131,0,3,1,0,0,3,0,0,1,2,1,4,2,0,1,3,0,2
15132,0,1,0,0,1,0,0,1,3,1,3,2,0,2,1,0,2,0
15133,0,2,0,0,1,0,0,0,0,3,1,3,0,1,0,0,3,0
15134,0,4,0,0,1,4,0,4,0,3,4,2,0,3,3,0,1,4
15135,0,4,2,1,0,4,0,0,3,1,0,1,3,0,4,2,0,1
15136,0,4,0,0,2,0,0,0,0,1,1,2,0,2,0,0,1,0
15137,0,2,0,0,1,0,4,1,0,2,1,1,0,1,0,0,2,1
15138,0,3,0,0,1,0,0,0,0,1,2,2,0,1,0,0,4,0
15139,0,4,0,0,4,0,1,1,0,1,1,2,0,2,0,0,2,0
15140,1,1,4,4,0,1,0,0,3,4,4,4,3,4,3,0,0,1
15141,1,1,1,0,0,3,0,4,4,4,4,4,4,1,2,3,4,0
15142,4,4,0,0,0,3,0,0,0,1,3,3,4,4,4,0,4,0
15143,1,3,1,1,0,1,0,0,0,4,0,4,2,0,2,1,0,0
15144,1,2,1,0,0,2,0,0,3,1,0,1,4,0,1,4,0,4
15145,0,1,0,0,0,0,0,0,1,1,4,2,0,4,1,0,4,0
15146,4,2,4,0,0,2,0,4,1,1,4,4,4,0,4,4,4,3
15147,0,2,0,0,4,0,0,3,0,2,2,2,0,1,4,0,1,0
15148,4,1,1,0,0,3,0,3,1,1,3,2,3,1,3,4,4,2
15149,0,4,4,0,3,1,4,4,1,4,2,2,0,4,2,1,4,3
15150,3,4,4,4,0,2,0,4,2,2,4,1,1,4,4,0,4,3
15151,0,3,0,0,2,0,0,0,1,3,2,3,4,1,4,0,1,0
15152,0,2,0,0,0,4,0,1,3,2,1,3,0,2,4,0,4,0
15153,3,1,1,0,0,2,0,0,4,3,1,2,4,1,4,0,3,4
15154,0,3,0,0,1,2,0,3,4,2,1,1,0,4,4,4,2,1
15155,4,2,3,0,0,2,0,0,0,1,4,2,4,4,1,4,4,3
15156,0,4,0,0,1,0,0,3,4,2,4,4,0,3,1,0,3,0
15158,1,4,1,1,0,3,0,0,4,3,4,2,2,1,3,1,1,2
15159,0,1,4,0,0,3,0,0,0,3,0,3,1,0,1,1,0,4
15160,4,3,2,0,0,4,4,4,4,4,4,3,2,4,3,4,4,4
15161,0,2,0,0,1,0,0,0,0,1,2,1,0,1,0,0,1,0
15162,0,3,0,0,4,0,0,0,1,3,2,2,0,4,0,0,3,0
15163,0,0,0,0,0,0,0,0,0,4,3,2,0,1,4,0,4,0
15164,0,3,1,0,2,2,0,1,0,2,2,2,0,4,0,0,2,0
15165,0,1,0,0,0,0,0,0,1,1,4,1,4,0,1,0,0,0
15166,0,4,0,0,2,0,0,0,0,3,1,2,0,4,0,0,1,0
15167,4,0,2,1,0,2,4,4,3,4,4,3,2,4,2,4,0,0
15168,4,2,0,0,3,0,0,4,0,2,3,3,0,4,1,0,4,1
15169,4,3,0,0,1,0,0,0,0,2,2,1,0,3,0,4,1,1
15170,0,4,0,0,1,2,1,3,1,1,3,3,0,1,1,0,1,0
15171,0,1,0,0,1,4,0,2,3,1,3,2,1,4,3,0,4,0
15172,0,3,4,0,4,4,0,0,0,3,2,3,0,1,1,0,2,0
15173,0,3,0,0,1,3,2,2,1,4,3,2,0,3,3,0,2,0
15174,0,2,0,0,1,0,0,0,0,2,2,4,0,1,0,0,4,0
15175,2,1,2,0,0,3,0,0,1,1,4,1,1,0,4,0,0,1
15176,1,4,4,0,3,1,3,4,1,2,3,3,4,2,1,2,3,1
15177,4,4,1,0,3,0,0,2,1,2,3,1,1,3,1,0,1,0
15178,4,3,0,0,0,4,0,0,0,2,4,3,2,1,3,3,0,4
15180,3,3,1,0,0,3,0,0,2,1,3,4,4,0,4,4,4,1
15181,0,1,0,0,0,0,0,0,0,2,1,1,0,4,0,0,1,0
15182,0,1,0,0,0,0,0,0,0,3,3,2,0,4,0,0,4,0
15183,0,4,0,0,4,1,0,0,0,3,3,3,0,2,0,0,0,0
15184,0,3,0,0,1,0,0,1,1,1,3,2,0,2,4,0,3,2
15185,1,2,3,0,0,4,1,0,1,3,0,4,3,0,2,0,0,0
15186,1,4,3,0,0,3,0,1,4,4,2,4,3,0,1,0,1,0
15187,1,4,4,2,0,3,0,0,4,1,1,1,3,0,2,2,1,4
15188,0,2,0,0,3,1,0,0,1,1,1,1,1,3,1,0,2,0
15189,0,4,0,0,2,0,0,0,0,3,3,3,0,4,0,0,2,0
15190,4,3,2,4,0,2,4,0,0,1,3,2,1,4,3,4,2,3
15191,0,3,1,0,4,2,0,0,0,3,2,1,1,4,2,0,2,0
15192,0,1,4,0,0,0,0,2,0,1,4,4,0,2,4,0,4,0
15193,1,1,1,0,0,2,0,0,0,4,0,1,0,0,2,0,0,0
15194,0,1,2,0,0,3,0,1,0,3,2,4,1,1,4,2,2,4
15195,4,1,2,0,0,4,0,0,1,4,1,4,3,1,4,4,0,0
15196,0,4,0,0,4,0,0,0,0,2,2,2,0,4,0,0,1,0
15197,0,1,4,0,2,0,4,3,4,2,1,2,0,1,3,0,2,1
15198,0,3,0,0,2,0,0,4,2,3,4,3,0,3,0,0,3,0
15199,1,3,1,1,0,3,0,0,1,1,4,3,3,1,2,1,1,2
15200,0,3,0,0,2,1,0,3,0,2,2,3,0,1,0,0,2,0
15201,2,4,2,2,0,4,0,4,3,2,4,4,3,4,3,3,0,1
15202,0,2,0,0,3,0,0,0,0,2,3,3,0,1,0,0,2,0
15203,0,0,0,0,0,0,0,0,0,4,3,3,4,0,0,0,4,0
15204,2,4,3,1,0,2,0,0,0,4,3,3,3,3,1,4,1,0
15205,0,1,4,0,1,0,4,1,0,3,4,4,0,2,0,0,2,1
15206,0,1,1,0,0,0,0,0,0,3,4,2,0,4,4,0,4,0
15207,0,1,1,0,0,4,0,0,0,1,1,2,2,2,3,0,1,1
15208,0,1,4,1,1,0,0,4,1,2,2,2,4,1,3,0,3,0
15209,0,1,0,0,4,0,0,0,0,1,2,2,0,1,1,0,2,1
15211,0,4,1,0,4,1,0,4,0,3,3,4,0,2,4,0,3,0
15212,0,2,4,0,4,0,4,1,4,3,1,2,0,2,4,0,3,3
15213,0,0,4,1,4,1,0,3,0,3,4,2,0,4,4,0,4,4
15214,0,3,0,0,4,0,0,4,0,1,2,2,0,4,0,0,0,0
15215,0,0,0,0,1,0,2,1,4,1,1,2,0,1,0,0,2,0
15216,0,3,4,0,0,1,0,0,2,1,0,1,4,0,2,0,0,0
15217,4,1,3,1,0,4,0,0,2,1,0,3,4,0,2,1,0,1
15218,0,0,1,0,1,1,0,3,1,3,3,2,4,3,4,0,2,1
15219,0,2,4,0,2,0,0,4,0,2,2,3,0,2,4,0,3,1
15220,0,0,0,0,0,1,0,0,0,2,3,4,4,3,1,0,4,0
15221,0,3,0,0,4,1,0,0,4,1,1,2,0,1,4,0,2,0
15222,0,1,0,0,3,0,4,4,1,4,3,2,0,3,4,0,4,0
15223,0,4,0,0,0,4,0,0,0,1,3,3,0,2,3,4,1,4
15224,1,3,1,0,0,2,0,0,0,3,3,2,1,3,2,4,1,3
15225,0,0,0,0,4,4,0,2,0,4,1,3,0,4,0,0,1,0
15226,0,3,4,0,4,0,0,1,4,2,4,1,4,3,2,0,4,0
15227,3,2,1,1,0,2,0,0,0,2,4,2,3,0,3,2,0,0
15228,0,3,0,0,4,1,0,0,0,1,4,3,4,1,2,0,3,0
15229,1,1,4,0,4,2,0,1,2,2,4,3,1,1,1,0,2,4
15230,0,2,1,1,0,2,0,0,3,4,0,1,4,0,4,3,0,4
15231,0,3,1,0,3,4,0,1,3,3,1,4,1,4,0,0,3,4
15232,0,4,4,0,0,0,4,4,3,2,1,2,0,2,4,0,2,0
15233,0,4,1,0,3,1,0,1,1,3,3,4,4,1,1,0,3,0
15234,0,1,4,0,0,4,0,0,1,2,2,1,1,3,1,0,4,0
15235,0,0,0,0,3,0,0,0,0,2,3,4,0,0,0,0,2,0
15236,4,2,4,4,0,1,0,0,4,3,0,3,3,0,4,0,0,0
15237,2,1,1,3,4,1,0,0,1,2,1,3,2,3,1,1,2,1
15238,0,2,0,0,0,0,0,3,4,2,3,2,0,1,0,0,2,1
15239,0,1,0,0,2,1,0,0,4,2,2,2,4,3,2,0,1,0
15240,0,4,0,0,4,0,0,4,2,3,2,2,0,3,4,0,2,2
15241,0,3,4,0,1,4,0,0,0,2,1,4,4,4,4,1,4,4
15242,0,3,0,0,0,1,4,2,0,2,2,2,4,3,1,0,3,0
15243,0,2,0,0,1,0,0,0,0,4,2,3,0,4,0,0,4,0
15244,0,2,0,0,1,0,1,2,1,2,2,3,0,1,0,0,3,0
15245,0,2,0,0,4,0,0,4,0,1,1,2,1,2,1,0,1,0
15246,0,3,4,0,4,2,3,2,1,2,3,2,0,4,0,0,3,4
15247,0,4,0,0,1,1,0,0,0,4,4,3,0,1,4,0,3,3
15248,0,3,4,0,4,0,0,0,0,3,2,3,1,1,3,0,1,0
15249,0,1,4,0,4,1,1,0,0,3,4,4,4,4,3,1,1,4
15250,0,2,0,0,0,1,1,2,4,3,4,4,0,3,1,0,2,0
15251,0,4,0,0,1,4,4,2,2,1,3,2,0,2,0,0,2,0
15252,0,4,0,0,2,0,0,4,4,1,1,2,0,4,2,0,1,0
15253,0,1,0,0,0,4,1,1,1,2,2,3,0,1,0,0,2,3
15254,0,3,0,0,0,4,0,4,1,4,3,2,0,4,0,0,3,0
15255,0,3,1,0,0,1,0,1,4,3,4,4,3,1,1,0,3,0
15256,4,4,3,0,0,2,0,0,2,4,2,4,3,0,3,3,0,4
15257,0,4,0,0,1,4,0,3,4,3,3,3,0,4,4,0,3,0
15258,0,1,0,0,0,0,0,0,0,2,1,2,0,4,1,0,4,0
15259,0,2,0,0,0,0,0,0,1,1,2,2,0,4,0,0,4,0
15260,0,3,0,0,1,0,0,0,0,4,3,4,0,3,2,0,4,2
15261,0,4,0,0,3,0,1,3,1,2,1,1,1,1,1,0,2,0
15262,0,1,0,0,3,0,0,0,0,3,1,3,0,3,4,0,2,1
15263,0,1,1,1,2,4,1,4,0,1,2,3,0,3,2,1,3,2
15264,0,3,0,0,0,0,0,1,4,4,4,4,0,3,0,4,2,0
15265,0,0,0,0,0,0,4,0,0,1,3,3,0,1,0,0,2,0
15266,0,4,4,0,0,3,0,3,1,3,1,4,4,1,4,3,1,4
15267,0,4,1,0,2,4,0,2,1,3,2,2,0,3,0,0,2,2
15268,0,2,1,0,0,4,0,0,0,2,0,1,4,0,4,4,0,0
15269,0,0,0,0,3,0,0,0,0,2,3,1,0,0,0,0,4,0
15270,0,4,4,0,2,0,0,0,0,3,2,2,0,4,4,0,1,0
15271,0,3,3,0,2,3,0,3,3,2,3,2,3,4,2,1,3,3
15272,0,1,0,0,2,0,0,1,0,3,2,2,0,1,2,0,1,0
15273,0,2,0,0,0,0,0,0,0,3,1,3,0,1,0,0,2,0
15274,0,1,0,0,1,0,4,2,3,3,3,1,0,2,1,0,3,1
15275,0,1,1,0,1,1,1,1,3,1,1,1,0,3,0,0,2,0
15276,0,0,0,0,0,0,0,3,0,2,1,2,0,4,4,0,1,0
15277,0,4,0,0,0,0,0,2,4,4,4,4,4,4,4,0,1,0
15278,0,4,1,0,4,4,0,0,0,2,1,2,3,1,2,0,3,0
15279,3,3,2,0,4,1,0,0,0,3,1,3,3,4,3,4,4,4
15280,0,4,0,0,0,0,0,0,0,4,4,2,0,4,0,0,0,0
15281,0,3,0,0,1,4,0,4,0,2,2,3,0,1,1,0,2,0
15282,0,4,1,0,4,4,0,0,0,4,3,3,1,4,1,0,3,0
15283,0,4,0,0,4,0,0,2,0,3,2,4,0,4,4,0,4,0
15284,0,4,0,0,1,0,0,0,0,2,2,2,0,4,0,0,1,0
15285,0,1,0,0,4,1,0,0,0,1,2,2,0,2,1,0,0,0
15286,4,3,1,0,4,2,4,4,0,2,3,4,3,4,2,2,3,2
15287,4,4,3,2,0,1,0,1,3,2,3,2,1,0,1,3,1,4
15288,0,1,4,0,4,3,0,0,3,4,3,3,0,4,2,0,1,0
15289,0,2,1,0,4,0,0,1,0,2,2,4,0,4,2,0,1,1
15290,0,1,4,0,4,4,0,1,1,3,4,2,0,1,3,0,2,0
15291,0,3,1,0,0,1,0,0,0,2,1,2,1,0,1,0,0,2
15292,0,0,0,0,1,0,0,0,0,1,1,2,0,1,4,0,3,0
15293,0,1,0,0,0,0,0,1,1,4,3,2,0,3,0,0,4,0
15294,0,1,4,0,1,1,3,1,4,3,2,1,2,3,3,0,3,3
15295,0,2,0,0,0,0,0,4,0,1,4,4,0,3,0,0,2,0
15296,0,4,3,0,1,1,0,0,0,3,2,4,0,2,0,0,4,0
15297,0,4,1,0,4,1,0,2,1,2,4,3,1,3,2,0,3,0
15298,0,4,0,0,4,1,0,1,0,1,1,2,1,3,0,0,3,0
15299,1,4,4,2,0,2,0,0,4,2,0,1,3,4,4,3,0,3
15300,0,4,4,0,2,0,0,0,0,2,2,2,3,2,0,0,4,4
15301,0,0,0,0,0,0,0,0,0,0,4,4,0,4,0,0,0,0
15303,0,1,0,0,0,4,0,1,4,3,2,1,4,4,1,1,1,0
15304,0,1,0,0,1,0,0,4,4,1,2,1,0,4,0,0,2,1
15305,0,4,0,0,3,0,0,0,0,4,3,3,0,3,0,0,4,0
15306,0,0,4,4,0,1,0,0,2,1,0,4,4,0,4,0,0,0
15307,0,4,4,0,0,0,4,3,4,4,4,3,0,4,4,0,4,0
15309,0,1,0,0,0,1,0,0,0,1,1,1,0,3,1,0,3,1
15310,0,4,0,0,0,2,0,1,0,2,4,3,4,3,1,0,2,0
15311,0,2,4,0,0,0,0,1,3,3,2,4,0,4,4,0,1,0
15312,0,3,4,0,2,1,0,4,0,3,2,3,4,2,4,0,3,1
15313,0,3,0,4,3,4,4,4,2,2,1,3,1,2,1,0,2,0
15315,0,2,1,0,0,1,0,0,0,3,4,1,0,2,4,0,0,1
15316,0,4,0,0,1,4,0,0,0,4,3,3,4,0,4,0,4,0
15317,0,1,0,0,1,1,0,0,4,3,3,2,0,2,2,0,2,1
15318,1,2,4,0,0,1,0,0,3,3,0,3,3,0,3,1,0,0
15319,0,4,3,0,3,1,0,4,4,1,1,2,0,4,1,0,4,0
15320,0,4,4,0,4,0,0,0,4,3,2,2,4,0,4,0,0,0
15321,4,4,1,0,1,1,0,0,2,2,1,4,1,1,2,4,3,0
15322,0,4,0,0,4,4,4,1,4,3,1,3,2,2,1,0,4,0
15323,0,4,0,0,3,0,0,4,0,2,1,1,2,2,4,0,1,0
15324,0,2,1,0,0,4,0,0,0,1,2,2,1,3,3,1,3,0
15325,0,3,0,0,0,0,0,4,3,1,2,3,0,3,2,0,4,1
15326,0,4,1,0,2,1,3,4,2,2,1,3,4,2,4,0,1,1
15327,0,3,0,0,4,0,0,0,0,2,1,2,0,3,0,0,1,0
15328,0,4,0,0,4,4,4,4,4,3,3,3,0,3,0,0,3,0
15329,0,0,0,0,4,0,0,0,0,4,4,4,0,1,0,0,3,0
15330,0,3,3,1,0,4,0,0,4,3,4,3,2,0,3,1,0,3
15331,0,4,0,0,0,0,0,3,4,1,3,2,0,2,2,0,4,0
15332,0,1,0,0,2,0,0,0,0,1,1,2,0,1,4,0,1,0
15333,0,1,4,0,4,2,4,2,2,2,2,3,0,1,4,0,2,4
15334,1,3,1,3,0,2,0,0,4,4,4,4,1,4,3,3,0,3
15335,0,2,0,0,0,3,0,0,3,2,1,3,4,1,4,3,0,0
15336,0,1,2,1,4,3,0,0,4,1,4,1,1,1,1,2,1,0
15337,0,3,2,0,0,4,0,4,2,1,2,2,3,3,1,1,1,2
15338,0,4,0,0,0,0,0,4,0,3,4,3,0,4,0,0,1,2
15339,0,3,0,0,4,0,0,0,0,3,3,3,0,4,0,0,2,0
15340,0,3,3,4,0,4,0,0,0,3,4,4,4,0,4,1,0,4
15341,0,4,0,0,4,0,0,4,0,2,1,4,0,4,1,0,3,0
15342,1,4,3,4,0,4,3,3,2,4,1,3,4,2,4,0,2,1
15343,0,1,0,0,3,0,0,3,1,0,4,3,0,3,0,0,2,0
15344,0,4,0,0,1,1,0,4,2,2,3,3,2,1,1,1,1,1
15345,0,3,0,0,2,1,0,4,1,2,1,1,0,2,1,0,1,0
15346,0,1,1,0,0,4,0,4,0,4,4,3,0,3,1,4,3,4
15347,0,2,2,0,0,1,1,3,2,3,4,3,0,4,1,0,3,0
15348,0,0,0,0,0,0,0,0,0,4,4,4,0,4,0,0,2,0
15349,0,2,0,0,3,0,0,1,0,3,2,2,0,3,1,4,2,0
15350,4,1,3,1,2,1,0,0,0,1,1,1,4,1,4,1,1,1
15353,0,1,0,0,0,4,0,0,0,4,3,3,0,4,4,0,4,0
15354,0,3,4,0,0,3,2,2,2,4,3,3,3,3,1,0,4,0
15355,0,4,1,0,0,2,0,1,4,4,4,4,0,2,1,0,1,0
15356,1,1,4,2,3,3,0,1,1,1,4,2,1,3,1,1,2,1
15357,0,1,1,1,0,1,0,0,1,1,0,1,1,0,1,0,0,1
15358,0,1,0,0,4,0,0,0,0,2,2,2,0,0,0,0,2,0
15359,0,3,4,0,1,0,0,0,0,4,2,3,4,3,4,0,4,0
15360,2,4,0,2,0,2,0,0,4,1,0,1,1,0,2,4,0,1
15361,0,2,0,0,3,1,0,4,1,1,1,1,1,3,1,0,2,0
15362,0,3,4,0,0,3,0,0,3,3,1,1,1,3,4,1,3,2
15363,0,2,3,2,1,4,0,0,1,3,1,1,1,1,3,2,2,4
15364,0,4,0,0,4,4,3,4,1,4,4,4,0,2,1,0,1,0
15365,0,1,1,0,1,0,0,0,0,2,4,3,0,1,1,0,3,0
15366,0,1,0,0,4,1,0,1,0,0,1,2,0,4,1,0,2,0
15367,1,2,0,4,0,1,1,1,4,4,1,4,1,0,2,1,0,4
15368,0,2,0,0,3,1,0,0,0,1,1,1,0,1,0,0,4,0
15369,0,2,0,0,1,0,0,0,0,3,2,3,0,4,0,0,2,0
15370,1,1,0,0,0,2,0,0,0,0,4,3,1,1,4,4,0,0
15371,0,4,0,0,2,0,0,0,0,3,3,4,0,1,0,0,3,0
15372,0,0,0,0,0,0,0,0,4,3,3,4,0,2,4,0,4,0
15373,0,0,0,0,0,0,0,0,0,1,2,1,0,0,0,0,1,0
15374,0,4,0,0,0,0,0,0,3,1,0,3,2,0,1,4,0,0
15375,4,0,0,0,2,3,0,0,0,3,3,3,1,4,4,1,2,0
15376,0,0,0,0,0,0,0,0,0,2,2,4,0,0,0,0,3,0
15377,0,2,1,0,4,2,0,0,2,1,1,1,0,0,1,0,4,4
15378,0,3,0,0,2,0,0,1,4,3,2,3,0,4,0,0,3,1
15379,0,2,0,0,1,0,0,2,4,3,4,4,4,4,4,0,3,0
15380,0,0,4,0,0,0,0,0,0,4,4,2,0,4,4,0,2,0
15382,1,3,3,0,0,1,0,0,0,1,0,3,3,0,3,1,0,0
15383,0,2,2,0,1,1,0,0,4,2,1,1,1,4,3,3,0,4
15384,0,4,1,1,0,1,0,0,0,4,0,4,2,0,3,4,0,4
15385,0,1,1,0,2,0,0,0,0,2,3,3,0,0,0,0,4,0
15386,0,0,0,0,0,0,0,4,0,2,1,1,0,4,0,0,2,0
15387,0,3,1,0,3,2,0,0,0,2,3,3,0,4,2,4,3,4
15388,0,2,2,0,0,1,0,0,1,1,4,2,2,3,3,3,4,1
15389,0,1,1,1,0,4,0,0,3,1,0,1,1,0,2,4,0,3
15390,0,0,1,0,1,1,0,0,0,2,3,4,0,1,0,0,4,4
15391,3,1,1,0,0,4,0,0,0,1,0,1,1,0,4,2,0,0
15392,0,1,4,0,1,1,0,1,0,4,4,4,1,1,1,0,4,0
15393,0,3,0,0,3,0,0,0,0,1,2,3,0,3,2,0,4,0
15394,0,4,4,0,4,3,4,4,3,4,4,1,0,1,4,0,0,0
15395,0,1,0,0,2,0,0,0,0,1,2,2,0,1,0,0,1,0
15396,0,1,0,0,4,0,0,0,0,2,4,4,1,0,0,0,4,0
15397,1,2,4,0,0,4,4,1,2,3,1,2,2,1,4,2,0,0
15398,0,1,4,4,4,1,1,0,2,4,4,4,1,0,4,1,4,1
15399,0,1,3,0,0,2,0,0,0,2,0,4,1,0,1,4,0,1
15400,0,1,0,0,3,0,0,0,0,3,2,3,0,2,0,0,4,0
15401,0,0,0,0,4,0,0,0,0,4,3,4,0,0,0,0,1,0
15403,0,4,0,0,4,0,0,1,4,4,1,1,1,2,4,0,3,0
15404,0,0,0,0,3,0,0,0,0,4,2,2,0,4,0,0,3,0
15405,1,4,1,0,0,3,0,0,1,3,1,4,3,1,4,2,1,4
15406,0,4,0,0,4,0,0,0,0,2,1,3,0,0,4,0,2,0
15407,0,2,0,0,2,0,0,0,1,2,4,2,1,3,4,0,4,0
15409,0,4,0,0,4,1,0,3,1,4,4,4,0,4,1,0,1,4
15410,0,4,0,0,0,0,0,0,0,2,1,2,0,2,0,0,1,0
15412,0,4,4,0,0,0,1,1,3,1,4,4,4,4,4,0,0,0
15413,0,3,4,0,4,0,0,0,0,2,2,4,0,4,0,0,2,0
15414,0,1,0,0,0,1,0,0,0,2,3,2,0,0,0,1,4,0
15416,0,1,0,0,3,0,0,0,4,2,2,3,0,0,0,0,2,0
15417,1,4,1,0,0,2,0,4,1,1,4,1,1,1,2,1,1,2
15418,0,3,4,0,1,1,4,2,1,2,4,4,0,1,4,0,3,0
15419,1,3,1,0,0,4,0,0,4,3,0,1,3,0,1,1,0,4
15420,0,3,0,0,4,0,4,2,4,2,2,3,1,3,4,0,3,0
15421,0,4,0,0,0,4,3,1,2,2,1,1,0,1,0,0,2,0
15422,4,0,0,0,0,2,0,0,0,0,0,4,1,0,4,0,0,0
15423,0,2,3,1,0,4,0,2,2,1,1,1,2,3,3,2,1,1
15424,0,2,0,0,1,0,0,0,0,2,2,2,0,1,0,0,3,0
15425,0,3,0,0,0,4,0,0,0,3,4,2,1,4,0,0,1,0
15426,0,0,0,0,2,4,0,4,0,3,1,1,0,2,0,0,2,0
15427,0,0,1,0,1,1,0,0,0,1,1,2,0,0,1,0,0,0
15428,0,3,0,0,3,4,0,0,1,1,1,4,0,3,1,0,4,0
15429,4,1,4,0,1,1,0,3,4,2,1,1,3,1,2,1,2,3
15430,0,3,0,0,2,0,0,0,0,1,1,1,0,1,0,0,3,0
15431,0,3,0,0,2,0,0,0,0,4,2,3,0,4,0,0,4,0
15432,1,4,4,0,0,1,0,1,4,1,1,3,4,0,4,4,0,4
15433,0,4,4,0,0,0,0,0,0,4,0,4,4,0,0,0,0,0
15434,0,0,0,0,1,0,0,0,0,3,2,1,0,0,0,0,2,0
15435,0,3,0,0,3,4,0,1,4,2,2,3,0,3,1,0,2,0
15436,0,1,4,0,1,1,0,1,0,3,3,3,1,2,1,0,4,0
15437,0,4,0,0,0,0,0,0,0,3,3,3,0,2,2,0,2,0
15438,0,0,0,0,0,0,0,0,0,4,2,2,0,3,4,0,4,0
15439,0,0,0,0,0,0,0,0,0,1,2,3,0,4,0,0,0,0
15440,0,1,1,4,0,3,0,0,0,4,4,3,3,3,4,4,3,0
15441,0,4,4,0,1,4,0,0,0,3,2,1,1,1,1,0,4,1
15442,0,4,0,0,1,0,0,0,0,4,3,3,0,2,1,0,3,0
15443,0,2,4,2,0,1,0,0,4,3,3,4,3,0,1,4,0,3
15444,0,2,0,0,2,0,0,0,0,1,3,3,4,4,4,0,1,0
15445,0,1,0,0,4,0,0,0,0,4,4,3,0,4,0,0,0,0
15446,0,3,4,0,0,4,0,4,4,2,1,2,0,1,1,0,1,0
15447,0,4,0,0,1,1,1,1,2,4,2,3,0,2,1,0,2,1
15448,0,1,0,0,3,0,0,0,4,1,2,3,4,4,4,0,1,0
15449,0,2,4,0,4,4,4,2,3,1,3,3,0,2,1,0,1,0
15450,0,4,0,0,4,0,0,4,4,1,2,3,0,4,0,4,3,0
15451,0,4,0,0,4,3,0,0,4,3,1,2,0,2,1,0,4,1
15452,0,3,0,0,4,1,0,0,0,1,4,1,0,1,1,0,0,0
15453,0,2,0,0,4,3,2,0,4,3,2,2,0,0,0,0,3,0
15454,0,3,1,0,2,0,4,2,1,4,2,4,0,2,0,0,1,1
15455,0,1,0,0,0,0,1,3,3,2,2,3,0,1,0,0,2,0
15456,1,4,1,3,1,2,0,0,0,1,1,1,3,1,1,4,0,4
15457,0,0,0,0,0,0,0,0,0,2,2,2,0,1,0,0,2,0
15458,0,4,1,0,4,4,0,1,4,2,4,2,0,1,1,0,1,1
15459,0,4,1,0,0,1,0,0,4,3,1,3,1,4,4,0,2,0
15460,0,3,0,0,4,0,4,0,4,2,2,3,0,0,0,0,4,0
15461,0,1,3,1,3,3,0,0,0,4,1,3,1,0,2,3,1,3
15462,0,1,0,0,2,0,0,0,0,3,1,3,0,1,4,0,1,0
15463,0,4,0,0,4,1,0,4,0,2,2,3,0,2,4,0,1,0
15464,0,3,0,0,4,0,0,2,2,3,3,3,0,4,4,0,4,0
15465,0,1,0,0,0,0,0,1,3,4,4,4,0,1,0,0,1,0
15466,0,4,0,0,0,0,0,4,0,4,4,4,0,4,1,0,4,0
15467,0,4,0,0,3,3,3,2,3,3,3,2,0,3,2,4,1,0
15468,1,1,4,3,1,4,0,3,0,1,3,2,3,4,4,4,1,1
15469,0,3,0,4,0,1,0,0,0,2,4,2,1,1,1,1,0,3
15470,0,1,0,0,1,0,2,2,1,1,1,1,0,4,0,0,2,0
15471,0,4,4,0,0,0,0,0,0,4,4,4,4,0,4,0,0,0
15472,0,0,0,0,0,4,0,0,4,2,4,3,0,1,1,0,3,0
15473,0,4,0,0,1,0,0,0,0,1,4,3,0,1,1,0,1,0
15475,3,2,2,0,4,4,1,2,2,4,2,1,3,1,2,3,3,1
15477,0,4,0,0,4,0,0,0,0,3,4,4,0,1,0,0,4,0
15478,0,4,0,0,2,0,0,0,1,4,3,2,0,1,0,0,1,0
15479,1,2,1,0,0,3,1,1,3,3,4,2,1,1,3,4,3,4
15480,0,2,0,0,4,4,0,3,1,3,3,2,0,4,0,0,2,0
15481,0,1,0,0,3,0,0,1,1,3,2,3,0,4,0,0,4,0
15482,0,4,0,0,0,0,0,0,0,4,1,3,2,4,2,0,0,0
15483,0,1,0,0,1,1,0,3,4,3,1,1,0,4,1,0,2,1
15484,0,4,4,0,0,4,0,4,4,2,4,3,4,1,4,3,4,1
15485,0,2,1,0,2,1,0,0,0,2,3,3,0,3,2,0,2,0
15486,3,4,3,0,0,2,1,0,2,3,1,4,2,1,3,3,0,2
15487,0,4,0,0,1,0,0,0,0,1,3,2,0,3,0,0,2,0
15488,0,4,0,0,4,0,0,0,0,2,2,4,0,3,0,0,2,0
15489,4,4,3,1,0,4,0,0,3,4,4,4,4,4,2,2,0,3
15490,0,2,0,0,1,0,0,0,1,3,2,1,0,3,0,0,3,0
15491,0,4,0,0,4,0,0,1,4,2,3,3,0,4,1,0,4,4
15493,0,3,4,4,0,1,0,0,2,2,4,3,4,1,2,4,2,3
15494,0,0,0,0,1,4,0,1,0,3,3,2,4,1,4,0,1,0
15495,0,2,1,0,0,4,0,0,1,3,0,3,2,0,2,0,0,3
15496,1,1,0,0,0,2,0,0,0,1,1,3,4,0,4,0,0,0
15497,0,4,0,0,4,0,0,0,0,3,2,3,1,4,0,0,3,0
15498,4,1,4,0,0,2,0,0,0,1,0,3,1,0,4,4,0,2
15499,0,0,0,0,0,0,0,0,0,2,4,3,0,2,0,0,1,0
15500,0,2,0,0,3,4,0,3,2,4,3,3,0,3,4,0,3,0
15501,0,2,4,0,0,2,0,4,0,2,4,3,2,0,1,4,4,2
15502,0,4,0,0,0,0,0,1,1,3,1,4,0,4,4,0,2,4
15503,1,0,1,0,0,0,0,0,1,4,1,4,2,2,4,2,0,0
15504,0,0,0,0,0,0,0,0,0,2,2,2,0,0,0,0,1,0
15505,0,4,0,4,0,0,0,0,4,1,2,2,0,4,4,0,1,0
15506,4,1,4,1,0,2,1,0,3,4,0,1,1,0,3,1,0,4
15507,0,4,0,0,1,2,0,1,1,4,2,2,0,2,1,0,1,0
15508,4,2,4,1,0,3,0,0,3,2,1,4,2,0,3,1,0,3
15509,0,3,4,0,0,1,0,0,3,3,1,4,4,2,4,0,0,4
15510,2,2,1,3,0,3,0,4,2,4,1,3,2,3,2,4,3,3
15511,0,3,4,0,1,4,0,3,2,3,3,3,4,3,3,0,1,1
15512,4,2,4,1,2,3,0,2,0,3,2,1,2,2,1,2,2,2
15513,0,3,0,0,4,0,0,4,4,4,3,3,0,4,1,0,2,0
15514,0,3,0,0,1,0,0,0,0,3,1,3,0,2,0,0,4,0
15515,0,2,0,0,4,0,0,0,0,2,3,2,0,4,1,0,4,4
15516,0,4,0,0,4,0,0,0,0,3,3,2,0,1,0,0,2,0
15517,1,3,3,2,0,3,0,0,0,2,3,3,3,0,2,4,0,1
15518,0,4,2,0,3,0,1,3,0,1,4,3,0,2,4,0,4,0
15519,0,1,1,1,1,1,1,2,1,1,1,1,0,3,4,0,2,1
15520,0,1,0,0,4,0,0,0,0,3,3,2,0,4,0,0,1,0
15521,0,1,0,0,0,0,0,0,0,2,1,2,0,4,4,0,1,1
15522,1,2,1,0,0,2,0,0,0,1,0,3,1,0,1,1,0,1
15523,2,2,2,3,0,4,0,0,2,3,0,3,2,0,3,2,0,0
15524,0,1,1,0,0,4,0,4,3,3,1,2,0,2,1,0,3,0
15525,0,4,4,0,4,4,0,4,4,3,4,4,0,3,0,0,1,4
15526,0,3,0,0,3,4,0,1,0,2,3,3,4,3,4,0,4,4
15527,0,2,3,0,4,2,0,0,0,3,2,3,0,1,4,0,3,4
15528,0,2,0,0,0,3,0,4,0,3,1,2,0,1,4,0,4,0
15529,0,0,0,0,1,0,0,0,1,1,2,3,0,1,0,0,4,0
15530,0,3,0,0,4,4,3,4,4,3,3,3,0,1,0,0,3,0
15531,0,3,4,0,1,0,0,2,2,4,4,2,4,4,1,0,3,0
15532,2,2,0,0,0,0,0,4,0,3,4,3,4,0,1,3,4,1
15533,0,2,0,2,0,1,0,0,4,2,4,1,1,3,3,0,4,0
15534,0,0,0,0,0,0,0,0,0,0,2,4,0,3,1,0,0,0
15535,0,1,0,0,0,1,0,3,0,4,3,3,0,2,0,0,4,0
15536,0,1,4,0,1,0,0,2,0,1,1,1,0,1,1,0,3,1
15537,4,1,2,0,0,3,0,0,0,1,4,1,2,0,2,1,0,1
15538,0,3,0,0,2,3,4,3,3,1,1,3,0,4,0,0,2,0
15539,0,0,0,0,0,1,0,0,1,2,3,2,1,1,1,0,1,0
15540,0,2,1,0,4,3,0,1,0,2,3,3,0,2,1,0,3,1
15541,1,4,1,1,0,1,0,0,4,3,0,1,2,0,2,1,0,0
15542,0,3,0,0,4,0,0,0,3,4,2,2,0,0,0,0,1,0
15543,0,0,0,0,4,4,0,0,0,3,2,3,0,4,0,0,4,0
15544,0,1,4,0,0,0,0,4,0,3,2,3,0,3,0,0,4,0
15545,0,4,1,0,0,2,0,0,0,4,4,1,2,0,4,0,0,0
15546,0,4,0,0,1,0,0,0,0,1,1,1,0,1,0,0,2,0
15547,2,1,3,0,0,4,0,0,0,4,1,3,2,1,2,2,4,1
15548,0,3,0,0,4,0,0,0,0,3,3,4,0,4,0,0,2,0
15549,0,0,4,0,0,4,0,4,0,2,2,2,3,1,4,0,1,0
15550,0,4,0,4,3,0,0,0,0,2,2,3,1,0,0,0,4,0
15551,0,0,0,0,0,0,0,0,1,4,4,4,1,4,0,0,4,0
15552,0,2,0,0,1,1,0,4,1,2,3,2,0,1,3,0,3,0
15553,0,3,0,0,0,0,0,2,3,1,4,3,0,3,4,0,4,0
15554,0,0,0,0,4,0,0,0,0,4,4,2,0,2,4,0,0,0
15555,0,4,1,0,1,0,1,4,0,4,3,4,0,4,1,0,3,0
15556,0,1,0,0,4,1,2,4,1,2,4,3,0,3,0,0,1,0
15557,0,2,0,0,1,4,0,4,0,2,1,2,0,3,3,0,3,0
15558,0,2,3,0,1,0,0,0,1,2,1,3,1,1,1,0,1,2
15559,0,4,0,0,0,0,0,4,0,3,4,3,0,4,0,0,0,0
15560,0,0,2,0,0,3,0,1,0,3,1,4,0,4,4,0,1,0
15561,0,3,0,0,1,2,0,1,0,4,2,2,0,1,1,0,1,0
15562,0,0,0,0,0,0,0,0,0,3,4,3,0,0,0,0,4,0
15564,0,3,0,0,1,1,1,1,1,3,1,1,0,1,4,0,1,0
15565,4,1,3,0,0,2,0,0,3,4,0,2,1,0,1,0,0,1
15566,0,3,0,0,1,0,0,2,0,1,1,2,0,1,0,0,3,0
15567,0,3,1,0,3,3,0,0,1,4,1,2,4,2,1,0,2,0
15568,0,2,0,0,1,0,0,0,0,2,2,2,0,0,4,0,1,0
15569,0,4,0,0,0,0,0,1,1,4,1,2,0,4,1,0,0,0
15570,1,1,4,0,0,2,0,4,3,3,1,2,1,4,3,3,4,2
15571,0,2,0,0,1,0,0,1,4,2,3,3,0,2,1,0,2,0
15572,0,0,0,0,0,0,0,0,0,2,2,4,1,4,0,0,4,0
15573,4,2,4,0,0,1,4,4,1,2,4,2,1,0,2,1,4,1
15574,0,4,1,0,0,1,0,0,4,4,4,4,4,0,1,0,0,0
15575,4,3,1,0,0,0,0,1,0,3,4,2,2,1,4,0,0,0
15576,0,4,0,0,2,4,0,2,1,2,3,2,0,2,0,0,3,1
15577,0,0,0,0,4,0,0,0,0,4,3,3,0,1,0,0,1,0
15578,0,1,0,0,3,0,0,0,0,0,1,1,0,2,4,0,0,0
15579,0,4,0,0,4,0,0,4,0,2,2,2,0,1,0,0,3,0
15580,0,3,4,0,3,1,0,3,1,4,4,3,0,2,1,0,2,0
15581,0,4,0,0,4,4,0,3,2,1,1,3,0,4,0,0,4,0
15582,0,3,0,0,4,0,0,0,0,1,4,3,0,2,4,0,4,0
15583,0,3,4,0,2,3,0,0,1,3,3,1,0,2,4,0,4,0
15584,1,4,3,0,3,0,0,3,1,3,4,4,1,2,2,0,4,0
15585,4,4,0,0,1,0,1,2,0,2,2,2,0,2,0,0,2,0
15586,0,4,0,0,4,4,1,4,4,4,4,4,0,3,0,0,4,4
15587,3,4,1,1,0,1,0,0,1,3,0,4,2,0,2,3,0,4
15588,0,4,0,0,4,0,0,0,0,0,1,2,0,4,0,0,4,0
15589,0,2,0,0,3,1,1,2,4,3,2,2,0,1,4,0,2,4
15590,0,1,1,0,0,1,4,3,3,3,1,3,1,4,1,1,1,0
15592,4,4,0,4,1,3,4,1,4,2,4,2,1,4,2,1,4,1
15593,1,2,0,0,0,2,2,0,1,4,3,2,1,4,4,0,4,0
15594,0,1,3,0,2,1,0,3,4,2,1,4,4,3,3,0,4,4
15595,4,4,2,4,0,4,0,0,0,4,0,4,4,0,4,1,0,2
15597,0,0,0,0,1,0,0,0,0,3,3,2,0,4,1,0,4,0
15598,0,4,4,0,1,1,0,3,4,2,2,2,0,4,4,0,3,0
15599,0,4,2,2,0,2,0,0,1,1,1,2,2,0,3,3,1,2
15600,0,1,0,0,0,0,0,0,1,3,1,4,3,0,3,1,0,0
15602,0,2,1,3,0,4,0,0,0,3,4,3,2,0,2,0,3,4
15603,0,3,0,0,4,0,0,1,1,3,3,3,0,1,0,0,2,0
15604,0,1,0,0,1,0,0,4,0,2,1,1,0,2,1,0,2,0
15605,0,1,0,0,2,0,0,0,0,4,1,3,0,3,1,0,3,0
15606,1,1,1,0,0,2,0,0,0,3,0,4,2,0,1,2,0,2
15607,4,3,1,1,0,4,0,0,0,3,4,3,3,1,3,4,2,4
15608,0,1,3,0,3,3,0,4,1,4,4,2,1,3,1,0,4,0
15609,2,1,2,1,0,1,0,0,4,3,0,1,3,0,1,4,0,0
15610,0,0,4,0,0,2,0,1,3,2,3,3,3,3,1,0,3,0
15611,1,2,0,0,1,2,1,1,1,1,4,3,0,2,1,0,1,4
15612,1,3,3,2,0,1,0,0,0,3,0,2,3,0,2,2,0,3
15613,3,2,0,3,0,1,0,0,0,1,4,1,4,0,4,2,0,2
15614,4,4,1,0,0,2,0,0,1,1,4,1,4,0,1,4,4,2
15615,0,3,1,1,0,4,0,0,3,2,0,4,4,0,2,3,0,4
15616,4,0,1,1,0,2,0,0,3,4,0,4,4,0,2,2,0,4
15617,2,4,4,0,0,1,0,0,1,3,0,3,3,0,0,0,0,0
15618,0,0,0,0,0,0,0,2,4,2,3,2,0,3,1,0,4,0
15619,0,0,0,0,0,0,0,0,0,4,4,4,0,3,0,0,4,0
15620,1,4,2,1,0,3,0,3,0,3,1,1,4,2,2,4,4,1
15621,1,2,2,3,0,4,0,0,4,3,0,1,2,0,1,2,0,2
15622,1,4,1,1,0,4,0,4,3,1,2,2,2,0,1,1,0,2
15623,0,1,4,3,0,2,0,0,0,3,3,3,2,0,1,2,0,2
15624,1,2,1,4,4,2,0,4,2,3,0,3,2,0,4,2,0,4
15625,0,1,0,0,3,4,0,0,4,1,1,1,0,4,1,0,1,0
15626,0,2,1,1,4,3,4,2,1,1,4,1,1,3,1,0,1,1
15627,0,2,2,1,0,2,0,0,1,2,4,4,3,4,3,4,4,0
15628,0,4,0,0,3,0,0,0,0,2,3,2,0,2,0,0,3,0
15629,0,1,4,0,1,2,0,4,3,2,3,3,0,4,3,0,3,0
15630,1,3,1,0,0,4,0,0,0,4,0,3,1,0,2,1,0,3
15631,0,4,1,0,0,0,0,0,4,1,3,3,0,1,2,0,0,0
15632,0,4,0,0,0,0,0,0,0,2,4,4,0,1,0,0,4,0
15633,0,2,0,0,4,0,0,1,0,3,3,4,0,3,0,0,4,4
15634,1,4,1,0,3,4,0,1,1,4,1,2,2,1,3,3,1,4
15635,0,4,0,0,0,4,1,4,1,1,2,2,0,3,0,0,2,0
15636,4,1,1,0,0,2,0,0,0,4,1,1,4,1,4,3,0,3
15637,2,2,0,2,0,4,0,0,0,1,0,3,3,0,2,3,0,4
15638,1,4,2,3,0,0,0,0,0,1,2,1,3,1,2,1,1,0
15639,0,3,0,0,4,0,4,3,4,2,2,2,0,1,0,0,2,1
15640,1,4,4,2,0,1,0,0,1,3,4,2,1,0,1,4,0,1
15641,0,3,1,4,0,4,0,0,0,3,0,2,3,0,2,1,0,0
15642,0,2,0,0,0,0,0,4,0,1,3,2,1,2,4,0,4,0
15643,3,3,3,3,3,2,0,0,0,3,4,4,4,0,4,3,4,2
15644,0,3,4,0,1,4,3,2,3,1,1,2,2,3,4,0,2,1
15645,0,1,0,0,3,0,0,2,0,3,3,3,0,3,4,0,3,0
15646,1,3,1,3,0,1,0,0,0,1,0,1,1,0,1,1,0,0
15647,4,3,2,0,0,3,0,0,0,2,0,3,1,0,2,1,0,0
15648,0,2,1,4,0,1,0,0,0,3,0,4,1,0,2,3,0,1
15649,4,2,0,2,0,2,0,0,4,1,0,1,4,0,3,1,0,0
15650,0,0,0,0,4,0,0,0,0,0,2,1,0,4,0,0,4,0
15651,0,2,2,0,3,3,0,0,0,3,4,1,3,1,1,2,0,0
15652,0,1,0,0,0,0,0,1,4,1,2,1,0,1,0,0,2,0
15653,1,2,1,0,0,2,0,0,0,1,0,3,1,0,1,4,0,4
15654,0,4,1,0,0,0,0,2,3,2,3,3,4,3,4,1,3,0
15655,4,2,0,0,4,1,3,1,3,2,2,1,1,2,4,1,1,1
15656,0,1,1,0,3,1,0,0,4,1,1,1,1,1,1,1,1,1
15657,0,2,4,0,0,0,0,1,4,4,2,2,0,1,0,0,0,0
15658,0,2,0,0,4,0,0,0,0,2,1,2,0,1,0,0,3,0
15659,4,1,2,1,0,1,0,0,1,2,4,3,1,0,2,4,0,4
15660,0,0,0,0,2,0,0,0,0,1,1,1,0,2,0,0,1,0
15661,4,1,1,0,0,1,1,0,3,4,1,1,4,0,3,0,0,1
15662,4,2,2,0,0,4,0,2,3,2,4,3,3,2,3,0,4,0
15664,2,2,2,4,0,3,0,0,0,1,3,2,2,1,2,3,4,3
15665,0,4,3,0,0,3,0,0,4,4,0,4,1,0,2,0,0,1
15666,0,4,0,0,4,1,0,2,1,1,3,3,4,4,0,0,2,0
15667,0,3,4,0,1,1,0,3,4,3,1,2,2,4,2,1,1,1
15668,0,1,0,0,2,1,0,0,0,1,1,1,0,3,4,0,2,3
15669,0,4,2,0,0,1,0,0,4,2,0,3,3,0,1,4,0,0
15670,0,3,0,0,4,4,1,3,4,3,3,1,0,4,1,0,1,0
15671,0,1,1,3,0,1,0,0,0,4,3,4,3,4,2,1,4,4
15672,0,2,0,0,4,0,0,0,0,1,3,2,0,0,0,0,0,0
15673,0,2,4,1,0,4,0,0,0,2,0,4,1,0,1,0,0,1
15675,3,1,2,0,0,2,0,1,4,2,0,1,1,1,4,1,1,4
15676,0,2,0,0,0,2,0,0,0,2,1,3,1,0,1,0,0,1
15677,0,4,0,0,0,0,0,0,0,1,3,2,0,0,0,0,0,0
15678,0,2,0,0,1,0,1,1,4,2,1,2,0,4,1,0,1,0
15679,1,1,1,4,0,4,0,0,0,1,3,2,1,2,4,1,4,4
15680,0,0,0,0,0,0,0,0,0,0,2,3,0,4,0,0,1,0
15681,0,4,0,0,3,0,0,4,0,3,3,3,0,1,0,0,3,0
15682,0,4,0,1,1,2,2,2,4,3,4,4,4,3,1,0,3,0
15683,0,3,0,0,1,1,0,3,1,1,2,2,0,1,4,0,2,0
15684,0,2,0,0,4,0,0,0,0,2,2,1,0,3,2,0,2,4
15685,1,4,2,4,0,2,0,0,1,2,0,2,2,0,2,0,0,0
15686,0,3,1,0,0,2,0,0,0,2,4,1,1,1,2,0,0,4
15687,1,1,2,1,1,4,3,4,3,3,4,3,2,0,2,1,4,1
15688,1,2,4,0,0,1,4,3,4,3,4,3,0,4,0,0,3,0
15689,0,1,4,1,0,4,0,0,2,2,1,3,4,0,2,2,2,2
15690,0,4,0,0,4,3,0,1,0,2,2,3,1,2,4,0,4,0
15691,0,1,1,0,4,1,0,2,1,1,2,1,0,2,2,0,2,0
15692,0,1,0,0,1,1,0,1,2,3,1,3,0,2,0,0,2,0
15693,0,3,0,0,0,0,0,0,4,1,1,3,0,4,0,0,2,0
15694,0,4,3,0,4,0,0,2,4,1,4,3,0,2,2,4,2,4
15695,0,1,1,4,3,3,1,2,1,2,3,3,1,4,2,2,1,1
15696,0,4,2,0,0,1,0,4,1,2,2,2,1,4,1,1,3,1
15698,0,0,0,0,1,1,0,0,0,0,4,1,0,1,0,0,1,0
15699,0,2,1,0,2,1,3,3,2,3,1,2,3,1,3,0,1,1
15700,0,4,0,0,0,0,0,0,0,3,3,2,0,3,4,0,3,0
15701,0,0,0,0,0,0,0,0,0,0,1,1,0,1,3,0,0,0
15702,0,3,2,1,0,0,0,4,2,4,1,4,3,1,2,1,4,4
15703,4,1,1,0,0,1,0,0,0,2,4,4,2,0,1,1,0,4
15704,0,3,0,0,0,0,0,0,0,4,4,4,0,4,0,0,1,0
15705,0,4,0,0,4,0,0,0,4,2,2,3,0,4,0,0,4,0
15706,0,2,0,0,2,2,0,0,2,4,4,4,0,3,4,0,1,0
15707,0,2,0,0,1,0,0,0,1,3,2,2,0,1,0,0,1,0
15708,0,4,0,0,2,0,0,0,0,3,2,3,0,4,1,0,2,0
15709,0,0,1,0,0,0,0,0,0,2,3,2,1,0,1,0,2,0
15710,0,3,1,0,3,2,0,0,0,1,1,2,0,1,1,0,2,0
15711,0,4,0,0,0,2,0,0,0,3,2,3,4,2,3,0,2,0
15712,0,2,0,0,3,4,0,1,0,2,2,2,0,3,0,0,4,4
15713,0,4,0,0,0,0,0,0,0,3,3,2,0,4,0,0,3,0
15714,0,1,0,0,2,1,0,0,4,3,2,2,0,1,1,1,2,0
15715,0,2,2,2,0,2,0,0,0,4,1,2,0,4,2,2,4,2
15716,0,1,0,0,1,0,0,0,1,2,3,3,0,2,0,0,2,0
15717,4,2,1,1,1,2,0,1,4,4,2,2,0,4,2,0,4,0
15718,0,2,1,0,3,0,0,0,0,2,2,2,0,4,0,0,4,0
15719,4,4,3,4,0,4,0,0,1,2,2,2,2,3,2,1,4,2
15720,0,3,4,0,4,4,0,0,0,3,4,4,0,4,4,0,2,0
15721,0,3,0,0,4,0,0,0,0,1,2,2,0,4,0,0,4,0
15722,0,1,0,0,0,0,0,0,0,4,1,2,0,4,0,0,0,0
15723,0,4,4,0,4,2,0,1,1,2,1,2,1,1,2,1,1,0
15725,0,1,0,0,4,0,0,0,0,3,2,3,0,0,0,0,2,0
15726,0,2,0,0,1,0,0,4,3,1,2,3,0,3,0,0,4,0
15727,0,4,0,0,2,3,1,2,1,4,2,1,0,4,1,0,2,0
15728,0,4,0,0,2,0,3,4,1,1,3,3,0,3,0,0,1,4
15729,0,3,0,0,1,0,0,0,0,2,1,3,0,4,0,0,3,0
15730,0,2,0,0,4,0,0,0,0,4,4,4,0,4,0,0,4,0
15731,0,3,0,0,4,0,0,0,0,3,3,3,3,1,4,0,3,0
15732,0,0,0,0,0,0,0,0,0,3,4,2,0,1,1,0,3,0
15733,0,4,0,0,4,0,0,0,0,1,1,1,0,1,1,0,4,0
15734,0,2,0,0,2,0,0,0,1,2,2,3,0,3,0,0,3,0
15735,4,2,1,1,1,1,0,4,2,3,4,4,1,4,2,4,1,2
15736,0,3,3,4,0,2,0,1,0,2,1,1,3,2,3,0,1,0
15737,4,4,4,0,0,4,0,0,0,4,0,4,3,0,4,4,0,0
15738,0,4,0,0,0,0,0,4,1,4,3,4,0,4,0,0,4,0
15739,4,3,3,4,2,2,0,0,4,4,3,3,4,1,4,2,3,3
15740,0,4,4,0,4,0,0,0,4,1,3,3,3,4,0,0,0,0
15741,0,2,0,0,0,4,4,4,3,2,4,3,0,4,4,0,4,0
15742,4,4,1,0,4,1,0,0,3,4,4,3,2,4,3,0,1,0
15743,4,2,2,0,1,2,4,4,2,3,4,2,3,1,4,4,4,4
15744,0,4,4,0,3,3,0,2,2,4,3,3,0,2,2,0,1,4
15745,0,3,0,0,0,4,0,4,0,2,4,4,4,4,1,2,4,3
15746,0,4,0,0,1,4,0,0,0,3,3,2,0,1,0,0,1,0
15747,0,4,0,0,0,4,0,0,0,0,4,4,4,4,0,0,0,0
15748,0,3,0,0,0,0,0,0,0,3,2,3,0,2,0,1,0,0
15749,0,2,0,0,3,1,0,1,0,4,2,4,0,3,0,0,4,1
15750,0,0,0,0,4,0,0,0,0,3,2,2,0,1,0,0,1,0
15751,4,4,3,1,0,1,0,0,0,2,0,1,4,0,3,1,0,4
15752,0,1,0,0,2,1,4,1,2,2,2,2,1,3,1,0,1,0
15753,4,1,0,0,4,0,0,0,0,2,2,2,0,3,0,0,4,0
15754,4,2,1,1,0,2,0,0,0,3,1,1,1,0,3,2,0,1
15755,4,4,1,0,0,4,0,3,3,4,3,4,4,4,3,4,2,1
15756,0,1,0,0,0,0,0,4,0,4,1,3,0,1,0,0,4,0
15757,0,3,4,0,0,4,0,0,0,2,4,4,0,0,1,0,0,0
15758,0,3,2,0,0,1,0,0,0,4,0,4,3,0,4,0,0,0
15759,1,2,2,3,0,1,0,0,0,3,0,2,2,0,2,3,0,4
15760,0,4,4,0,0,1,0,0,2,2,2,3,4,1,3,1,2,4
15761,0,1,4,0,1,3,0,1,0,1,3,2,0,2,3,0,1,1
15762,4,0,4,0,0,2,0,0,4,2,4,4,3,0,3,1,0,0
15763,0,4,0,0,0,4,0,1,2,4,3,2,0,3,2,0,2,3
15764,0,3,1,0,2,1,4,4,2,3,3,2,0,4,1,0,1,0
15765,4,0,4,0,4,2,0,4,2,1,1,2,2,0,2,1,1,4
15766,0,4,1,0,1,1,0,4,4,4,3,2,0,2,4,0,4,3
15767,0,3,1,0,0,0,0,0,3,3,3,2,2,4,1,0,1,4
15769,0,4,0,0,0,0,0,4,0,4,4,2,0,2,4,0,4,0
15770,0,1,2,0,0,4,0,0,1,3,1,3,0,1,3,2,0,1
15771,0,3,1,0,0,4,0,0,1,3,2,2,4,3,1,0,1,0
15772,0,0,2,2,0,1,0,0,0,0,4,4,4,0,4,0,0,0
15773,0,1,3,0,2,4,0,0,0,1,1,2,0,2,4,0,2,0
15774,0,0,1,0,0,0,0,0,0,1,4,2,0,1,1,1,4,1
15775,1,2,1,0,0,2,0,0,1,1,0,1,4,0,2,3,0,4
15776,4,2,1,0,4,3,2,1,2,2,1,3,1,1,1,3,1,2
15777,0,2,0,0,3,1,1,2,1,2,3,1,0,2,0,0,4,4
15778,0,4,3,0,1,0,0,1,0,1,4,2,1,4,4,0,3,0
15779,1,1,2,2,3,3,0,3,4,1,4,1,3,3,3,4,4,3
15780,3,2,1,1,0,3,2,0,2,2,1,3,2,4,1,2,0,0
15781,0,0,0,0,3,0,0,0,0,2,3,2,0,0,0,0,3,0
15782,0,4,0,0,0,0,0,0,1,4,2,4,0,4,0,0,0,0
15783,0,4,0,0,4,0,0,0,0,4,4,4,0,0,0,0,1,0
15784,0,4,0,0,4,0,0,4,4,2,3,3,0,4,4,0,1,4
15785,0,3,1,0,3,0,0,1,0,3,2,2,0,1,0,0,1,0
15786,0,2,1,0,0,4,0,0,0,1,1,2,3,0,1,0,0,1
15787,0,4,0,0,0,0,0,0,0,4,4,4,0,0,0,0,4,0
15788,0,2,0,0,1,3,0,4,3,1,3,1,1,2,0,0,1,0
15789,0,4,0,0,2,0,0,0,0,2,3,3,0,4,0,0,3,0
15790,0,4,4,0,0,2,0,0,0,4,4,4,0,0,1,0,0,0
15791,0,1,0,0,1,0,0,4,0,1,2,2,0,1,3,0,3,1
15792,0,0,0,0,4,0,0,0,0,4,2,4,0,0,0,0,3,0
15793,0,4,4,0,1,1,0,0,0,4,3,3,4,2,2,0,2,0
15794,0,1,1,0,1,2,0,0,1,2,1,4,0,1,3,0,4,4
15795,0,1,0,0,1,0,0,3,2,2,3,3,0,3,2,0,2,0
15796,0,1,1,0,4,4,0,4,4,4,1,4,0,0,1,4,3,0
15797,4,1,0,0,0,0,0,0,0,1,4,1,0,0,0,0,0,0
15798,0,4,1,0,1,0,0,0,0,2,3,2,0,3,1,0,3,0
15799,0,1,0,0,3,0,1,1,3,4,3,3,0,0,0,1,1,0
15800,0,1,0,0,4,0,0,0,0,1,2,1,0,0,0,0,4,0
15801,0,3,1,0,1,0,1,0,4,2,1,2,4,4,1,0,0,1
15802,3,4,2,4,4,4,0,0,0,2,4,3,2,0,4,4,0,2
15803,0,4,1,0,0,4,0,0,0,3,4,4,1,0,4,0,4,0
15804,0,2,0,1,4,0,0,1,0,1,1,3,0,2,4,0,4,1
15805,0,1,1,0,2,2,4,4,2,1,2,3,3,4,4,4,2,2
15806,0,1,0,0,4,0,0,0,4,2,1,3,0,4,4,0,4,0
15808,0,2,1,0,4,1,4,1,4,3,4,3,1,4,3,0,4,0
15809,4,4,1,0,0,1,1,4,1,1,1,1,1,1,1,1,1,1
15810,0,0,0,0,0,0,0,0,0,1,3,3,0,1,0,0,1,0
15811,0,3,0,0,0,4,0,4,4,4,4,4,4,0,4,0,0,0
15812,0,2,0,0,4,1,3,4,1,2,2,3,0,4,1,0,2,0
15813,0,4,0,0,3,0,0,0,4,3,4,4,0,4,0,0,4,0
15814,0,2,0,0,1,0,0,0,4,1,1,1,0,1,0,0,0,0
15815,1,4,4,0,0,1,0,0,0,1,1,4,4,0,4,0,0,0
15816,0,4,4,0,1,4,0,0,0,1,1,2,0,2,4,0,1,0
15817,0,0,0,0,4,0,0,0,0,2,1,3,0,4,0,0,4,1
15818,0,0,0,0,1,0,0,0,0,4,4,4,0,4,0,0,1,0
15819,0,2,4,0,3,4,0,1,1,2,3,2,0,4,0,0,2,4
15820,0,1,4,0,0,0,0,1,1,2,4,2,0,1,0,0,4,0
15821,0,2,1,0,1,4,0,2,0,2,2,2,0,2,1,0,1,0
15822,0,4,0,0,3,0,0,0,0,1,1,2,0,1,0,0,2,0
15823,0,1,4,0,2,0,0,0,0,3,3,2,0,1,0,0,2,0
15824,0,1,0,0,4,4,0,0,0,1,2,1,0,0,0,0,0,0
15825,0,1,2,3,0,3,0,1,0,3,2,2,3,2,1,4,3,4
15826,0,1,0,0,0,0,0,0,0,1,2,2,0,4,0,0,4,0
15827,0,1,0,0,1,0,0,1,1,1,1,1,0,1,0,0,1,0
15828,1,2,2,1,0,1,0,0,4,3,4,1,1,4,1,1,0,1
15829,2,1,1,0,0,2,0,0,4,1,4,1,2,1,1,2,0,3
15830,0,1,0,0,3,0,0,0,0,3,3,2,0,1,0,0,0,0
15831,0,2,1,0,4,0,0,0,0,3,4,4,1,4,1,0,4,0
15832,0,3,0,0,0,0,0,0,0,3,2,3,0,2,4,0,4,0
15833,0,4,0,0,0,1,0,2,0,1,3,3,0,2,4,0,1,0
15834,0,0,0,0,1,0,0,0,0,1,3,2,0,3,0,0,2,0
15835,2,1,4,0,0,0,0,0,0,0,3,4,0,4,4,0,4,0
15836,1,3,3,3,0,2,0,0,1,3,0,2,1,0,3,2,0,2
15837,0,3,0,0,2,0,0,0,0,1,3,2,0,3,2,0,3,0
15838,0,4,2,0,0,1,0,0,0,0,1,3,4,3,4,1,1,0
15839,0,2,0,0,0,1,0,0,4,4,4,4,4,0,4,0,0,0
15840,0,3,4,0,0,4,0,0,0,2,3,3,4,0,4,2,1,1
15841,0,2,2,0,0,1,0,0,0,2,4,2,0,1,1,0,2,0
15842,0,3,0,0,2,0,0,4,1,3,2,1,0,2,4,0,1,0
15843,0,2,0,0,3,0,4,3,4,3,4,4,4,2,3,0,4,1
15844,0,0,0,0,0,0,0,1,0,2,2,2,0,2,0,0,3,0
15845,0,0,0,0,0,0,0,0,0,0,4,4,0,4,0,0,1,0
15846,0,0,0,0,0,1,0,0,0,3,4,4,0,3,0,0,2,0
15847,0,4,0,0,0,4,0,0,0,0,4,4,0,4,2,0,4,4
15848,0,2,0,0,4,0,0,0,0,4,4,4,0,4,0,0,0,0
15849,4,4,1,0,0,0,0,0,4,1,0,1,2,0,3,1,0,1
15850,0,4,0,0,0,0,0,0,0,2,3,4,0,1,1,0,3,0
15851,0,3,1,0,2,1,0,1,4,2,1,3,0,2,4,0,3,0
15852,0,1,1,0,0,0,0,0,0,2,3,2,0,2,1,0,3,0
15853,0,1,4,0,1,2,0,1,4,1,4,4,2,2,2,0,4,0
15854,1,1,2,0,3,4,1,0,4,4,1,3,2,3,3,1,1,3
15855,1,3,3,0,4,0,0,0,0,3,1,3,1,2,1,4,3,3
15856,0,3,0,0,1,0,0,0,0,1,2,2,0,4,0,0,4,0
15857,0,2,0,0,4,0,0,3,1,4,3,4,0,2,0,0,1,0
15858,0,3,0,0,0,4,0,4,4,3,1,2,0,3,0,0,1,0
15859,0,0,0,0,0,0,0,1,1,1,3,3,0,3,0,0,1,0
15860,0,4,2,0,3,1,0,0,3,3,2,2,1,2,1,0,4,1
15861,2,1,1,4,0,2,3,0,2,4,0,2,2,4,1,2,0,1
15862,0,1,3,4,0,0,0,0,0,4,0,4,2,0,3,3,0,1
15863,0,4,0,0,3,0,0,3,0,1,3,2,0,2,4,0,3,4
15864,0,2,0,0,4,0,0,0,0,2,1,1,0,4,0,0,3,0
15865,0,2,0,0,4,0,4,3,4,2,4,2,0,1,3,0,3,0
15867,0,3,0,0,0,0,0,3,0,4,3,4,0,2,0,0,2,0
15868,1,2,3,0,0,1,0,0,0,3,4,3,1,2,3,4,0,4
15869,0,1,0,0,1,0,0,1,0,3,3,4,0,4,0,0,4,0
15870,0,2,3,0,0,4,0,0,0,3,2,2,4,4,4,0,4,0
15871,0,4,0,0,4,4,0,0,0,3,2,3,4,4,4,0,4,0
15872,0,1,0,0,0,0,0,2,4,3,3,3,0,3,0,0,3,0
15873,0,4,4,0,1,0,2,4,3,3,4,3,0,2,3,0,1,0
15874,3,1,4,0,4,3,1,4,3,1,3,3,1,1,2,3,1,4
15875,0,4,2,0,0,0,0,1,1,3,1,3,2,2,3,3,2,0
15876,0,2,0,0,1,4,4,3,3,2,3,3,0,2,4,0,4,4
15877,0,2,0,0,0,0,0,0,0,3,3,3,0,4,0,0,4,0
15878,0,3,1,4,0,2,0,0,0,3,0,1,2,0,1,4,0,0
15879,0,4,3,0,2,4,2,4,4,1,3,3,2,1,1,4,3,0
15880,0,1,1,0,0,0,0,3,0,2,2,2,1,1,4,0,2,0
15881,0,2,2,0,0,1,0,0,0,2,0,3,1,0,3,4,0,4
15882,4,2,3,0,0,4,0,0,3,1,1,4,3,3,4,0,3,0
15883,0,1,0,0,0,0,0,0,0,1,2,1,0,0,0,0,0,0
15884,0,2,0,0,0,1,0,0,0,1,1,1,4,1,1,0,1,0
15885,0,4,0,0,1,0,0,4,0,3,2,1,0,0,2,0,4,4
15886,0,3,0,0,1,0,1,3,4,2,2,2,0,2,0,0,2,0
15887,0,1,1,0,0,2,3,1,1,4,4,3,0,1,1,0,1,0
15888,0,3,1,0,0,4,0,0,1,3,4,1,1,0,1,0,4,0
15889,0,4,0,0,1,0,0,1,2,4,4,3,1,2,0,0,1,0
15890,0,1,1,0,4,0,0,1,1,0,2,2,0,3,3,0,1,1
15891,0,4,0,0,0,0,0,1,4,4,4,2,4,3,4,0,4,0
15892,4,2,0,0,4,0,0,2,3,1,3,2,0,3,1,0,2,0
15893,0,3,0,0,1,0,0,0,0,3,1,2,4,0,1,4,0,0
15894,0,3,0,0,4,0,0,3,0,4,3,4,0,4,0,0,4,0
15895,0,4,0,0,2,0,0,3,1,4,3,3,0,3,0,0,4,0
15896,0,0,0,0,0,2,0,4,0,1,3,2,1,2,3,0,4,0
15897,0,1,0,0,1,1,0,0,0,4,1,3,0,4,0,0,1,0
15898,4,0,4,0,0,0,0,0,3,3,3,2,0,4,4,0,2,0
15899,0,0,0,0,4,0,0,0,0,2,2,3,0,0,0,0,0,0
15900,4,4,1,3,0,4,0,0,1,4,0,4,3,0,2,1,0,0
15901,1,1,3,1,0,0,2,1,2,3,4,2,3,3,1,0,2,1
15902,0,3,4,0,1,3,0,4,2,4,4,3,4,3,1,0,3,0
15903,0,0,0,0,0,0,0,0,4,3,2,2,0,3,0,0,4,0
15904,0,3,0,0,0,2,0,1,2,2,3,3,0,2,4,0,4,0
15905,4,2,2,0,0,1,0,0,3,2,4,4,3,4,2,0,0,3
15906,0,4,1,0,1,0,0,0,0,2,3,2,0,4,0,0,1,4
15907,4,3,2,1,1,1,0,0,1,1,1,1,2,3,2,3,1,1
15908,0,4,0,0,3,0,0,0,0,2,3,3,0,3,0,0,1,0
15909,0,2,0,0,0,0,0,0,0,2,2,1,0,4,0,0,1,0
15910,0,2,0,0,4,4,0,2,4,2,2,2,0,1,1,0,2,0
15911,2,4,4,0,0,3,0,4,3,3,4,2,2,3,1,1,3,0
15912,1,2,2,0,1,1,0,0,2,2,0,4,2,0,2,3,4,2
15913,4,3,4,0,1,1,2,0,4,2,1,3,1,1,3,2,1,4
15914,0,2,0,0,3,0,0,0,0,2,1,2,0,4,0,0,2,0
15915,0,4,0,0,0,0,2,4,0,1,1,1,0,3,0,0,2,0
15916,0,1,0,0,4,1,4,4,3,4,2,2,0,3,0,0,3,0
15917,0,2,0,0,1,1,0,1,0,2,2,3,0,4,1,0,1,0
15918,0,4,0,0,1,0,0,0,0,4,2,3,0,1,0,0,0,0
15919,4,3,2,3,0,1,0,0,0,2,4,4,1,0,4,4,4,4
15920,0,1,0,0,0,0,4,1,2,1,3,3,4,1,4,0,4,4
15921,0,4,0,0,3,4,0,0,0,4,3,4,0,2,2,0,0,0
15922,0,0,0,0,2,0,0,0,0,3,3,4,0,4,0,0,3,0
15923,3,4,2,0,0,2,0,0,2,4,0,4,4,0,3,1,0,0
15924,3,3,3,0,0,1,0,0,4,1,4,2,3,4,3,0,0,1
15925,0,1,0,0,0,0,0,0,0,4,0,2,0,4,0,0,0,0
15926,0,3,0,0,0,0,0,1,2,4,1,3,4,1,3,0,3,4
15927,4,2,4,0,0,0,0,1,1,2,4,2,3,1,1,4,3,0
15928,2,1,3,1,0,2,0,4,4,3,4,3,2,0,2,0,4,0
15929,0,3,0,0,2,0,0,0,0,2,3,3,0,3,1,0,4,0
15930,0,1,0,0,4,1,0,1,3,1,2,3,0,1,1,0,3,0
15931,0,4,2,0,0,0,4,3,2,3,2,3,2,3,4,4,3,4
15932,0,0,0,0,4,0,0,0,0,2,4,4,0,0,0,0,0,0
15933,1,4,0,0,0,1,4,4,1,4,4,1,0,4,1,0,4,0
15934,0,1,0,0,0,0,0,0,3,3,1,2,0,2,3,0,1,0
15935,0,1,2,0,0,4,3,4,4,3,4,4,1,4,3,4,4,0
15936,0,1,1,0,1,1,0,4,0,1,3,2,0,3,3,0,2,1
15937,0,3,0,0,4,4,0,0,0,2,2,3,0,1,4,0,3,0
15938,0,2,4,0,0,3,0,0,2,4,0,2,1,0,1,1,0,2
15939,0,1,0,0,2,1,0,4,2,3,3,3,0,2,1,0,2,0
15940,0,2,0,0,0,0,1,1,1,1,1,1,0,1,1,0,2,0
15941,1,2,1,0,0,1,0,0,0,3,0,2,4,0,1,0,0,0
15942,0,2,1,0,0,0,0,0,0,2,3,3,4,4,1,0,4,0
15943,0,3,0,0,1,0,0,0,0,1,1,4,0,1,0,0,3,0
15944,0,0,0,0,0,1,0,0,0,3,4,3,0,1,2,0,3,1
15945,0,2,0,4,1,0,0,0,0,4,3,2,0,0,0,0,1,0
15946,0,0,0,0,4,0,0,0,0,3,4,3,0,3,0,0,0,0
15947,0,1,3,0,1,2,0,4,3,1,1,1,4,2,1,0,2,0
15948,0,2,3,0,0,0,0,3,2,1,2,2,0,4,0,0,4,0
15949,0,2,4,0,1,1,0,0,1,2,1,1,4,0,3,0,1,0
15950,0,2,3,0,4,4,0,2,3,3,4,2,0,1,4,0,3,4
15951,0,3,0,0,1,0,0,0,0,2,3,2,0,0,0,0,3,0
15952,0,1,0,0,3,0,0,0,0,2,3,4,0,1,4,0,2,0
15953,0,1,0,0,4,0,0,0,0,3,1,2,0,1,0,0,4,2
15956,0,0,0,0,1,0,0,0,0,2,2,2,0,2,0,0,3,0
15957,1,1,1,0,1,4,0,3,0,1,4,2,0,3,1,0,4,0
15958,0,2,0,0,4,2,0,4,0,2,4,3,0,4,1,0,3,0
15959,0,4,0,0,1,0,0,0,0,4,3,3,0,1,1,0,4,0
15961,1,2,2,3,0,2,0,0,4,1,4,2,2,4,4,1,4,1
15962,0,3,4,0,2,4,0,3,0,2,3,2,4,1,1,0,2,4
15963,1,3,0,0,3,0,0,0,0,3,3,3,0,2,4,0,2,0
15964,0,1,1,0,2,1,0,0,0,2,2,2,0,1,1,0,2,0
15966,0,3,0,0,2,0,0,0,0,3,3,3,4,0,4,0,4,0
15967,4,1,3,1,0,3,4,3,2,3,2,3,1,1,3,2,3,2
15968,0,1,0,4,4,2,0,2,0,3,3,2,0,2,0,0,4,0
15969,3,3,4,0,0,1,0,0,4,3,0,1,4,0,3,1,0,3
15970,0,4,0,0,1,0,0,0,0,4,4,2,0,4,0,0,1,0
15971,0,1,0,0,0,0,0,2,0,2,1,2,0,4,2,0,1,0
15972,3,2,2,0,0,1,0,0,2,1,4,1,1,4,2,0,1,0
15973,0,0,0,0,0,0,4,4,0,4,4,1,4,2,1,0,4,0
15974,1,4,2,0,0,4,0,1,3,1,2,4,4,0,3,2,4,1
15975,1,2,3,0,0,1,0,0,4,2,4,3,2,4,4,1,4,1
15976,0,4,0,0,0,0,0,0,0,4,3,4,0,3,0,0,3,0
15977,4,3,2,0,0,3,0,0,4,1,1,3,4,0,3,0,0,0
15978,4,1,1,0,4,3,0,0,1,3,3,4,2,3,3,0,3,0
15979,0,1,1,0,3,0,0,1,0,1,1,2,4,1,1,0,3,0
15980,0,2,1,0,0,0,0,1,0,2,1,2,4,3,1,0,3,1
15981,0,4,4,0,4,4,0,0,0,0,4,4,0,4,4,0,0,0
15982,1,3,1,0,4,1,0,4,0,3,3,3,0,3,1,0,3,4
15983,0,2,0,0,3,0,1,1,4,3,3,2,0,2,0,0,4,0
15984,4,0,0,0,0,0,0,4,4,1,4,4,4,3,1,2,4,0
15985,0,2,4,0,1,4,0,0,0,2,2,2,4,4,4,0,1,0
15986,0,3,3,0,3,2,0,0,2,1,3,2,4,1,2,3,1,3
15987,0,4,0,0,4,0,0,0,1,4,3,3,0,4,4,0,4,0
15988,0,3,0,0,2,0,0,0,0,3,3,4,0,1,0,0,2,0
15989,0,2,1,0,0,0,0,0,0,1,0,3,1,0,1,0,0,1
15990,0,4,0,0,2,0,0,0,0,2,3,2,1,2,1,0,4,0
15991,0,2,0,0,4,0,0,0,0,3,4,2,0,4,0,0,4,0
15992,4,1,1,1,4,2,0,4,4,3,1,3,4,1,4,3,1,2
15993,0,2,4,0,1,0,0,2,3,2,2,1,0,3,0,0,3,1
15994,1,2,2,4,0,2,0,0,2,3,0,2,2,0,1,2,0,1
15995,0,4,0,3,4,0,0,0,0,3,4,4,0,0,0,0,4,0
15996,1,1,1,0,1,0,0,4,2,4,2,2,0,2,3,0,4,1
15997,0,3,1,0,4,3,0,4,3,1,3,4,0,2,1,0,3,0
15998,4,3,1,1,1,3,0,0,1,2,1,1,2,1,2,3,1,2
15999,0,0,4,0,0,1,0,0,0,0,0,4,0,0,3,0,0,0
16000,0,2,3,0,0,1,0,3,2,2,3,3,4,1,4,0,4,2
16001,0,3,0,0,4,0,0,1,4,3,2,1,0,4,0,0,2,0
16002,0,4,0,0,4,0,0,0,1,2,3,3,0,4,4,0,0,0
16003,1,1,1,4,0,2,0,0,3,3,3,2,0,0,3,2,1,1
16004,0,4,0,0,4,1,0,2,4,2,2,1,0,2,0,0,4,0
16006,4,4,4,1,0,4,0,4,1,4,4,4,4,4,2,4,0,2
16007,0,2,0,0,3,0,0,2,3,3,2,3,0,4,0,0,3,1
16008,0,4,0,0,0,0,0,0,0,2,3,4,0,0,0,0,0,0
16009,0,4,1,1,3,0,0,0,0,2,4,4,4,3,0,0,4,0
16010,1,4,2,3,0,3,0,0,0,3,0,2,4,0,3,3,0,2
16011,0,3,4,0,4,1,0,4,4,3,1,1,4,4,2,4,2,0
16012,0,4,1,0,4,1,0,4,4,3,3,3,1,4,4,0,2,1
16013,0,1,0,0,2,0,0,0,0,2,1,2,0,2,0,0,3,0
16014,0,2,4,0,4,1,0,0,0,4,4,3,1,4,4,0,1,0
16015,2,1,0,0,0,1,0,0,0,2,0,2,1,0,4,3,0,4
16016,0,1,4,0,1,0,0,0,0,1,1,2,1,1,2,0,1,0
16017,0,4,4,0,3,4,4,3,4,3,4,4,0,4,4,0,4,3
16018,0,0,0,0,0,0,0,4,1,1,3,3,0,3,4,0,3,1
16019,0,2,0,0,2,4,0,0,0,2,3,4,0,2,1,0,1,0
16021,0,2,0,0,4,4,0,1,4,2,2,2,0,1,1,0,2,0
16022,0,3,0,0,0,0,0,1,0,1,2,2,0,2,0,0,4,1
16023,0,4,0,0,3,4,0,3,0,4,3,3,0,1,4,0,0,0
16024,0,1,1,4,4,4,0,4,4,2,4,3,1,0,1,1,2,0
16026,2,3,2,4,0,3,0,0,3,2,0,3,4,0,3,2,0,2
16027,0,3,0,0,4,0,0,4,0,2,4,3,0,4,1,0,2,0
16028,0,1,0,0,0,0,0,1,0,4,3,1,1,1,1,1,1,0
16029,0,4,0,0,4,0,0,0,0,3,3,3,0,4,0,0,1,0
16030,0,0,0,0,0,1,0,0,0,1,1,2,0,0,0,0,4,0
16031,0,4,0,0,0,0,0,0,0,3,3,3,0,4,0,0,4,0
16032,0,2,0,0,2,0,4,4,4,3,3,3,0,1,4,0,4,0
16033,0,1,1,0,1,4,0,4,1,4,1,2,0,2,1,0,2,1
16034,0,1,1,0,1,0,0,1,1,3,3,3,4,3,2,0,3,4
16035,0,1,0,0,0,4,0,1,0,4,2,2,0,1,1,0,2,0
16036,0,4,0,0,0,1,0,1,1,2,2,2,0,4,1,0,2,0
16037,4,1,2,0,2,4,0,4,0,4,4,4,4,4,1,0,4,0
16038,0,1,0,0,3,0,1,4,2,3,2,3,0,0,0,0,4,0
16039,0,4,4,0,3,1,0,0,0,2,2,4,4,4,4,0,1,0
16040,0,1,0,0,4,0,2,4,3,4,3,2,3,4,1,0,3,0
16041,0,4,4,0,3,3,1,3,4,1,1,2,3,4,2,0,2,0
16042,0,4,0,0,4,0,0,0,0,4,4,1,0,0,0,0,1,0
16043,0,4,0,3,0,4,0,0,3,4,4,4,0,0,4,0,0,0
16044,1,3,4,0,0,1,0,0,2,2,0,3,3,0,1,3,0,2
16045,0,2,1,4,0,3,0,0,4,3,0,1,4,0,2,1,0,4
16046,0,1,0,0,3,4,0,1,4,4,2,2,0,1,1,0,2,1
16047,0,4,1,0,3,0,4,1,1,1,2,2,0,2,0,0,2,0
16048,0,2,4,0,3,4,0,0,1,3,3,3,0,1,4,0,4,0
16049,0,2,0,0,0,0,0,1,0,1,3,3,0,1,0,0,2,0
16050,0,0,0,0,4,4,0,0,0,1,2,1,0,1,4,0,3,0
16052,0,3,2,0,0,4,0,2,3,4,4,4,4,1,4,0,0,4
16053,0,1,4,0,0,0,0,1,0,2,1,3,1,4,4,0,4,0
16054,0,4,1,0,0,2,2,2,1,3,3,2,4,4,1,0,3,0
16055,0,0,0,0,3,0,0,0,0,1,2,2,0,1,4,4,2,0
16056,0,3,1,0,0,3,4,3,3,4,2,3,0,3,4,0,2,4
16057,0,1,1,0,0,3,0,0,4,2,4,2,1,1,4,0,4,2
16058,0,2,1,0,2,3,4,1,2,2,3,2,0,1,4,0,1,1
16059,0,4,2,0,0,1,1,3,1,1,4,3,0,3,1,0,3,1
16060,0,1,0,0,1,0,0,0,0,2,1,1,0,1,1,0,3,0
16061,1,2,2,0,0,1,0,0,4,4,0,2,3,1,1,0,0,0
16062,0,1,1,0,4,2,4,4,3,0,4,3,2,4,3,2,4,3
16063,0,2,0,0,0,0,0,0,0,4,2,3,0,0,0,0,1,0
16064,4,4,0,0,0,2,0,0,0,4,4,4,4,3,2,0,0,0
16065,0,1,4,0,1,1,2,1,2,3,4,4,1,4,1,0,3,4
16066,0,3,0,0,0,1,0,0,0,2,4,3,3,0,4,0,0,0
16067,1,3,0,0,0,4,0,3,3,1,2,3,0,4,1,0,3,0
16068,4,4,0,0,0,3,0,0,2,1,0,4,1,0,3,1,0,0
16069,0,0,0,0,4,0,0,0,0,3,1,2,0,2,0,0,1,0
16070,0,4,0,0,0,0,0,0,0,4,3,2,0,3,0,0,0,0
16071,0,3,0,0,0,0,0,0,0,4,1,1,2,2,0,0,0,1
16072,0,3,4,0,2,0,0,0,4,3,3,4,4,3,4,0,1,0
16073,0,1,0,0,4,0,0,0,0,3,3,4,0,4,0,0,2,0
16074,0,0,0,0,0,0,0,0,0,4,4,4,0,4,0,0,4,0
16075,0,4,0,0,4,0,0,4,0,4,4,4,0,4,1,0,2,4
16076,0,4,0,0,0,1,0,1,0,2,1,1,1,4,1,0,3,0
16077,0,2,0,0,3,0,0,0,0,2,2,2,4,1,4,0,3,1
16078,0,3,2,1,0,3,0,0,2,3,4,1,1,0,1,1,0,0
16079,0,4,0,0,0,4,0,1,0,2,1,1,0,2,2,0,1,0
16080,0,3,1,0,3,1,0,4,4,4,1,2,1,4,4,0,2,0
16081,1,3,2,1,0,1,0,0,3,0,0,2,3,0,2,1,0,0
16083,0,4,0,0,1,1,0,1,0,4,4,4,0,2,1,0,4,0
16084,0,4,4,0,3,4,1,1,2,3,4,4,0,3,4,0,4,0
16085,0,1,0,0,4,0,0,0,0,0,3,3,0,4,0,0,0,0
16086,0,1,0,0,3,0,0,3,4,3,3,3,0,4,0,0,1,0
16087,0,4,0,0,3,0,0,0,0,3,3,4,0,2,0,0,1,0
16088,0,4,2,0,0,4,0,0,3,2,1,1,1,0,2,0,1,0
16089,0,0,0,0,3,0,0,0,0,1,2,3,0,1,0,0,4,0
16090,0,1,0,0,0,1,0,0,0,0,1,1,1,0,1,0,0,0
16091,0,1,0,0,3,4,0,1,1,1,3,2,0,2,1,0,4,0
16092,0,4,4,0,1,1,4,2,4,3,4,2,0,3,1,0,3,4
16093,0,0,0,0,0,0,0,0,0,4,3,3,0,4,4,0,3,0
16094,0,2,0,0,0,0,0,4,0,3,3,3,0,4,0,0,2,0
16095,0,1,4,0,3,1,0,0,0,3,1,2,0,1,1,0,1,4
16096,2,3,2,0,0,1,0,0,0,3,4,3,3,0,2,3,0,3
16097,0,0,0,0,0,0,0,0,0,1,2,3,0,0,0,0,1,0
16098,2,3,4,0,0,2,0,0,0,4,1,1,2,1,3,3,0,0
16099,0,0,0,0,0,0,0,0,4,2,4,3,0,0,4,0,2,0
16100,0,1,0,0,0,0,0,3,2,3,3,3,0,2,0,0,4,1
16102,0,4,3,0,0,0,0,0,0,4,4,4,4,0,0,0,0,0
16104,0,2,4,0,1,0,0,4,0,3,3,2,0,2,4,0,4,3
16105,0,4,0,0,4,0,0,0,0,2,4,2,4,4,4,0,1,3
16106,0,3,0,0,0,0,4,3,4,4,3,2,4,3,1,0,3,4
16107,0,4,0,0,2,0,0,0,3,2,2,2,0,1,0,0,2,0
16108,4,1,4,3,0,2,0,0,0,4,4,2,1,0,4,3,4,4
16109,0,3,2,1,4,1,0,0,0,2,0,1,4,0,3,4,1,0
16110,0,2,4,0,4,1,0,3,1,3,4,1,4,1,3,0,4,0
16111,0,1,1,0,0,0,4,3,1,2,3,1,1,2,0,0,4,0
16112,4,1,0,0,0,0,0,0,1,2,2,2,1,0,4,4,3,4
16113,0,1,0,0,3,4,0,0,1,3,3,3,4,3,4,0,3,4
16114,4,4,4,0,0,2,3,4,2,3,4,4,3,3,3,1,3,0
16115,4,4,3,3,1,2,0,4,4,3,4,4,1,3,4,1,4,4
16116,0,4,1,0,4,4,0,4,4,3,4,3,1,3,1,0,3,0
16117,0,0,0,0,2,0,0,0,0,3,3,3,0,0,0,0,4,0
16118,0,1,1,0,4,0,0,0,0,1,1,1,0,0,1,0,4,0
16119,0,4,4,0,0,1,0,4,0,0,3,2,0,2,2,0,1,0
16120,1,1,0,0,1,0,0,4,4,4,2,2,0,4,1,0,4,0
16121,0,0,0,0,4,0,0,0,0,3,2,3,0,1,1,0,1,0
16122,0,3,2,1,4,3,2,1,2,3,2,3,1,4,1,4,4,3
16123,0,0,4,0,0,0,0,0,0,3,3,3,0,1,0,0,3,0
16124,0,4,4,0,4,0,0,4,0,4,2,3,0,4,0,0,3,0
16125,0,1,0,0,1,3,0,4,4,1,3,3,0,4,1,0,1,0
16126,0,3,0,0,1,4,0,4,0,3,1,2,0,2,1,0,2,4
16128,0,4,0,0,0,0,1,3,4,3,3,3,0,2,0,0,2,0
16129,0,4,4,0,4,0,0,0,0,0,4,1,4,2,4,0,0,0
16130,0,3,4,0,3,2,0,0,1,2,2,1,1,4,4,0,2,0
16131,0,1,3,0,0,3,0,0,2,2,0,2,2,0,2,4,0,0
16132,0,4,0,0,4,0,4,0,4,4,2,2,0,2,0,0,3,0
16133,0,1,0,4,0,1,0,1,0,4,2,2,0,1,0,0,1,1
16134,0,2,0,0,4,0,0,0,0,1,2,1,0,3,0,0,4,0
16135,0,1,1,0,1,0,0,1,0,3,3,3,0,3,0,0,3,1
16136,0,2,4,0,0,0,3,1,2,2,1,2,4,3,3,1,2,1
16137,0,3,0,0,4,0,0,1,0,2,2,3,0,1,0,0,2,0
16139,1,0,4,0,0,0,0,0,4,0,0,4,0,0,3,0,0,0
16140,0,2,0,0,4,0,0,0,0,0,3,4,0,3,4,0,0,0
16141,0,3,1,0,4,1,0,1,0,3,2,2,0,2,1,0,4,1
16142,0,4,1,0,4,3,0,3,0,3,4,4,0,4,1,0,4,0
16143,0,2,0,0,3,1,0,0,4,4,2,3,0,2,4,0,3,0
16144,0,3,1,0,0,4,3,0,4,1,1,1,0,0,1,0,2,0
16145,0,2,0,0,4,0,0,1,1,4,1,3,0,4,1,0,4,0
16146,2,1,3,3,0,3,0,0,1,4,4,4,1,0,4,4,0,0
16147,0,4,1,0,0,1,0,1,0,3,3,2,1,2,4,0,2,0
16148,0,1,0,0,1,0,0,4,4,4,4,3,0,3,4,0,1,0
16149,4,2,4,0,4,2,0,0,1,1,4,3,3,0,3,1,0,1
16150,0,1,0,0,0,0,0,1,0,3,2,3,0,3,0,0,3,0
16151,1,4,3,3,0,2,0,0,1,4,0,4,1,0,1,2,0,0
16152,0,4,4,0,4,2,0,1,0,2,3,2,0,3,1,0,1,0
16153,0,2,0,0,1,0,0,0,0,4,1,2,0,4,4,0,4,0
16154,0,1,0,0,0,2,0,3,1,1,3,3,3,4,4,0,4,1
16157,0,4,0,0,0,0,0,4,3,0,2,1,0,1,1,4,3,1
16158,0,3,0,0,2,0,0,0,0,3,2,1,0,0,0,0,4,0
16159,0,3,0,0,4,0,1,2,3,3,2,2,0,4,4,0,2,4
16160,0,3,0,0,0,0,0,0,0,2,3,2,0,1,0,0,1,0
16161,0,1,1,0,0,4,0,4,0,4,1,3,0,3,4,0,3,0
16162,0,2,1,0,0,4,0,0,4,1,0,2,1,0,3,4,0,0
16163,0,1,1,0,3,3,1,3,1,3,1,2,0,3,1,0,2,4
16165,0,0,0,0,4,0,0,0,0,3,4,2,0,4,0,0,4,0
16166,0,3,0,0,0,0,0,0,4,3,4,2,1,0,2,0,0,2
16167,1,4,0,0,0,0,0,0,0,0,0,0,1,0,0,0,0,0
16169,0,4,0,0,0,0,0,2,0,2,4,1,0,2,2,0,1,0
16170,0,3,0,0,4,1,3,3,2,3,4,1,0,2,1,0,2,0
16171,0,2,0,0,2,0,0,4,1,1,2,3,0,4,0,0,1,0
16172,0,4,0,0,1,0,0,1,0,1,2,3,0,1,4,0,2,0
16173,2,3,1,0,0,2,1,0,4,2,1,1,3,0,3,3,0,1
16175,0,2,3,0,3,3,0,2,0,2,2,1,0,1,1,0,1,4
16176,0,0,1,0,0,0,1,0,0,4,3,4,3,4,4,1,0,1
16177,0,4,0,0,4,4,0,0,0,0,4,4,0,4,4,0,4,0
16178,0,4,4,0,0,2,0,4,2,3,4,3,4,2,3,4,4,4
16179,0,2,1,0,0,4,0,0,4,3,1,3,1,0,3,3,0,1
16180,0,0,0,0,4,0,0,0,0,4,2,2,0,1,0,0,1,0
16181,0,2,4,0,2,0,0,0,0,4,3,2,0,4,1,0,1,4
16182,0,0,0,0,2,0,0,0,0,3,2,2,0,1,0,0,4,0
16183,0,4,3,0,0,0,0,4,3,3,4,4,0,4,4,0,2,0
16184,0,4,0,0,3,1,0,4,0,4,2,2,0,4,0,0,4,0
16185,0,4,0,0,0,0,0,0,0,2,2,2,0,4,1,0,0,0
16186,4,1,2,0,3,4,0,1,3,1,1,3,4,4,3,0,4,2
16187,0,3,0,0,0,0,0,0,0,4,4,4,0,1,0,0,4,0
16188,0,2,0,0,3,0,0,0,0,2,2,2,0,2,1,0,3,0
16189,2,1,1,0,0,2,0,0,1,1,0,2,3,0,4,4,0,1
16190,4,4,0,0,4,1,0,1,0,4,2,2,0,2,2,1,1,1
16191,0,1,1,0,0,3,0,3,2,3,3,1,0,1,1,0,4,1
16193,0,2,0,0,3,0,0,0,0,1,1,1,0,1,1,0,1,0
16195,0,2,0,0,0,1,0,0,0,3,3,2,1,4,1,0,4,0
16196,0,3,4,3,0,2,0,0,0,3,1,2,1,0,3,1,1,2
16197,4,1,0,0,1,1,0,3,4,3,3,2,0,3,0,0,2,0
16198,0,2,0,0,0,0,0,3,4,1,1,1,0,2,4,0,2,0
16199,4,2,0,0,1,0,0,3,0,3,2,3,0,4,4,0,3,4
16200,0,4,0,0,2,4,0,4,4,2,2,3,0,3,0,0,4,0
16201,0,2,0,0,1,0,0,4,1,3,2,2,0,1,0,1,3,4
16202,4,1,1,0,0,2,0,0,0,2,0,3,3,0,2,1,0,4
16203,0,3,0,0,4,3,3,3,4,3,3,2,0,3,1,0,4,4
16204,0,2,4,0,4,0,0,3,4,1,3,2,0,4,0,0,2,0
16205,4,1,0,0,0,1,0,3,2,3,1,2,1,1,3,0,4,1
16207,0,3,4,0,0,4,0,0,0,1,1,1,4,4,1,2,2,3
16208,0,4,0,0,3,0,0,2,4,4,4,4,0,4,2,0,3,0
16209,0,2,1,0,0,4,0,0,0,3,0,2,4,0,2,0,0,0
16210,0,1,0,0,1,1,0,2,0,3,3,3,4,4,4,0,2,0
16211,0,2,0,0,1,1,0,0,0,1,2,1,0,0,0,0,1,0
16212,0,1,0,0,0,0,0,4,0,4,2,3,0,4,4,0,2,0
16213,0,1,0,0,0,0,0,0,0,4,4,4,0,2,4,0,4,0
16214,0,1,0,0,0,4,0,4,0,1,1,2,0,1,4,0,1,0
16215,1,2,4,0,0,3,0,0,1,1,2,2,0,2,1,0,1,0
16216,0,4,0,0,4,0,0,0,0,4,4,4,0,3,4,0,3,0
16217,1,0,0,0,0,0,0,0,0,0,3,1,0,4,0,0,0,0
16218,0,4,1,0,3,1,0,1,0,3,2,4,0,3,0,0,3,0
16219,3,4,4,4,0,3,0,0,4,4,0,2,4,0,4,0,0,4
16220,0,4,1,0,2,0,0,1,0,3,1,4,0,4,4,0,2,1
16221,0,3,0,0,1,0,0,2,0,4,2,2,1,1,1,0,2,4
16222,0,4,1,0,4,1,0,4,0,4,2,1,0,3,0,0,3,4
16223,0,2,0,0,2,0,0,4,0,1,4,2,4,2,0,0,3,1
16224,0,4,0,0,1,0,1,1,0,3,3,3,0,3,4,0,4,4
16225,0,4,0,0,4,1,1,1,0,3,4,2,0,3,1,0,3,0
16226,1,4,0,0,0,1,0,0,4,3,4,3,4,2,4,0,4,4
16227,0,1,0,1,0,0,0,1,0,1,4,3,0,1,4,0,3,1
16228,0,3,0,0,1,1,3,3,2,3,1,2,0,3,1,0,2,0
16229,0,4,0,0,0,0,0,0,0,3,3,2,0,1,3,0,3,0
16230,1,4,0,0,2,3,0,0,0,1,3,3,3,4,3,0,1,3
16231,3,2,4,1,0,0,0,0,1,4,4,3,1,0,1,1,0,2
16232,0,3,0,0,2,0,3,1,3,2,1,1,0,4,4,0,3,0
16233,0,2,0,0,2,3,0,0,0,3,2,3,0,2,1,0,4,0
16234,0,2,0,0,1,4,0,0,0,2,2,2,0,3,4,0,2,0
16235,0,4,4,0,4,3,0,4,0,4,4,4,0,4,4,4,0,4
16236,1,1,2,0,0,3,1,1,2,1,1,1,1,3,2,1,1,0
16237,0,4,0,0,1,0,0,4,0,4,2,4,0,2,1,0,3,0
16238,1,3,3,2,0,1,0,0,4,4,0,2,1,1,2,1,0,1
16239,0,3,0,0,0,0,0,4,0,2,2,2,1,2,1,0,2,4
16240,0,3,0,0,1,1,0,0,0,2,1,1,1,1,4,0,3,0
16241,0,1,3,2,0,4,0,1,1,3,1,1,2,2,2,3,2,0
16242,0,3,2,0,0,4,0,1,4,2,4,3,0,4,2,0,0,0
16243,0,3,0,0,3,0,1,4,0,2,3,3,0,2,1,0,3,2
16244,0,4,0,0,2,3,0,1,0,4,2,2,0,4,4,0,1,0
16245,0,3,4,0,1,1,4,3,2,2,3,2,0,2,1,0,2,0
16246,0,2,1,0,2,4,0,4,1,0,1,3,0,2,4,0,4,0
16247,0,1,1,0,1,1,4,1,0,4,3,2,0,2,1,0,1,0
16248,0,4,1,0,3,2,0,4,2,1,1,2,0,4,4,0,3,0
16249,2,3,3,0,4,2,0,0,3,2,3,3,4,0,4,3,1,0
16250,0,4,1,0,0,0,0,0,4,1,1,1,0,2,1,0,3,0
16251,0,2,4,0,0,0,0,0,0,1,2,2,0,2,0,0,1,0
16252,0,0,0,0,0,3,0,0,2,1,1,1,4,0,1,1,0,4
16253,0,4,0,0,0,1,0,0,0,3,4,3,4,0,4,0,1,0
16254,0,3,4,4,4,0,0,1,4,2,3,2,4,3,4,0,1,0
16255,0,3,1,0,1,2,2,4,3,3,3,3,1,2,1,0,3,0
16256,0,0,2,0,2,1,4,4,4,3,1,2,4,1,3,0,3,0
16257,1,2,4,1,4,2,0,0,0,3,4,3,1,4,3,3,4,2
16258,0,1,0,0,1,1,0,4,4,3,1,3,0,2,0,0,2,0
16259,3,4,2,4,0,2,1,1,4,2,4,3,4,4,3,4,1,4
16260,0,4,0,0,3,0,0,4,0,2,2,3,0,3,4,0,3,0
16261,1,4,0,0,4,4,0,4,4,2,3,3,3,2,1,1,3,3
16262,0,0,0,0,4,0,0,0,0,2,4,3,0,0,0,0,4,0
16263,0,1,0,0,1,0,0,0,0,3,2,3,0,2,0,0,3,0
16264,0,4,0,0,0,0,0,0,0,0,4,4,1,4,4,0,0,0
16265,0,2,1,0,0,1,0,0,3,2,0,1,2,0,1,0,0,0
16266,0,0,0,0,3,0,0,0,0,3,3,3,0,1,4,0,0,0
16267,0,4,0,0,2,1,0,0,0,1,3,2,1,1,1,0,2,0
16268,0,4,0,0,2,0,0,0,0,3,3,1,0,0,0,0,2,0
16269,0,1,1,0,0,2,1,0,1,2,4,2,4,0,4,0,4,0
16270,0,4,0,0,0,4,0,3,4,1,3,3,4,1,1,0,2,4
16271,2,2,3,1,0,4,0,0,4,3,0,1,2,1,3,2,0,3
16272,0,1,1,0,3,0,1,1,4,4,2,2,1,2,1,0,2,0
16273,0,0,2,0,4,1,0,4,4,3,3,2,0,3,1,0,2,4
16274,0,0,0,0,4,0,0,0,0,4,3,3,0,2,4,0,4,0
16275,4,3,2,0,2,4,0,0,2,2,4,3,1,4,4,4,0,4
16276,0,3,1,0,0,2,0,3,0,4,1,3,0,3,1,0,4,0
16277,0,2,0,0,0,4,0,0,4,2,2,4,2,0,3,0,0,0
16278,0,4,0,0,0,0,0,4,1,2,4,3,0,3,0,0,3,0
16279,0,1,1,0,0,4,0,0,0,1,4,3,1,1,2,1,2,0
16280,0,4,0,0,0,0,0,0,0,3,2,3,0,0,0,0,1,0
16281,0,3,3,2,0,4,4,0,4,1,4,1,3,0,4,2,0,1
16282,0,3,0,0,4,0,0,2,2,2,2,3,0,2,1,0,2,4
16283,0,4,0,1,0,4,0,0,0,1,0,3,1,0,1,0,0,0
16284,0,4,0,0,0,0,1,2,2,4,4,3,1,4,1,2,3,0
16285,0,3,0,0,3,4,0,1,4,3,3,3,0,1,4,0,3,0
16286,0,0,4,0,3,1,0,0,0,1,1,2,0,1,1,1,1,0
16287,4,4,0,0,0,2,0,4,0,2,3,2,0,2,1,0,1,0
16288,4,3,1,0,0,3,0,0,1,2,0,3,3,0,2,1,0,2
16289,1,2,1,0,0,3,0,0,2,2,0,1,2,0,4,1,0,1
16290,0,0,0,0,0,0,0,0,0,2,2,2,0,1,0,0,3,0
16291,0,1,0,0,0,0,0,1,1,3,1,1,1,2,1,0,1,0
16292,1,1,1,2,1,1,0,0,1,1,1,4,3,0,4,0,0,1
16293,0,3,4,0,1,0,4,4,2,2,2,3,0,3,4,0,4,0
16294,0,1,0,0,4,0,0,3,4,3,2,2,4,4,3,0,4,0
16295,0,4,0,0,3,0,0,3,0,3,3,3,0,4,0,0,4,0
16296,4,1,3,0,4,0,0,2,2,2,4,4,0,2,4,0,3,0
16297,4,2,3,1,0,1,0,4,1,3,1,3,2,3,3,0,3,0
16298,0,4,0,0,1,0,4,1,2,3,1,2,0,2,1,0,1,0
16299,0,4,4,0,0,1,1,0,4,3,3,1,4,2,0,0,2,1
16300,0,3,4,0,0,4,0,0,0,4,4,4,2,0,4,4,4,3
16301,0,1,0,0,1,0,0,0,0,3,3,3,0,2,1,0,4,0
16302,0,3,1,2,1,1,0,3,4,1,1,4,1,1,1,2,2,4
16303,0,4,4,0,0,0,0,4,1,1,3,3,0,3,0,0,2,0
16304,1,3,2,0,0,0,0,0,4,3,1,3,1,0,2,0,4,4
16305,0,4,0,0,4,0,0,0,0,0,2,3,0,4,4,0,4,0
16306,1,3,3,4,0,2,0,0,1,3,0,2,2,0,3,4,0,4
16307,0,3,0,0,3,4,0,0,0,2,4,3,0,4,1,0,3,0
16308,0,0,0,0,0,0,0,0,2,4,3,4,2,4,2,0,0,4
16310,0,0,0,0,1,0,1,4,4,2,3,3,0,4,4,0,1,0
16311,0,4,0,0,1,0,0,0,0,1,2,3,1,1,0,0,4,0
16312,0,4,0,0,0,0,0,0,0,4,3,2,0,4,0,0,3,0
16313,0,3,0,0,3,0,0,0,0,3,3,2,0,4,0,0,3,0
16314,0,4,4,0,4,3,0,0,0,1,3,1,0,2,0,0,3,0
16315,0,4,0,0,1,4,0,0,0,2,2,2,0,0,0,0,1,0
16316,0,4,0,0,0,0,0,2,0,3,4,3,0,4,0,0,2,0
16317,0,2,2,0,4,0,0,0,1,2,3,4,4,3,4,0,1,0
16318,3,1,3,4,0,3,0,0,1,3,0,4,1,0,2,3,0,1
16319,0,4,0,0,0,4,0,0,0,2,0,3,0,1,4,2,0,0
16320,0,4,0,0,1,4,4,3,2,3,2,3,0,2,1,0,1,4
16321,0,4,0,0,0,0,0,0,0,1,4,4,0,2,4,0,4,0
16322,0,4,1,0,3,3,0,4,2,3,1,2,0,4,4,0,1,0
16323,0,4,0,0,4,0,0,0,0,3,2,2,0,1,4,0,2,0
16324,2,1,2,0,0,1,0,0,4,3,2,3,1,0,4,1,0,0
16325,1,2,2,0,4,4,3,1,3,3,3,3,0,1,1,0,1,0
16326,4,4,2,1,0,1,0,0,0,3,0,4,3,0,2,3,0,4
16327,0,0,0,0,0,1,0,0,4,3,2,3,0,0,1,0,0,0
16328,0,1,0,0,1,0,0,4,0,3,3,4,0,4,0,0,3,0
16329,0,4,0,0,3,0,0,0,0,3,1,2,4,2,1,0,2,0
16330,1,4,4,0,0,3,0,0,0,3,1,4,2,0,1,3,0,2
16331,0,0,0,0,3,0,0,0,0,2,1,2,0,1,0,0,1,0
16332,0,1,0,0,2,0,0,0,0,2,3,2,0,3,0,0,4,0
16333,0,1,0,0,4,1,0,1,1,1,1,1,0,2,1,0,1,0
16334,0,4,0,0,4,0,0,0,0,3,3,4,0,1,0,0,1,0
16336,0,4,4,0,4,4,0,1,4,3,3,3,0,4,4,0,4,0
16337,0,4,2,0,4,4,4,1,3,3,4,4,4,2,4,0,4,0
16338,0,0,0,0,1,0,0,0,1,1,3,2,1,0,0,0,0,0
16339,3,2,4,0,0,1,0,0,0,2,4,4,4,0,1,0,0,1
16340,0,2,0,0,0,0,0,4,0,3,1,1,4,3,4,0,4,0
16341,4,3,4,0,0,1,0,0,0,1,4,3,3,1,2,1,4,1
16342,0,3,2,0,1,0,0,0,0,2,2,3,0,3,0,0,2,0
16343,0,4,0,0,0,0,1,0,0,4,3,3,0,2,0,0,1,0
16344,0,0,0,0,4,0,0,0,0,1,2,1,0,2,0,0,4,0
16345,0,0,0,0,0,0,0,0,0,4,2,3,0,0,0,0,0,0
16346,0,4,1,0,4,1,0,2,1,1,1,2,0,4,1,0,3,4
16347,1,2,2,3,4,3,1,3,3,2,4,1,3,1,4,0,2,2
16348,0,2,4,0,3,1,3,3,2,3,4,4,1,2,1,0,4,1
16349,0,3,0,0,1,4,0,1,0,4,1,3,0,4,0,0,4,0
16350,0,0,0,0,2,0,0,0,0,2,2,2,0,1,0,0,1,0
16352,0,1,0,0,4,1,0,4,1,2,3,4,0,3,0,0,2,0
16353,0,3,1,0,0,0,0,0,0,2,2,2,0,4,0,0,4,1
16354,0,1,0,0,3,0,4,2,1,3,2,2,0,1,0,0,1,0
16355,0,0,0,0,0,1,0,0,0,0,4,4,1,4,4,0,0,0
16356,0,2,1,0,4,4,0,1,1,1,1,1,0,4,1,0,2,0
16357,0,0,0,0,1,1,0,1,0,1,3,2,0,1,1,0,4,0
16358,0,0,4,0,0,3,0,4,0,4,4,3,1,0,4,0,0,0
16359,0,4,1,0,4,4,0,0,0,3,2,4,0,4,4,0,3,4
16360,0,1,0,0,3,0,0,0,0,3,1,2,0,1,0,0,4,0
16361,0,1,0,0,0,0,4,2,4,2,3,3,0,3,1,0,3,0
16362,0,2,0,0,3,0,0,2,0,3,3,2,0,2,0,0,3,0
16363,0,3,0,0,1,0,3,0,0,2,2,2,0,3,0,0,1,0
16364,0,4,0,0,4,0,0,3,2,3,3,2,0,4,0,0,4,0
16365,0,3,0,0,3,0,0,0,0,3,2,2,0,2,0,0,1,0
16367,0,1,0,0,1,0,0,1,0,2,3,3,0,4,4,0,1,0
16368,0,4,0,0,4,0,0,1,0,1,1,2,0,0,4,0,3,0
16369,0,3,0,0,2,0,0,0,4,2,1,2,0,3,0,0,2,0
16370,4,2,4,0,4,1,2,3,1,4,3,1,2,3,1,4,4,3
16371,0,2,1,0,3,3,0,3,1,3,2,2,0,1,4,0,3,4
16372,0,2,3,0,1,1,0,1,0,3,3,3,0,3,0,0,2,0
16373,0,3,0,0,1,0,0,0,0,2,1,2,0,4,0,0,3,0
16375,4,4,2,0,0,4,0,0,4,4,4,4,4,0,4,4,0,0
16376,0,2,0,0,4,0,0,4,4,3,3,4,0,3,0,0,4,0
16377,0,0,4,0,0,0,0,0,0,4,3,2,0,0,0,0,0,0
16378,0,4,0,0,0,2,0,1,0,2,2,2,4,3,4,0,3,1
16379,1,1,0,2,1,3,0,1,1,1,1,1,1,1,2,4,1,3
16380,3,1,0,0,0,1,4,0,4,4,0,2,1,0,1,2,0,4
16381,0,3,0,0,1,0,0,1,0,1,2,2,0,2,3,0,1,2
16382,1,1,0,0,1,3,0,1,1,1,1,1,3,0,4,0,0,0
16383,4,4,3,0,0,1,0,0,1,3,0,4,3,0,3,0,0,0
16384,0,1,2,0,1,0,0,0,2,3,2,1,4,0,1,0,0,0
16385,4,3,0,0,0,2,0,3,2,4,4,3,4,3,4,2,3,2
16386,0,0,0,0,4,0,0,4,0,1,4,1,0,3,0,0,3,0
16388,0,3,0,0,0,0,0,3,4,4,3,3,4,1,4,0,4,0
16389,0,1,0,1,4,1,0,0,1,2,1,1,1,0,1,0,2,0
16390,0,4,4,0,3,0,0,0,0,2,3,2,1,4,4,0,1,0
16391,0,3,1,0,4,0,0,0,0,1,2,3,0,4,0,0,0,0
16392,0,3,4,0,4,4,0,0,4,4,4,3,0,4,1,0,0,0
16393,0,2,4,0,0,0,0,0,0,2,3,2,0,0,1,4,4,0
16394,0,4,0,0,4,0,0,4,4,1,4,2,0,3,1,0,3,0
16395,0,4,0,0,0,0,0,0,0,1,2,2,0,0,4,0,0,0
16396,0,3,0,0,0,0,0,2,0,1,3,3,0,2,0,0,1,0
16397,0,4,0,0,0,0,0,0,0,1,2,3,0,1,0,0,3,0
16398,0,2,4,0,1,4,0,4,2,4,3,3,0,2,4,0,4,0
16399,0,1,0,0,0,0,0,0,0,3,2,2,2,1,1,0,3,0
16400,0,4,0,0,4,1,0,2,3,2,2,2,0,2,1,0,3,0
16401,3,3,3,1,0,3,0,0,0,2,4,4,2,2,2,2,0,4
16402,0,3,1,0,4,0,0,1,3,2,3,2,0,3,0,0,3,0
16403,0,0,0,0,4,0,0,0,0,3,3,2,0,3,0,0,4,0
16404,0,3,0,0,4,2,0,1,3,2,3,3,3,3,2,0,2,0
16405,1,1,1,0,0,1,0,0,4,1,0,3,4,0,3,0,0,0
16406,0,4,3,0,1,4,0,0,4,3,1,2,2,1,4,0,4,0
16407,0,3,1,0,0,3,0,0,0,2,0,4,1,0,4,1,0,4
16408,0,3,2,4,0,1,0,0,4,2,4,3,3,0,2,3,4,2
16409,0,1,0,0,2,1,0,0,0,1,3,3,0,4,1,0,3,0
16410,0,1,0,0,1,1,0,4,3,3,1,1,0,1,4,0,2,0
16411,0,2,0,0,4,0,0,0,0,4,2,2,0,1,0,0,4,0
16412,0,3,0,0,4,0,0,1,4,3,3,1,0,4,0,0,3,4
16413,0,4,1,0,0,4,0,0,0,1,4,3,2,1,3,0,0,0
16414,0,2,0,0,4,4,0,4,4,2,4,2,1,0,4,0,4,0
16415,0,1,0,0,0,0,0,0,0,2,2,2,4,1,0,4,4,0
16416,0,4,0,0,3,4,0,0,0,2,1,3,0,0,0,0,1,1
16417,0,1,1,0,1,0,0,0,0,3,1,1,0,3,2,0,1,0
16418,0,2,0,0,2,0,1,0,3,2,2,2,4,4,0,0,1,0
16419,0,3,0,0,1,0,0,4,0,3,3,4,0,3,4,0,3,4
16420,0,0,0,0,4,4,0,4,4,3,2,4,0,4,0,0,3,0
16421,0,2,4,0,1,4,0,2,2,2,3,2,4,2,1,0,3,1
16422,4,4,2,0,0,4,0,0,4,3,1,3,1,0,4,1,1,1
16423,1,3,2,0,0,4,1,3,2,2,1,2,1,4,2,1,3,1
16424,0,0,0,0,0,0,0,0,0,0,1,1,0,1,4,0,0,0
16425,0,4,1,0,3,0,0,0,1,2,2,3,0,1,1,0,1,0
16426,0,4,0,0,1,1,1,3,4,1,3,3,4,3,0,0,2,3
16427,0,2,0,0,0,4,0,3,2,2,1,3,1,4,1,4,2,3
16428,0,2,4,0,0,3,0,0,0,1,0,4,4,0,1,4,0,4
16429,0,4,0,0,0,1,0,3,3,3,4,4,0,2,4,0,4,0
16430,0,4,0,0,0,2,0,0,4,4,0,2,1,0,3,1,0,0
16431,0,3,0,0,2,1,0,0,0,2,3,3,1,0,1,0,2,0
16432,0,4,0,0,3,0,0,0,0,4,2,3,1,1,1,0,2,0
16433,0,4,0,0,1,0,0,0,0,2,2,2,0,4,0,0,1,0
16434,0,0,0,0,4,0,0,0,1,3,2,2,0,1,0,0,4,0
16435,0,1,4,0,1,0,0,3,1,3,2,3,0,3,0,0,4,0
16436,0,4,0,0,4,1,0,0,0,0,1,3,0,1,2,0,0,0
16437,0,1,0,0,1,0,0,2,0,3,3,2,0,4,0,0,1,0
16438,0,1,0,0,0,1,0,3,0,1,1,2,0,3,0,0,4,1
16439,1,1,1,0,0,3,0,4,4,2,4,1,3,4,1,2,0,2
16440,0,3,0,0,1,0,0,0,2,1,1,1,0,0,1,1,4,0
16441,2,1,4,0,0,3,0,0,4,4,2,3,4,4,1,4,0,4
16442,0,3,0,0,3,0,0,4,4,3,3,4,0,4,0,0,3,0
16443,0,4,0,0,0,1,0,4,0,4,3,3,0,2,1,0,3,0
16444,0,3,0,0,0,1,0,3,4,4,2,2,4,4,4,0,2,0
16445,0,4,0,0,4,0,0,0,0,2,3,3,0,0,0,0,0,0
16446,0,1,1,0,0,1,0,1,2,4,2,1,1,3,3,0,1,1
16447,0,1,0,0,4,0,0,4,4,1,4,4,0,2,1,0,4,0
16448,0,3,1,0,4,2,0,3,4,2,3,4,0,3,4,0,4,4
16449,1,3,4,4,0,1,0,0,0,3,0,1,2,0,3,1,0,2
16450,0,4,0,1,4,4,0,0,0,1,1,3,0,4,1,0,1,4
16451,1,3,1,1,0,3,0,0,0,3,4,4,2,0,4,1,4,1
16452,1,1,1,0,0,2,0,0,2,3,1,2,4,1,3,1,4,1
16453,0,3,1,2,4,1,4,0,0,1,4,4,1,4,1,2,4,1
16454,0,0,0,0,4,0,0,0,1,2,3,2,0,2,0,0,2,0
16455,0,1,0,0,4,0,0,1,3,1,1,1,0,2,0,0,1,0
16456,0,0,4,0,0,3,0,1,4,0,1,4,3,0,1,0,0,0
16457,4,4,4,0,0,4,1,1,4,4,4,4,4,0,4,0,0,0
16458,0,3,4,0,0,4,0,0,0,4,4,4,3,0,4,0,0,0
16459,0,0,0,0,3,0,0,0,0,2,3,3,0,4,0,0,4,0
16460,0,1,0,0,4,0,0,0,0,4,4,4,0,1,0,0,2,0
16461,1,0,2,4,0,4,0,0,4,2,1,2,1,0,3,4,0,0
16463,0,0,0,0,2,0,0,0,1,2,3,4,0,3,0,0,3,0
16464,0,1,4,0,0,4,0,3,3,4,3,2,1,4,1,0,4,1
16465,0,1,1,0,4,0,0,0,0,4,2,4,0,1,0,4,1,0
16466,0,0,0,0,0,0,0,2,0,4,2,3,0,1,0,0,2,0
16467,0,4,4,0,4,3,0,0,4,1,3,1,4,1,3,0,4,0
16468,0,3,1,0,2,4,0,0,0,3,4,4,1,0,1,4,4,1
16469,0,1,0,0,4,0,1,4,0,2,2,3,0,1,1,0,3,0
16471,0,1,0,0,4,1,0,0,0,2,2,4,4,4,4,0,0,4
16472,0,1,4,0,1,0,0,1,0,0,4,3,0,2,4,0,0,0
16473,0,2,0,0,4,0,0,0,0,1,1,2,0,3,0,0,1,0
16474,0,2,1,0,0,1,0,0,4,2,1,3,3,3,1,0,4,0
16475,0,3,0,0,3,0,0,0,0,3,3,4,0,1,0,0,2,1
16476,4,3,4,1,0,2,0,0,0,3,0,4,3,0,2,4,0,3
16477,0,4,0,0,0,0,0,0,0,4,2,3,0,3,0,0,0,0
16478,0,0,0,0,1,0,0,0,0,3,1,1,0,2,0,0,3,0
16479,0,2,0,0,1,0,0,0,4,3,2,3,4,1,0,0,2,0
16480,0,4,0,0,1,0,0,0,0,2,2,2,0,0,0,0,4,0
16481,4,4,4,4,0,2,0,0,0,4,1,1,3,0,4,4,0,4
16482,0,4,0,0,2,0,0,0,0,1,2,4,0,3,1,0,4,0
16483,0,1,1,0,1,3,0,3,2,1,4,2,0,4,4,4,3,0
16484,0,2,0,0,0,1,0,0,3,1,1,1,2,0,1,1,0,1
16485,0,0,0,0,0,1,0,0,0,4,2,3,0,0,0,0,0,0
16486,0,4,0,0,1,1,0,0,1,2,4,3,0,1,0,0,3,0
16487,0,3,1,0,0,0,0,0,0,2,1,4,3,1,2,3,0,3
16488,0,1,0,0,0,0,0,1,0,1,1,2,0,2,0,0,2,0
16489,3,4,3,0,0,4,0,1,4,3,3,3,4,4,4,0,1,0
16490,4,0,2,0,0,0,0,0,1,0,2,4,4,4,4,4,1,0
16491,0,1,0,0,0,0,0,0,0,3,3,2,0,1,0,0,1,0
16492,0,2,0,1,3,2,0,0,0,1,1,2,0,2,0,0,1,4
16493,2,1,1,0,0,3,0,1,2,2,1,1,2,4,1,1,1,1
16494,0,1,0,0,0,1,4,1,1,1,2,1,1,1,1,1,2,1
16495,0,3,0,0,4,0,0,0,0,3,3,2,0,2,0,0,4,0
16497,0,2,1,0,2,4,0,4,0,1,2,3,0,2,0,0,4,0
16498,0,0,0,0,2,0,0,0,0,1,1,2,0,0,0,0,1,0
16499,3,3,3,0,4,2,0,0,4,2,3,2,3,2,2,2,1,1
16500,0,4,0,0,1,2,0,4,1,4,4,4,1,1,3,1,3,3
16501,0,3,0,0,4,0,0,4,0,3,2,4,0,3,0,0,2,0
16502,0,3,0,0,3,0,0,0,0,1,2,3,0,2,0,0,0,0
16503,0,3,1,0,1,3,0,4,4,3,3,3,2,1,3,2,0,4
16504,0,2,0,0,4,4,0,1,1,2,3,2,0,1,0,0,2,0
16505,3,3,4,0,0,0,0,0,4,3,4,4,2,1,4,1,1,4
16506,4,3,1,4,0,1,0,0,4,4,4,1,3,0,2,4,0,0
16507,0,4,0,0,2,1,0,0,0,2,1,3,1,4,0,0,4,0
16508,0,1,0,0,4,0,0,0,0,2,3,3,0,1,0,0,4,0
16509,0,2,4,0,3,3,2,3,4,2,2,2,0,2,4,0,4,0
16510,0,1,0,0,0,1,0,4,3,2,2,3,0,3,4,0,1,0
16511,0,1,0,0,2,0,0,0,0,3,3,2,0,1,0,0,1,0
16512,0,4,0,0,2,0,0,1,2,2,2,2,0,3,0,0,2,0
16513,0,4,1,0,4,4,3,0,3,1,1,2,4,4,1,2,4,1
16514,0,0,0,0,0,0,0,0,0,4,4,2,0,2,0,0,4,0
16515,0,4,0,0,2,0,0,1,0,3,2,2,0,1,0,0,2,0
16516,0,4,2,0,0,4,0,4,1,1,1,3,2,2,4,2,1,0
16517,0,3,4,0,4,4,0,1,3,1,3,3,0,4,4,0,3,0
16518,4,4,4,0,0,3,0,1,4,3,1,2,4,2,4,4,1,0
16519,0,4,0,0,1,4,0,2,2,2,2,3,0,2,4,0,3,0
16520,0,4,1,0,1,1,0,0,4,1,3,4,3,4,1,0,2,0
16521,0,3,0,0,1,1,0,0,0,3,3,3,0,0,1,0,2,0
16522,0,4,0,0,1,0,3,3,4,1,1,2,0,2,0,0,2,0
16523,0,4,0,0,1,0,0,3,0,1,3,3,1,2,4,0,2,0
16524,0,4,0,0,3,1,0,1,1,4,4,4,0,4,0,0,2,0
16525,0,3,3,0,0,0,0,0,0,1,4,2,4,3,4,0,4,0
16526,4,3,4,1,0,3,0,0,0,3,0,3,2,0,3,4,0,4
16527,0,0,0,0,0,0,0,4,0,2,3,2,0,2,0,0,4,0
16528,1,4,0,0,3,1,0,4,0,4,3,2,4,2,0,0,2,1
16530,0,3,0,0,0,0,0,0,4,3,4,3,0,1,0,0,0,0
16531,0,4,0,0,2,0,0,0,0,0,4,2,1,1,0,0,1,0
16532,2,4,1,3,0,0,0,0,0,2,0,3,4,0,4,2,0,4
16533,1,4,1,0,0,4,0,0,3,1,0,1,2,0,3,0,0,0
16534,0,2,0,0,0,0,0,0,0,2,3,1,0,0,0,0,0,0
16535,0,1,3,0,1,0,0,1,0,3,3,2,0,4,4,0,2,0
16536,0,0,1,0,4,4,0,1,1,1,3,2,4,4,4,0,3,4
16537,0,4,0,0,0,0,0,0,2,1,4,1,3,1,4,1,0,1
16538,1,4,4,3,0,1,0,0,1,3,4,4,2,0,1,3,4,4
16539,0,2,4,0,1,1,0,0,1,1,1,2,2,4,3,2,3,3
16541,0,4,0,0,0,0,0,0,1,3,2,1,3,3,0,0,4,0
16542,4,4,2,2,0,2,0,0,0,2,0,2,1,0,3,0,0,0
16543,0,1,0,0,0,2,0,0,0,4,0,4,0,0,1,0,0,0
16544,0,3,4,0,4,1,0,2,4,2,1,3,0,2,4,0,2,1
16545,0,4,0,0,4,1,0,0,0,4,1,2,0,3,4,0,3,0
16546,0,1,1,0,3,1,0,2,1,3,1,2,4,3,4,0,2,0
16547,1,3,1,2,0,1,0,0,1,3,4,4,2,0,3,1,1,2
16548,0,3,0,0,0,0,4,3,4,2,2,2,0,2,4,0,2,0
16549,3,4,1,4,0,4,0,0,0,4,1,4,3,0,3,0,0,0
16550,0,1,0,0,0,1,0,0,1,0,4,4,1,0,1,0,0,0
16551,0,0,0,0,0,0,0,0,0,1,4,3,3,0,4,0,3,0
16552,0,4,1,0,0,3,0,1,4,4,1,4,3,4,4,0,4,0
16553,0,4,4,0,4,0,0,0,0,3,2,4,0,4,4,0,1,0
16554,4,4,0,0,0,4,0,0,2,4,0,4,4,0,4,4,0,4
16555,0,1,1,0,4,4,0,4,0,4,3,3,0,1,0,0,3,0
16556,0,1,0,0,0,4,0,0,1,1,0,3,1,0,4,0,0,0
16557,1,2,4,0,1,4,0,0,4,2,1,2,4,1,4,3,4,1
16558,0,1,0,0,1,0,0,0,1,2,1,2,0,1,0,0,1,0
16559,0,4,3,0,1,1,0,0,3,2,2,2,4,0,2,4,4,3
16560,0,0,0,0,1,0,0,0,0,2,2,3,0,1,0,0,1,0
16561,0,0,0,0,4,1,0,0,0,1,2,1,0,2,1,0,3,0
16562,0,1,0,0,1,0,4,2,3,1,1,2,0,3,0,0,3,0
16563,0,4,0,0,3,0,0,0,0,2,2,3,0,4,0,0,2,0
16564,0,2,2,3,0,3,0,0,0,1,1,4,4,0,3,0,0,0
16565,0,1,2,3,0,1,0,0,2,1,1,2,1,0,2,4,0,4
16566,0,2,0,1,0,4,4,0,2,4,4,3,4,4,1,4,4,4
16567,0,4,0,0,2,0,3,4,2,2,2,2,3,1,4,0,3,0
16568,2,2,1,1,0,0,1,0,1,4,0,2,2,0,1,4,0,4
16569,0,2,0,0,2,0,0,0,0,3,3,3,0,1,0,0,4,0
16570,0,0,3,0,4,0,0,1,0,4,4,2,0,4,4,0,3,0
16571,0,2,0,0,3,0,0,0,0,3,2,4,0,4,0,0,4,0
16572,0,3,1,0,4,0,0,4,0,4,3,3,2,2,2,0,3,0
16573,0,0,0,0,0,0,0,0,0,2,2,3,0,0,0,0,1,0
16574,0,2,0,0,2,4,0,4,0,4,1,3,0,2,4,0,2,0
16576,0,4,0,0,4,0,0,0,0,1,2,3,0,4,0,0,3,0
16577,0,2,0,0,4,0,0,0,0,1,1,1,0,2,0,0,1,0
16578,0,4,0,0,2,0,0,2,4,1,2,2,0,1,4,0,2,0
16579,1,3,1,0,0,1,0,0,0,3,4,2,1,0,3,3,4,2
16580,2,1,4,0,0,0,0,0,0,1,0,1,4,4,4,0,0,0
16581,0,4,0,0,0,0,0,0,0,1,1,3,0,2,0,0,2,0
16582,4,0,4,0,0,0,0,1,4,1,2,2,0,2,0,0,1,0
16583,0,1,0,0,4,0,0,0,0,2,2,4,0,2,0,0,4,2
16584,0,3,1,0,0,2,4,4,2,3,3,3,3,3,1,1,3,0
16585,0,4,0,0,2,4,0,3,0,3,3,2,0,3,1,0,2,0
16586,0,0,4,0,4,0,0,0,0,2,3,2,0,0,0,0,1,0
16587,0,3,0,0,2,0,0,1,4,1,2,3,0,1,2,0,2,4
16588,0,4,0,0,4,0,0,0,0,3,2,4,0,1,1,0,0,0
16589,0,0,1,0,0,0,0,0,0,2,3,3,0,4,1,0,3,0
16590,0,2,4,0,0,0,0,4,0,3,2,1,0,4,4,4,1,4
16591,0,2,1,1,0,3,0,0,2,3,1,3,3,0,3,4,0,0
16592,0,1,0,0,0,0,0,0,0,2,2,2,0,2,4,0,1,0
16593,0,3,0,0,0,4,0,0,0,3,2,3,0,4,0,0,4,0
16594,0,2,0,0,1,0,0,0,0,2,3,3,0,1,0,0,4,0
16595,0,2,4,0,4,4,4,1,4,2,3,3,0,2,4,0,3,4
16596,0,1,0,0,0,4,0,3,4,2,3,2,4,2,1,0,3,0
16597,0,2,0,0,3,0,0,0,0,3,3,3,0,3,0,0,2,0
16598,0,1,4,0,0,3,0,4,3,3,4,3,0,0,4,3,0,3
16599,3,3,4,0,4,1,0,4,4,2,4,3,0,3,4,0,4,4
16601,0,4,0,0,0,0,4,3,4,2,2,2,0,2,0,0,4,0
16602,0,4,0,0,0,1,0,1,1,2,1,4,3,0,1,3,0,0
16603,0,4,0,0,2,0,0,4,4,2,2,2,0,4,0,0,1,0
16604,0,0,0,0,4,0,0,0,0,1,4,3,0,1,0,0,3,0
16605,0,1,0,0,0,1,0,1,1,2,4,3,0,4,0,0,1,4
16606,0,1,0,0,0,0,0,0,3,3,3,2,0,2,4,0,2,1
16607,4,4,2,1,1,4,0,0,1,1,4,3,3,4,3,4,0,3
16608,0,2,4,0,0,1,0,4,4,4,4,4,3,4,4,0,0,0
16609,0,3,3,0,0,0,0,3,0,4,4,4,0,3,4,0,4,0
16610,0,4,1,0,1,0,0,0,0,4,2,2,0,1,1,0,2,0
16611,0,0,0,0,0,0,0,0,0,3,4,4,0,1,0,0,4,4
16612,0,3,1,1,3,0,0,4,0,1,2,3,4,3,1,0,4,0
16613,0,4,0,0,4,1,0,1,2,4,2,4,0,4,2,0,1,0
16614,0,4,1,3,4,3,0,1,4,3,2,4,4,1,1,2,1,2
16616,0,0,0,0,0,0,0,0,0,1,3,2,0,0,0,0,1,0
16617,4,2,4,0,0,2,0,0,0,3,3,3,4,3,4,0,2,1
16618,0,0,0,0,4,4,4,4,1,3,3,3,0,4,4,0,3,0
16619,0,1,4,0,0,0,0,0,0,4,1,4,4,4,4,0,4,0
16620,0,0,0,0,0,1,0,1,0,3,3,3,1,3,0,0,3,0
16621,0,1,0,4,1,0,0,0,0,3,4,3,0,2,1,0,2,0
16622,0,2,0,0,1,2,4,3,3,2,1,1,0,2,4,0,3,0
16623,0,4,3,4,0,2,4,0,3,3,4,3,4,0,4,3,0,1
16624,2,2,1,4,0,4,0,0,4,2,0,4,1,0,1,4,0,0
16625,0,3,0,0,0,0,0,0,0,3,2,2,0,3,0,0,0,0
16626,0,3,0,0,4,1,1,1,3,4,3,3,0,2,0,0,2,0
16627,0,2,0,0,4,0,0,0,0,3,3,2,0,4,0,0,3,0
16628,4,2,1,0,0,2,0,0,2,2,0,4,1,0,1,4,0,1
16629,1,4,3,0,0,3,0,0,1,1,1,1,2,1,3,4,0,4
16630,4,2,4,0,0,4,0,0,0,4,4,3,4,0,4,4,0,1
16631,0,2,0,0,4,0,0,0,0,1,1,3,0,1,0,0,4,0
16632,0,4,0,0,4,0,0,0,3,1,3,2,0,1,2,0,2,0
16633,0,4,2,0,3,2,0,1,1,3,1,3,0,3,4,0,1,0
16634,0,1,3,2,0,2,0,0,1,2,1,1,3,0,3,3,0,3
16635,0,3,3,0,4,3,0,0,4,3,4,3,1,1,3,0,4,4
16636,2,4,0,0,4,0,1,2,4,2,3,3,3,3,4,0,1,0
16637,0,2,1,0,3,3,0,2,2,1,1,2,0,2,4,0,2,0
16638,0,0,0,0,0,0,0,0,0,3,2,2,0,3,0,0,3,0
16639,1,4,4,0,0,4,0,0,1,3,4,2,1,4,3,3,4,4
16640,0,4,1,0,0,1,1,4,0,1,3,2,4,2,2,0,4,0
16641,0,3,0,0,4,0,0,0,0,4,2,3,0,4,0,0,1,0
16643,0,3,0,0,0,1,0,2,4,2,4,3,0,4,1,0,3,4
16644,0,1,4,0,4,0,0,0,0,2,1,2,0,2,0,0,1,0
16645,0,4,0,0,3,0,0,1,0,1,3,2,0,1,1,0,1,0
16646,0,1,1,0,2,4,0,4,0,1,3,1,0,3,3,0,2,0
16647,0,4,0,0,1,0,0,3,4,1,3,3,0,0,0,0,4,0
16648,0,3,0,0,2,0,0,1,1,1,2,2,0,3,0,0,0,0
16649,0,0,4,0,1,1,0,1,0,3,1,1,0,3,4,0,4,0
16650,0,1,0,0,0,1,0,2,3,2,2,3,0,3,0,0,1,0
16651,0,4,0,0,0,2,0,2,0,2,3,3,0,3,2,0,3,0
16652,0,1,2,0,1,0,0,0,0,1,4,2,0,4,4,0,1,3
16653,4,3,0,0,4,0,0,0,0,3,2,3,0,2,4,4,2,0
16654,0,1,0,0,4,0,0,4,0,1,1,3,0,4,3,0,1,0
16655,0,1,0,0,2,0,0,0,1,2,2,2,1,1,1,0,1,0
16656,1,3,1,1,0,1,0,0,3,2,1,1,1,0,1,3,1,4
16657,0,3,1,0,1,4,0,0,1,2,1,2,0,2,1,0,2,4
16658,0,2,4,0,1,1,4,0,1,3,2,3,0,4,0,0,4,0
16659,0,1,4,0,3,3,0,4,0,2,3,1,0,2,2,0,4,4
16660,4,2,1,0,1,3,1,4,1,1,3,3,2,2,1,2,1,2
16661,0,1,4,0,2,0,4,2,3,4,1,3,0,1,4,0,1,0
16663,0,3,0,0,4,0,0,1,1,4,4,4,0,3,0,0,4,4
16665,0,1,0,0,0,1,0,4,0,1,1,4,0,1,0,0,2,4
16666,0,1,0,0,0,0,0,0,0,0,4,4,0,1,0,0,0,0
16667,3,4,4,0,0,2,0,0,4,3,0,4,4,0,4,2,0,0
16668,0,3,0,0,1,3,0,3,4,2,1,1,0,1,4,0,3,0
16669,0,3,1,1,0,3,0,0,2,4,4,3,1,4,2,2,0,0
16670,0,3,0,0,2,0,0,0,0,4,3,2,0,2,0,0,4,0
16671,0,1,0,0,0,1,4,2,2,2,2,2,0,4,4,0,1,0
16672,4,2,1,1,4,1,1,2,2,2,4,3,1,4,1,3,3,4
16673,0,3,0,0,4,1,0,0,1,2,1,2,1,1,1,0,4,0
16674,0,4,0,0,1,0,0,0,4,2,3,3,2,0,3,0,4,3
16675,0,1,0,0,0,3,1,3,1,1,1,4,0,3,1,0,2,0
16676,0,3,4,0,1,4,0,0,3,4,1,4,3,1,3,4,1,4
16677,0,4,4,1,4,4,4,3,3,3,2,3,4,3,1,0,2,1
16678,0,1,0,0,0,0,0,0,0,0,3,4,0,0,0,0,1,0
16679,3,2,0,1,0,4,0,0,1,2,0,1,4,0,4,3,0,4
16680,0,1,0,0,4,0,1,4,4,1,3,4,0,1,1,0,4,0
16681,0,0,0,0,0,0,0,0,0,0,4,4,1,4,0,0,0,0
16682,0,3,1,0,0,1,0,2,2,2,3,2,0,2,4,0,3,1
16683,0,4,0,0,4,0,0,0,0,4,1,4,4,2,0,0,0,1
16684,0,4,0,0,4,0,2,2,4,3,4,2,4,4,3,0,1,0
16685,0,2,0,0,1,0,0,1,4,2,2,2,0,1,0,0,0,0
16686,0,1,0,0,2,0,0,1,0,3,2,3,0,4,4,0,3,0
16687,0,0,0,0,3,0,0,0,0,3,1,2,0,0,0,0,1,0
16688,0,0,0,0,2,4,0,0,0,4,1,3,0,4,1,0,1,1
16689,0,4,1,0,2,1,0,1,4,3,4,2,0,3,1,0,3,0
16690,0,4,4,0,1,1,0,4,0,1,2,1,0,2,3,0,1,0
16691,0,4,1,0,3,0,4,1,3,2,4,3,0,1,1,0,4,1
16692,0,1,0,0,1,4,0,0,0,1,3,2,4,3,0,0,4,0
16693,0,1,1,0,1,0,0,2,3,1,1,2,0,2,2,0,1,1
16694,0,1,1,0,0,0,0,0,0,3,4,2,0,4,0,0,3,0
16695,0,4,0,0,4,1,0,1,1,4,3,2,0,3,1,0,1,4
16696,2,1,4,0,0,2,0,0,0,3,1,2,1,4,1,4,0,3
16697,1,3,0,1,0,1,0,0,0,4,1,2,1,0,1,1,0,0
16698,0,4,1,0,0,0,0,0,0,4,4,4,0,0,0,0,0,0
16699,4,2,2,0,0,3,0,0,0,3,0,3,3,0,1,1,0,0
16700,0,4,0,0,3,0,0,0,0,2,2,2,0,4,0,0,2,0
16701,0,3,4,0,4,2,1,1,3,1,3,2,1,1,4,0,3,1
16702,0,0,0,0,3,0,1,1,3,3,4,3,0,4,0,0,1,0
16703,1,2,0,0,0,4,0,0,0,1,1,3,3,0,4,0,4,0
16704,0,4,4,0,0,3,0,0,4,1,4,2,3,0,3,0,0,2
16705,4,4,0,0,0,4,0,0,4,4,1,2,4,0,3,0,0,1
16706,0,3,3,0,4,0,0,1,1,3,1,2,0,3,0,0,3,0
16707,0,4,1,0,1,1,0,0,0,1,3,3,0,2,0,0,3,0
16709,0,0,0,0,1,0,0,0,0,2,1,2,0,0,0,0,1,0
16710,0,4,0,0,1,4,1,4,0,1,4,1,0,3,4,0,1,1
16711,0,1,0,0,3,0,0,0,4,3,2,3,0,0,0,0,0,0
16712,0,0,0,0,1,0,0,0,0,1,1,1,0,4,0,0,4,4
16713,0,1,4,0,4,0,1,1,3,2,1,1,0,1,4,0,1,0
16714,0,0,0,0,0,0,0,0,0,0,4,1,0,4,4,0,0,0
16715,0,3,0,0,1,4,0,0,1,2,1,1,0,2,0,0,4,0
16717,0,0,0,0,3,0,0,4,0,4,2,2,0,0,0,0,4,0
16718,0,4,0,0,1,0,0,0,0,3,1,3,0,1,2,0,2,0
16719,0,3,0,0,3,0,4,4,4,2,3,3,0,4,4,0,2,3
16720,0,4,0,0,0,0,1,1,0,3,3,2,0,2,3,0,3,0
16721,0,1,1,1,0,1,0,0,2,1,4,2,2,0,3,3,0,1
16723,0,2,4,0,4,1,0,3,4,3,4,3,1,3,4,0,4,4
16724,0,1,1,0,0,0,0,0,0,2,4,4,0,0,4,1,0,0
16725,0,0,0,0,1,4,0,2,0,4,3,1,0,4,0,0,0,0
16726,0,1,0,0,0,0,0,0,0,0,1,1,0,1,0,0,1,0
16727,0,4,0,0,4,0,0,0,0,3,2,1,0,1,0,0,2,0
16728,0,0,0,0,4,0,0,1,0,1,3,3,0,1,0,0,2,0
16729,0,1,1,0,0,4,0,1,4,2,4,3,1,0,1,2,0,0
16730,0,2,0,0,3,1,0,0,0,3,2,4,0,4,0,0,3,0
16731,0,2,3,1,0,1,0,0,0,4,0,3,0,0,3,0,0,0
16732,0,2,4,0,4,2,4,0,0,2,3,3,0,4,4,0,3,0
16733,0,4,3,0,0,3,0,0,0,3,4,4,4,4,2,1,4,4
16734,0,0,0,0,2,0,0,0,0,2,2,3,0,0,0,0,0,0
16735,0,2,0,0,0,0,0,0,0,2,4,4,4,0,0,0,4,0
16736,0,3,4,0,0,0,0,0,0,3,4,4,0,4,0,0,4,0
16737,0,0,0,0,4,0,0,0,0,3,3,1,0,0,0,0,4,0
16739,1,1,2,4,1,4,0,4,3,3,4,4,1,4,3,0,3,4
16740,0,2,0,0,0,4,0,4,2,4,3,3,0,2,0,0,1,0
16741,0,2,0,0,1,0,0,3,1,2,2,1,0,1,0,0,2,0
16742,0,1,0,0,0,4,0,2,3,1,1,2,0,3,4,0,2,0
16743,4,1,2,0,1,0,1,1,2,3,3,3,1,4,2,0,1,2
16744,1,1,4,4,4,4,0,4,2,1,4,1,2,4,2,3,4,2
16745,0,1,0,0,4,0,0,0,0,2,2,2,0,4,0,0,3,0
16746,0,1,0,0,1,0,0,3,0,2,2,3,0,3,0,0,1,0
16747,0,2,4,4,3,0,0,0,0,3,4,4,4,4,0,0,4,0
16748,0,1,0,0,2,0,0,0,0,2,3,2,0,1,0,0,1,0
16749,1,3,1,0,0,1,0,0,2,3,1,1,1,0,1,1,0,0
16750,4,1,1,0,2,0,4,4,3,3,2,3,1,4,4,0,3,2
16751,0,4,0,0,0,0,0,1,0,4,4,4,0,2,1,1,3,0
16752,0,1,0,0,0,0,0,0,0,0,3,2,0,0,4,0,3,0
16753,0,3,0,0,4,0,0,1,0,1,2,2,0,2,0,0,2,0
16754,0,3,0,0,1,4,0,0,0,4,2,1,0,4,0,0,1,0
16756,0,2,0,0,1,3,4,3,4,2,2,2,0,2,4,0,2,2
16757,0,0,1,0,0,4,0,0,0,2,3,3,1,0,1,0,1,0
16758,0,2,1,0,3,0,0,2,2,2,3,2,0,2,2,0,3,0
16759,0,3,0,0,3,0,0,0,0,3,2,3,0,3,0,0,3,0
16760,0,0,0,0,1,0,0,0,0,3,1,1,0,0,0,0,1,0
16761,0,1,0,0,0,1,0,0,0,4,0,2,4,0,3,0,0,0
16762,0,4,1,0,0,0,0,0,0,1,0,4,0,0,1,0,0,0
16763,0,1,0,0,0,0,0,3,0,1,2,4,0,4,0,0,3,0
16764,0,2,0,0,1,4,0,0,0,3,3,3,0,4,0,0,1,0
16765,0,1,0,0,4,2,0,0,0,3,2,4,4,0,2,0,4,0
16766,0,2,0,0,3,4,0,1,0,2,1,2,0,4,0,0,3,4
16767,4,1,2,4,4,4,0,0,0,2,3,3,4,2,1,0,3,4
16768,0,1,0,0,4,0,0,0,0,2,2,2,0,2,4,0,3,0
16770,0,4,0,4,3,0,0,3,4,3,2,2,0,3,3,4,1,0
16771,0,1,0,0,4,0,0,0,0,1,1,1,0,4,0,0,3,0
16772,0,3,1,1,0,1,0,0,0,4,4,3,3,2,2,1,2,4
16773,0,4,0,0,1,0,0,0,0,4,2,3,0,0,0,0,2,0
16774,0,2,0,0,0,0,0,0,0,2,3,2,0,1,0,0,4,0
16775,0,2,4,2,0,3,0,0,0,3,0,4,0,0,1,0,0,0
16776,0,2,0,1,1,3,2,1,3,1,4,3,3,1,1,3,3,0
16777,0,1,4,0,0,1,0,3,0,2,2,4,0,3,1,0,3,0
16778,0,1,0,0,2,0,0,0,0,3,4,3,0,1,0,0,1,0
16779,1,2,3,0,4,4,0,0,2,1,3,1,1,1,2,0,0,0
16780,0,1,0,0,1,4,0,0,0,1,2,3,0,3,0,0,3,0
16781,0,3,4,1,0,4,4,0,2,4,4,4,4,0,4,1,4,4
16782,0,3,4,0,2,0,0,0,4,2,3,2,0,3,4,0,4,4
16783,0,0,0,0,0,1,0,0,0,4,4,4,1,2,4,0,3,0
16784,0,4,0,0,1,0,0,0,0,3,3,3,0,4,0,0,4,0
16785,0,0,2,0,0,4,0,0,4,4,1,4,4,0,4,0,0,0
16786,1,1,3,0,0,4,0,0,0,4,1,1,1,0,3,0,0,0
16787,4,1,4,0,0,4,0,1,4,3,3,3,0,2,4,0,1,0
16788,0,1,1,0,0,4,0,0,0,3,1,1,1,1,1,2,0,2
16790,0,0,0,0,0,1,2,1,4,4,1,3,0,2,2,0,1,0
16791,0,1,1,0,4,2,0,0,0,4,3,2,3,4,4,1,3,0
16792,0,4,2,0,4,3,0,4,1,1,4,4,4,4,4,1,4,4
16793,0,1,0,0,1,0,0,0,0,3,4,3,0,0,0,0,4,0
16794,0,1,4,0,0,1,0,0,0,1,1,4,4,4,3,3,0,0
16795,0,1,1,0,2,3,0,3,1,3,2,2,0,1,0,0,2,0
16796,1,1,0,0,3,0,0,0,0,4,2,2,4,4,2,0,1,0
16797,0,1,0,0,1,0,0,4,4,3,3,3,0,4,0,0,2,1
16798,0,4,0,0,0,3,0,3,0,1,3,2,1,2,4,4,2,4
16799,0,4,4,0,4,0,0,0,0,0,1,2,4,1,1,0,4,0
16800,0,2,1,0,4,3,2,4,4,2,3,3,0,1,1,4,1,4
16801,0,4,0,4,0,3,0,4,4,3,3,4,1,4,4,4,4,4
16802,0,1,0,0,0,4,0,0,0,2,1,1,4,1,1,0,1,0
16803,0,4,0,0,4,0,0,0,0,3,1,4,0,0,0,0,4,0
16804,0,2,0,0,1,0,0,2,1,3,1,1,0,1,4,0,1,1
16805,0,3,0,0,3,1,0,1,0,1,1,2,0,1,4,0,1,4
16806,0,3,0,0,2,4,0,4,1,1,1,1,0,2,1,0,2,0
16807,0,4,0,0,0,0,0,4,0,3,3,2,0,3,0,0,3,0
16808,0,4,0,0,1,4,0,0,0,0,1,2,0,1,0,0,2,0
16809,0,4,3,0,3,4,0,2,1,1,3,1,0,1,0,0,2,0
16810,0,2,0,0,1,0,0,0,0,2,1,1,0,4,0,0,2,0
16811,0,4,0,0,1,1,2,2,3,3,4,3,0,3,3,1,3,0
16812,0,2,0,0,3,0,0,1,0,2,3,2,0,2,3,4,2,1
16813,0,3,0,0,4,3,0,4,1,2,3,2,0,2,1,0,1,0
16814,4,4,0,0,0,0,0,0,0,2,4,4,2,2,3,0,1,4
16815,0,2,0,0,0,1,0,0,4,2,3,1,0,4,1,0,0,0
16816,0,3,0,0,4,4,0,0,0,1,3,2,0,1,4,0,4,0
16817,4,2,1,4,0,2,0,0,3,1,0,2,1,0,1,0,0,1
16818,0,1,4,0,0,4,4,0,1,3,0,2,4,0,1,0,0,0
16819,0,0,0,0,0,0,0,0,0,0,3,2,0,3,0,0,0,0
16820,0,1,0,0,4,0,0,4,4,1,2,1,0,0,0,0,0,0
16822,0,1,0,0,0,0,0,0,0,3,2,3,1,4,3,0,2,0
16824,0,1,3,0,4,0,0,3,2,3,1,2,0,2,0,0,3,0
16825,2,2,0,0,0,0,0,0,4,4,1,3,4,1,1,0,0,1
16826,0,2,0,0,1,1,0,1,2,3,3,2,0,1,1,1,4,0
16827,0,0,0,0,0,0,0,3,0,3,3,3,0,3,3,0,0,0
16828,0,0,0,0,2,0,0,0,0,1,3,3,0,4,0,0,0,0
16829,4,1,1,1,0,1,0,0,0,3,4,4,4,0,1,1,0,3
16830,0,1,2,1,0,1,0,0,1,2,4,3,3,0,1,1,4,0
16831,0,4,0,0,1,0,0,2,1,3,4,3,0,3,1,0,3,0
16832,0,4,0,0,0,0,0,4,0,4,4,4,0,4,0,0,4,0
16833,0,2,1,0,0,1,0,0,1,1,1,1,1,0,1,0,1,0
16834,0,3,0,0,1,0,0,0,0,1,3,2,1,1,0,0,2,0
16835,0,4,0,0,1,1,0,1,0,2,2,2,4,4,1,0,1,0
16836,0,2,0,0,0,0,0,0,4,2,3,3,1,1,1,1,1,1
16838,0,4,0,0,1,1,0,0,4,4,3,1,0,2,1,0,3,1
16839,0,0,0,0,2,0,0,1,1,2,1,3,0,2,1,0,3,0
16840,0,3,0,0,2,0,0,0,0,3,3,2,0,1,0,0,0,0
16841,0,4,0,0,4,4,4,0,4,1,2,3,0,1,4,0,1,0
16842,0,1,2,0,0,1,0,0,0,4,2,2,1,0,1,1,2,1
16843,0,4,1,0,1,1,0,4,0,2,1,2,0,1,4,0,3,1
16844,1,2,1,0,0,3,0,0,0,2,1,1,2,0,2,3,0,4
16845,0,0,0,0,4,0,0,0,0,2,2,2,0,0,0,0,3,0
16846,0,3,0,0,4,0,0,4,4,4,4,4,0,4,4,0,4,0
16847,0,4,1,0,3,4,0,0,1,3,4,4,4,3,1,4,4,4
16848,0,4,0,0,3,0,0,0,0,2,2,2,0,4,1,0,3,4
16849,0,2,4,0,3,0,1,1,3,4,1,3,0,2,2,0,3,0
16850,0,2,0,0,4,1,0,1,4,3,2,2,0,3,1,0,2,0
16851,0,4,4,0,1,4,4,0,2,4,1,3,1,0,3,0,3,4
16852,4,3,4,0,0,3,0,4,2,1,3,3,4,0,3,4,0,0
16853,2,2,3,0,4,3,0,0,1,4,4,3,3,1,3,0,0,0
16854,0,1,0,0,0,4,0,0,0,2,2,3,0,4,0,0,4,0
16855,0,3,4,0,3,0,0,4,0,2,2,2,0,2,0,0,3,4
16856,0,3,4,0,2,1,0,4,1,3,4,3,4,2,3,0,2,0
16858,0,4,0,0,1,0,0,0,0,2,3,2,0,4,0,0,2,0
16859,0,0,0,0,1,0,0,0,0,3,4,4,0,1,3,0,2,0
16860,0,2,0,0,1,0,0,0,0,2,2,3,0,3,0,0,3,0
16861,0,4,0,0,0,0,0,4,4,1,4,3,0,2,0,0,4,0
16862,0,1,0,0,1,3,1,3,1,2,1,3,0,1,0,0,1,0
16863,1,4,2,0,0,3,0,3,0,3,4,2,0,4,4,0,4,0
16864,0,4,0,0,0,1,0,3,1,2,2,2,0,4,4,0,2,0
16865,0,1,0,0,0,0,0,0,4,1,1,4,4,0,4,0,0,0
16866,0,1,0,0,1,0,0,1,0,0,1,1,0,0,0,0,0,0
16867,0,4,0,0,0,0,0,0,0,2,4,3,0,0,0,0,4,0
16868,0,3,0,0,0,0,0,0,0,2,3,2,0,1,0,0,0,0
16869,0,4,4,0,1,0,0,0,0,3,1,4,0,2,4,0,4,0
16870,0,3,0,0,3,0,0,4,0,3,4,4,4,4,4,0,3,4
16871,0,0,0,0,1,0,0,0,0,2,2,3,0,1,0,0,4,0
16872,0,3,1,0,0,4,0,0,1,4,0,3,4,0,1,1,0,3
16873,0,4,0,0,0,1,4,2,2,4,2,1,0,1,0,0,3,0
16874,0,0,4,0,0,4,0,0,0,4,4,4,4,1,4,0,4,0
16875,0,2,0,0,1,4,0,1,4,1,3,3,0,4,4,0,4,4
16876,1,1,1,4,0,3,0,0,1,2,0,4,2,0,1,2,0,4
16877,0,3,0,0,2,4,0,4,0,4,3,4,4,4,0,1,2,0
16878,0,0,4,0,1,0,0,2,0,2,2,3,4,1,4,0,4,0
16879,0,4,0,0,4,1,0,0,0,2,4,2,0,3,3,0,3,0
16880,0,0,0,0,2,0,0,4,0,3,3,2,0,4,4,0,2,0
16881,0,0,0,0,0,0,0,0,0,3,2,3,0,4,0,0,3,0
16882,0,1,0,0,3,0,0,0,0,3,3,3,0,4,0,0,2,0
16883,0,1,0,0,0,0,0,1,1,3,1,3,0,4,1,0,1,0
16884,0,3,1,0,1,2,0,0,4,2,1,1,2,1,4,2,1,1
16885,0,3,0,0,2,4,0,0,3,2,3,2,0,1,0,4,1,0
16886,0,3,1,0,0,4,0,0,3,2,0,3,3,0,2,0,0,1
16887,0,4,4,1,1,1,3,3,1,2,3,3,0,2,2,1,3,1
16888,0,4,0,0,4,0,0,4,0,3,2,3,0,1,1,0,2,1
16889,3,4,0,0,2,4,0,0,0,2,3,3,4,2,1,0,2,0
16890,4,1,3,1,4,3,3,4,2,3,1,3,1,3,1,0,4,0
16891,0,2,0,0,4,0,0,4,4,4,3,2,0,1,3,0,2,0
16892,1,1,1,0,0,0,0,0,3,2,0,4,1,0,2,1,0,4
16893,0,2,0,0,0,0,0,0,0,3,2,2,0,0,0,0,4,0
16894,0,0,1,0,0,0,0,0,0,1,1,2,0,0,0,0,0,0
16895,0,1,0,0,4,0,0,0,0,4,3,3,0,1,0,0,0,0
16896,0,4,4,0,0,3,0,0,0,4,0,4,1,0,4,4,0,0
16897,0,3,0,0,1,0,0,0,0,1,2,3,0,0,0,0,0,0
16898,0,4,0,0,3,0,2,2,4,3,1,2,0,4,0,0,3,0
16899,0,3,1,0,3,0,0,0,0,3,3,4,0,1,4,0,2,0
16900,0,1,0,0,1,0,0,0,0,1,2,2,0,3,0,0,3,0
16901,0,0,0,0,4,0,0,0,0,4,1,3,0,0,0,0,0,0
16902,1,3,0,1,0,4,0,0,0,1,0,1,4,0,3,4,0,2
16903,0,3,0,0,4,4,0,4,4,1,2,3,0,4,0,0,4,0
16904,0,1,0,0,4,0,1,1,1,2,2,3,0,1,1,0,1,0
16905,0,3,0,0,4,0,1,1,2,3,3,3,0,4,0,0,3,0
16906,0,4,0,0,2,0,0,0,0,0,4,4,0,0,0,0,4,0
16907,0,3,0,0,4,0,0,0,0,2,2,2,0,3,0,0,4,0
16908,0,4,4,0,0,4,0,1,0,4,1,2,0,1,1,0,0,0
16909,0,0,0,0,2,0,0,0,0,2,2,2,0,4,0,0,4,0
16910,0,4,4,0,1,0,0,0,0,2,2,3,0,0,4,0,2,4
16911,0,4,1,0,1,1,0,1,3,2,2,2,1,2,1,0,2,0
16912,0,3,0,0,4,0,0,0,1,1,2,1,0,4,1,0,3,0
16913,0,2,1,0,4,1,0,0,0,3,4,3,1,4,1,0,4,0
16914,0,3,0,0,2,0,0,0,0,3,2,4,0,4,4,0,3,0
16915,1,1,0,4,0,3,0,0,4,2,0,2,2,0,1,4,0,4
16916,0,4,1,0,1,0,0,1,1,2,1,2,0,1,0,0,4,0
16917,0,4,0,0,4,0,0,0,0,2,2,2,4,3,0,0,3,0
16918,0,1,3,0,1,1,0,3,0,2,2,2,0,3,4,0,4,1
16919,1,1,2,0,0,2,0,0,0,3,0,2,2,4,4,3,0,0
16920,0,2,1,0,2,0,1,0,3,1,1,3,0,3,4,0,1,0
16921,4,4,4,0,4,0,0,1,3,3,2,4,0,4,4,0,2,0
16922,0,3,0,0,0,0,0,0,0,4,1,3,0,1,4,0,4,0
16923,0,1,0,0,0,4,0,0,0,3,3,2,0,4,4,0,4,0
16924,0,0,0,0,1,0,0,0,0,4,3,2,0,1,3,0,3,0
16925,2,3,3,0,0,3,0,0,1,4,2,4,2,0,1,3,0,1
16926,1,2,4,3,0,3,0,0,1,1,1,3,4,4,4,4,2,0
16927,0,4,4,0,0,2,0,0,2,2,0,4,1,0,4,0,0,4
16928,0,1,0,0,4,0,4,0,1,4,3,2,0,0,4,0,4,0
16929,0,4,0,0,4,0,0,0,0,3,2,2,0,1,0,0,2,0
16930,0,1,0,0,3,1,0,0,0,3,3,3,0,1,0,0,4,0
16931,0,2,3,1,0,1,0,0,1,1,2,2,1,4,1,4,4,0
16932,0,1,0,0,0,0,0,0,0,4,1,4,0,0,0,0,4,0
16933,0,3,0,0,2,0,0,0,0,3,3,3,0,2,0,0,4,0
16934,0,0,0,0,3,0,0,0,0,4,3,4,0,4,0,0,2,0
16936,0,4,0,0,1,0,0,2,1,2,4,4,0,4,4,0,4,4
16937,0,0,0,0,4,0,0,0,0,3,2,3,0,4,1,0,4,0
16938,0,4,1,0,1,1,0,4,1,2,3,4,1,2,1,0,3,0
16939,0,3,3,0,0,4,0,0,0,2,0,1,1,4,4,0,0,0
16940,0,3,1,1,0,1,0,0,0,1,0,1,3,0,1,1,0,2
16941,0,4,0,0,0,0,0,0,0,4,4,4,0,4,0,0,4,4
16942,0,4,0,0,4,1,0,1,0,3,1,2,0,3,1,0,2,1
16943,0,2,1,0,3,0,0,0,0,4,3,4,0,3,0,4,2,4
16944,0,1,0,0,0,0,0,0,0,4,1,3,1,4,0,0,0,4
16945,0,0,0,0,2,0,0,0,0,3,2,2,0,4,4,0,2,0
16946,0,0,0,1,1,1,0,0,0,1,2,3,0,0,0,0,0,0
16947,0,2,0,0,2,4,0,0,0,2,2,3,0,1,2,0,2,0
16948,0,4,4,0,0,4,4,0,4,4,1,3,4,0,4,4,4,2
16949,0,4,0,4,4,4,3,3,4,2,4,3,0,3,4,0,3,0
16950,0,4,0,0,2,0,0,0,0,4,3,2,4,1,0,0,4,0
16951,0,2,0,0,1,0,0,0,0,3,2,4,0,1,0,0,1,0
16953,0,4,0,0,4,0,0,4,0,1,1,4,0,4,0,0,4,0
16954,0,2,4,0,1,4,0,0,0,1,1,2,3,0,0,0,1,0
16955,4,3,3,0,0,2,0,0,3,3,1,4,3,0,3,0,0,1
16956,0,4,0,0,4,0,0,0,0,1,2,4,0,1,4,0,1,0
16957,0,4,0,0,0,0,0,0,0,1,4,3,0,1,0,0,0,0
16958,0,1,0,0,2,0,0,0,0,1,1,1,0,1,0,0,1,0
16959,0,4,0,0,3,0,0,0,0,3,3,1,0,1,0,0,2,0
16960,0,3,2,0,1,4,0,2,0,2,4,4,0,2,3,0,4,1
16961,0,4,0,0,0,4,0,1,0,4,3,2,0,2,4,0,4,4
16962,1,3,1,2,0,3,0,0,4,1,4,2,2,1,2,1,4,0
16963,0,4,0,0,1,0,1,0,3,4,2,3,0,1,1,0,3,0
16964,0,0,1,0,0,0,0,1,0,2,1,2,0,4,4,0,0,0
16965,0,0,4,0,4,0,0,0,0,3,1,3,0,4,0,0,1,0
16966,0,4,1,0,4,0,0,0,0,4,3,3,1,0,1,0,1,0
16967,0,4,0,0,4,0,4,0,0,2,2,2,0,4,0,0,3,0
16968,0,1,2,0,3,0,0,0,0,4,4,2,4,1,0,4,1,0
16969,0,0,0,0,0,0,0,0,0,3,2,2,0,4,0,0,0,0
16970,0,1,0,0,1,0,0,0,0,4,4,4,0,0,0,0,4,0
16971,0,4,0,0,0,0,0,0,0,2,4,4,0,0,0,0,0,0
16972,0,4,1,0,4,0,3,1,4,2,3,2,0,3,1,0,1,0
16973,0,1,3,0,4,0,0,0,0,3,4,3,2,4,1,0,3,1
16974,0,3,0,0,0,1,0,1,0,2,4,2,0,1,4,0,2,1
16975,1,3,4,0,0,1,0,4,1,3,3,2,1,3,4,0,4,1
16976,0,1,1,0,0,1,0,0,0,1,3,3,0,2,1,0,2,1
16977,0,4,3,4,0,1,0,4,3,2,4,3,4,4,3,2,4,4
16978,0,4,2,0,2,1,3,1,4,2,1,2,0,2,2,0,2,0
16979,0,4,4,0,4,2,0,4,4,4,3,4,0,4,3,0,4,0
16980,0,4,0,0,3,4,0,0,0,1,1,1,0,3,4,0,4,0
16981,0,4,0,0,0,0,0,2,0,2,3,3,0,2,4,0,3,0
16982,0,2,0,4,0,3,0,0,0,2,2,2,0,0,0,0,4,0
16983,0,1,0,0,0,1,0,0,1,2,3,2,4,3,0,0,3,0
16984,0,4,1,0,0,3,1,1,1,3,0,4,1,0,2,1,4,2
16985,0,2,4,0,0,1,0,0,1,4,4,3,0,2,0,0,1,0
16986,0,3,0,0,4,0,0,2,1,3,4,3,0,4,1,0,3,0
16987,1,3,1,0,1,4,0,0,4,2,3,3,2,0,1,1,0,1
16988,4,2,3,4,0,0,0,0,2,2,0,3,3,0,2,0,0,0
16989,0,4,3,2,4,2,1,0,3,4,4,2,2,0,4,3,0,3
16990,1,1,1,1,1,2,0,4,1,1,2,2,2,3,2,2,2,4
16991,1,2,4,0,0,2,0,0,3,3,4,4,2,4,1,4,4,1
16993,0,0,0,0,0,0,0,0,0,1,1,1,0,0,4,0,0,0
16994,1,1,4,0,0,1,0,0,0,1,1,2,3,1,2,2,1,3
16995,0,1,0,0,0,0,0,4,0,4,1,3,0,4,0,0,4,0
16996,2,2,1,0,3,1,0,1,2,4,2,1,3,3,3,1,1,2
16997,0,1,0,0,4,4,0,0,0,1,2,1,0,1,4,0,1,0
16998,0,4,0,0,4,0,0,0,0,2,2,2,0,0,0,0,3,0
16999,0,1,0,0,2,1,0,4,0,3,2,2,0,1,0,0,4,0
17001,0,2,0,0,0,1,1,4,3,2,3,2,0,2,1,0,2,1
17002,0,1,0,0,1,0,0,0,0,3,1,3,0,4,4,0,3,4
17003,1,0,3,4,0,2,1,0,3,2,1,3,1,1,3,0,1,2
17004,0,4,4,0,1,0,0,0,0,1,2,3,0,1,0,0,1,0
17005,0,1,0,1,0,4,0,3,0,3,3,2,0,2,3,0,3,0
17006,0,2,0,0,0,3,0,4,0,3,3,3,0,3,1,0,3,0
17007,1,1,3,1,0,1,0,0,0,1,1,2,4,4,4,1,1,1
17008,0,4,0,0,4,0,0,0,0,4,2,3,0,3,0,0,2,0
17009,0,4,4,0,3,1,0,4,4,2,2,4,3,3,4,0,1,0
17010,3,1,1,0,0,3,0,0,1,3,0,2,1,0,1,1,0,2
17011,0,0,0,0,0,0,0,0,1,3,1,3,0,4,0,0,1,0
17012,0,4,0,0,4,0,0,4,0,3,4,4,0,4,0,0,4,0
17013,0,1,0,0,3,1,4,1,4,4,3,2,0,2,0,0,3,1
17014,0,1,0,0,2,0,0,0,0,2,1,1,0,1,0,0,1,0
17015,0,1,0,0,1,3,3,3,3,2,1,1,1,3,2,0,3,4
17016,4,3,3,0,0,3,0,1,3,1,1,1,2,0,1,0,1,4
17017,0,0,0,0,1,0,0,0,0,1,2,1,0,2,0,0,2,0
17018,0,3,0,0,2,0,0,2,4,3,3,2,0,3,4,0,1,4
17019,0,1,1,0,1,0,0,4,4,4,2,3,0,3,1,0,1,0
17020,0,4,0,0,1,0,4,3,1,3,3,3,0,4,4,0,2,0
17021,0,4,0,0,4,0,0,0,0,3,2,3,1,3,0,0,3,0
17022,0,0,0,0,0,0,4,4,1,3,2,2,0,3,0,0,3,0
17023,0,4,0,0,4,0,0,1,4,4,4,4,0,4,4,0,4,0
17024,0,1,4,4,4,4,0,3,3,2,4,3,4,4,4,3,4,4
17025,0,3,1,0,4,3,4,2,2,2,3,3,3,4,1,1,4,2
17026,4,3,3,4,0,2,0,4,1,2,4,3,1,4,3,2,0,3
17027,4,2,1,0,0,1,0,2,2,2,3,4,3,1,3,0,4,4
17028,4,1,1,0,0,3,0,0,1,3,4,4,4,0,3,0,0,0
17029,0,2,4,0,0,3,0,0,0,3,1,1,0,3,1,0,1,0
17030,0,2,0,0,0,0,0,0,0,2,3,3,0,1,0,0,1,0
17031,0,4,0,0,3,0,0,0,0,2,3,1,4,2,0,0,3,0
17032,0,1,0,0,1,0,0,0,0,2,3,4,0,4,0,0,1,0
17033,0,3,0,0,0,0,0,1,1,2,2,2,0,2,0,0,1,0
17034,0,0,0,0,4,0,0,0,0,1,2,2,0,0,0,0,3,0
17035,0,1,0,0,4,1,0,0,0,4,4,4,0,4,1,0,4,0
17036,4,4,4,1,0,4,0,4,1,3,4,4,3,3,4,4,3,2
17037,1,2,3,1,4,1,0,0,4,2,1,3,2,2,3,3,3,3
17038,0,1,0,0,0,2,4,3,2,1,4,2,1,4,2,2,3,1
17039,0,2,0,0,1,1,1,1,2,4,2,2,4,2,1,0,3,0
17040,0,2,0,0,0,0,0,0,1,4,2,1,0,4,0,0,0,0
17041,0,2,1,0,4,0,0,1,1,3,2,2,0,1,1,0,3,0
17042,0,3,0,0,0,1,0,0,0,3,0,4,1,0,1,4,0,4
17043,4,4,4,4,4,1,0,0,4,3,4,4,1,3,2,3,4,0
17044,0,0,4,0,4,0,0,0,0,1,1,2,1,1,1,0,2,4
17045,0,1,2,0,0,0,0,4,3,4,4,3,1,4,0,0,4,0
17046,0,4,0,1,4,2,0,4,4,4,4,3,2,4,1,0,0,4
17047,0,0,0,0,3,0,0,0,0,3,2,3,0,3,1,0,1,0
17048,0,4,0,0,0,0,0,0,0,4,2,3,0,1,0,0,3,0
17049,0,1,0,0,0,0,0,3,3,2,2,2,0,1,2,0,4,4
17050,0,3,0,0,4,2,4,2,1,2,4,2,0,2,4,0,4,0
17051,0,4,0,0,0,0,0,4,1,3,3,3,0,2,0,0,3,0
17052,0,4,0,0,1,0,0,0,1,4,4,4,1,4,1,2,1,3
17053,0,4,1,0,4,1,0,4,0,3,4,4,0,4,4,0,4,0
17054,1,3,4,0,0,3,0,0,0,2,4,4,4,0,4,0,0,0
17055,0,0,0,0,4,2,0,0,0,2,2,3,0,2,4,0,4,0
17056,0,4,0,0,0,0,0,0,0,4,4,4,0,2,4,0,1,0
17057,0,1,0,0,0,1,0,0,1,2,3,2,0,0,1,0,3,0
17058,0,4,0,0,4,0,0,0,0,2,3,1,0,1,0,0,2,0
17059,4,1,2,1,3,2,0,4,3,3,4,3,4,2,2,2,3,2
17060,4,3,4,0,1,2,0,4,3,2,3,3,2,1,4,1,2,1
17061,0,2,0,0,0,1,0,0,0,1,0,1,1,0,1,2,0,0
17063,0,3,1,0,1,0,0,0,0,3,2,4,0,4,0,0,4,0
17064,0,4,4,0,0,2,0,0,1,3,0,4,1,0,3,4,0,0
17066,0,0,1,0,3,0,0,0,0,3,2,3,0,4,1,0,3,0
17067,1,4,4,0,1,4,0,3,1,4,1,1,2,3,3,4,1,4
17068,0,1,0,0,2,0,0,0,0,4,4,2,0,1,4,0,3,0
17069,0,2,0,0,0,0,0,2,0,3,3,2,3,3,1,0,3,1
17070,0,3,4,1,0,3,0,1,0,2,4,3,4,1,4,0,3,0
17071,0,1,0,0,0,0,0,1,0,1,4,2,0,4,0,0,4,0
17072,0,3,2,0,0,4,1,1,3,1,2,3,1,1,4,1,4,1
17073,0,3,0,0,4,0,1,4,0,1,3,2,0,1,0,0,1,0
17074,0,1,1,0,0,3,0,0,1,1,4,1,1,4,4,0,0,4
17075,0,4,0,0,1,0,1,4,4,4,3,3,0,3,4,0,1,0
17076,0,4,0,0,4,0,0,0,0,4,3,2,0,2,1,0,2,0
17077,0,2,0,0,2,0,0,0,0,3,2,3,0,1,0,0,2,0
17078,0,2,0,0,4,0,4,4,0,3,2,3,0,4,4,0,2,0
17079,0,1,0,0,4,0,0,4,0,3,3,3,0,4,0,0,2,0
17080,1,4,0,0,0,3,0,1,3,3,1,3,1,0,4,2,0,3
17081,0,3,0,0,1,0,0,0,0,4,3,3,1,1,0,0,4,0
17082,0,4,0,0,2,0,0,0,0,4,4,3,0,2,1,0,4,0
17083,0,1,0,0,0,0,0,0,0,2,1,2,0,4,0,0,1,0
17084,0,2,4,0,0,0,0,0,0,1,4,1,4,1,1,1,0,0
17085,0,0,0,0,0,0,0,0,0,4,1,1,4,0,1,0,0,0
17086,3,1,1,0,0,1,0,0,0,2,0,1,2,0,1,2,0,4
17087,1,4,4,0,0,3,0,0,0,4,1,3,1,1,3,3,0,1
17088,0,2,0,0,1,0,0,0,0,1,2,2,0,4,0,0,4,0
17089,0,1,1,4,0,2,0,0,2,4,4,3,1,1,1,4,4,4
17090,0,1,1,0,0,0,0,0,0,4,0,3,1,1,1,0,0,0
17091,3,2,4,0,0,0,0,0,2,1,4,1,1,0,4,4,0,4
17092,4,3,3,0,3,4,0,0,4,3,4,4,4,3,4,4,1,4
17093,1,4,0,0,0,1,0,1,1,0,4,4,1,4,1,0,4,0
17095,4,4,2,3,1,3,0,1,4,4,1,2,4,1,4,3,3,1
17096,0,2,0,0,4,1,0,0,0,1,3,2,0,0,1,0,2,0
17097,0,4,0,0,0,0,0,0,0,4,2,3,0,0,0,0,3,0
17098,0,1,0,0,4,0,0,0,4,3,2,3,0,4,1,0,4,0
17099,0,1,0,0,4,0,1,4,3,1,1,2,0,2,0,0,4,0
17100,0,3,0,0,0,2,0,0,1,1,0,3,4,0,3,1,0,3
17101,4,3,0,0,2,2,0,0,0,3,4,3,1,4,2,0,2,0
17102,0,1,0,0,4,1,4,4,2,4,1,2,0,4,1,0,4,0
17103,0,4,0,0,3,4,4,1,3,2,1,2,4,1,1,0,3,1
17104,0,2,0,0,4,0,0,1,1,2,2,2,0,1,0,0,1,1
17105,0,1,0,0,0,0,0,1,1,3,4,3,0,4,1,0,2,1
17106,0,0,1,0,0,0,0,0,4,2,2,2,0,1,0,0,4,0
17107,1,3,4,4,0,3,0,0,2,4,1,1,3,3,2,2,3,0
17108,0,1,4,0,1,0,0,0,4,4,2,2,3,0,4,1,0,1
17111,0,3,4,0,3,0,0,1,2,2,2,3,0,3,1,0,2,0
17112,0,2,1,0,1,1,1,1,4,3,1,3,1,1,2,1,1,0
17113,0,4,0,0,4,1,0,0,0,2,2,2,0,2,1,0,4,0
17114,0,3,4,0,0,4,0,0,0,3,0,1,4,0,4,4,0,0
17115,0,3,0,0,4,0,0,0,4,1,2,2,4,2,4,0,1,0
17116,0,2,4,0,2,4,0,4,1,1,1,1,1,2,1,0,4,0
17117,0,0,0,0,4,0,0,0,0,3,2,2,0,4,0,0,1,0
17118,0,1,0,0,3,0,0,0,0,3,3,2,0,4,0,0,1,0
17119,4,2,4,0,1,4,4,2,3,1,3,3,1,3,4,0,2,0
17120,0,1,0,0,0,0,0,2,1,2,1,1,1,2,2,0,2,0
17121,0,3,0,0,0,0,0,0,0,3,3,3,0,4,0,0,4,0
17122,0,3,0,0,3,0,0,0,0,1,1,2,0,1,0,0,2,0
17124,0,0,0,0,1,0,0,0,0,1,3,1,0,0,0,0,1,0
17125,0,0,0,0,0,0,0,0,0,1,4,3,0,0,0,0,0,0
17126,0,4,4,1,0,4,0,0,0,0,1,3,3,0,1,3,0,0
17127,4,2,3,0,4,1,0,3,3,3,3,3,1,1,4,0,2,4
17128,0,1,0,0,3,3,0,4,0,3,2,2,0,1,3,0,4,1
17129,1,4,2,1,0,1,0,0,1,2,0,2,1,0,1,4,0,4
17130,1,0,1,0,1,3,0,0,1,3,4,3,1,0,1,1,4,0
17131,0,3,4,0,0,4,0,0,4,2,4,3,4,0,4,0,0,0
17132,0,4,1,0,4,0,0,0,1,4,1,2,0,1,2,0,3,0
17133,0,3,0,0,4,0,0,0,0,3,3,2,0,1,0,0,4,0
17134,0,4,3,0,0,3,0,1,2,4,2,3,4,1,3,0,3,0
17135,0,1,0,0,0,4,0,3,0,3,1,2,0,1,2,3,1,0
17136,0,2,0,0,3,1,4,2,4,3,3,4,0,3,2,0,4,0
17138,0,1,0,0,1,0,0,1,0,1,2,3,0,2,4,0,4,1
17139,1,4,1,0,4,4,0,0,0,3,2,3,4,1,3,4,2,0
17140,0,4,0,0,0,1,0,0,0,3,1,2,0,4,0,0,3,2
17141,0,2,1,0,4,1,0,0,4,1,3,3,1,1,3,0,3,0
17142,1,4,0,0,0,0,1,1,1,1,4,4,0,1,0,1,1,0
17143,0,4,0,0,3,0,0,0,0,3,3,2,0,0,0,0,2,0
17144,0,2,0,0,2,0,0,0,0,1,2,2,0,4,4,0,0,0
17145,3,4,3,4,4,2,0,0,3,2,1,4,2,0,4,2,0,1
17146,0,4,0,0,4,2,0,4,1,4,4,2,3,2,2,0,2,0
17147,0,2,4,0,4,0,1,0,3,3,4,3,0,4,4,0,3,2
17148,0,4,0,0,3,0,0,1,0,3,2,3,0,1,0,0,2,0
17149,0,0,0,0,4,1,0,0,0,3,3,4,0,0,0,0,2,0
17150,0,3,3,0,3,1,0,1,0,3,2,4,0,2,4,0,3,4
17151,0,4,4,0,1,0,0,0,0,2,1,3,0,4,4,0,1,0
17152,0,4,1,4,1,1,0,0,0,4,3,2,1,2,4,0,3,3
17153,0,4,0,0,1,2,4,2,1,4,1,2,3,3,1,0,1,1
17154,0,1,0,0,4,0,0,4,0,1,4,4,0,4,1,0,4,1
17155,1,2,3,0,0,4,0,0,2,2,1,3,3,0,4,0,0,2
17156,0,2,4,1,1,4,0,4,0,4,2,4,4,3,1,0,3,0
17157,0,2,0,0,4,0,2,3,1,2,2,4,0,1,0,0,1,0
17158,0,0,1,0,0,2,0,0,0,1,4,2,1,4,4,0,3,0
17160,0,4,0,0,1,0,0,4,1,2,2,2,0,4,0,0,3,0
17161,0,1,0,0,1,4,2,3,4,1,3,2,0,4,4,4,2,0
17162,0,1,0,0,0,0,0,0,0,3,3,3,0,1,0,0,3,0
17163,0,4,0,0,1,0,0,0,0,1,1,2,0,4,0,0,2,0
17164,0,4,0,0,4,0,0,0,0,3,3,3,0,4,0,0,4,0
17165,0,1,0,0,4,2,1,3,3,3,4,2,0,4,2,0,4,0
17166,0,4,2,0,3,2,4,4,3,4,4,4,0,3,3,0,2,0
17167,0,2,0,4,2,1,1,0,4,2,1,1,1,1,2,1,3,3
17168,0,1,0,0,0,0,0,0,1,0,3,4,0,0,1,0,0,0
17169,0,1,0,0,0,0,0,1,0,1,2,2,0,2,4,0,4,0
17170,1,1,3,0,4,3,0,4,2,3,1,2,4,0,3,2,1,4
17171,0,2,0,0,4,1,0,4,4,3,4,3,0,3,3,0,4,3
17172,0,3,0,1,1,1,0,1,1,1,2,3,0,4,0,1,2,0
17173,0,1,0,0,0,0,0,0,0,1,2,3,0,2,1,0,2,0
17174,4,3,3,4,4,1,0,0,0,2,4,4,3,0,3,2,4,3
17175,0,0,0,0,4,1,0,0,0,2,2,2,0,1,0,0,2,0
17176,0,1,0,0,4,0,4,3,1,3,4,4,0,3,0,0,1,0
17177,0,1,0,0,0,0,0,0,0,3,2,2,0,0,0,0,2,0
17178,0,4,0,0,0,0,0,2,0,1,1,3,0,1,0,0,2,0
17180,0,4,1,0,0,0,0,0,0,4,4,3,2,4,4,3,4,4
17181,0,2,4,0,0,1,0,0,0,2,4,3,3,0,1,0,0,4
17182,0,1,0,0,0,0,0,0,0,2,2,2,0,1,1,0,0,0
17183,0,0,0,0,1,0,0,0,0,2,1,2,0,2,1,0,1,0
17184,0,1,0,0,0,1,0,0,0,2,4,3,0,2,0,0,2,0
17185,0,4,0,0,3,0,1,1,1,3,2,2,0,3,1,0,1,0
17186,0,4,0,0,3,0,0,0,0,3,3,3,0,4,0,0,4,0
17187,0,3,0,0,4,0,0,0,0,3,0,1,0,0,1,0,4,1
17188,0,1,1,0,0,4,0,0,1,1,1,1,0,0,0,1,0,0
17189,4,4,4,0,4,1,4,1,3,2,1,4,4,1,0,0,4,0
17190,0,1,0,0,0,0,0,0,0,2,4,4,0,0,1,1,0,1
17191,0,1,4,0,3,0,0,0,4,4,3,2,4,3,0,0,1,0
17192,0,3,0,0,1,0,0,1,0,1,3,2,0,0,0,0,0,0
17193,0,3,0,0,3,0,4,3,3,4,4,3,0,3,0,0,4,3
17194,0,4,1,0,0,1,0,0,0,2,3,2,0,1,0,0,0,0
17196,0,3,0,0,1,1,0,0,0,3,2,2,0,3,4,0,3,0
17197,0,3,0,0,1,1,0,1,4,1,2,3,0,2,3,0,3,0
17198,1,4,1,0,0,3,0,0,4,3,0,4,3,0,1,0,0,4
17199,0,4,0,0,0,0,0,3,0,1,1,2,4,2,4,0,3,1
17200,0,0,0,0,3,0,0,0,0,4,4,4,0,4,0,0,0,0
17201,0,1,0,0,4,1,0,1,4,3,4,2,0,2,1,0,4,0
17202,4,4,1,4,4,1,0,0,1,3,1,4,1,1,1,4,1,0
17203,4,4,4,0,0,1,0,4,2,1,2,1,1,0,3,2,1,0
17204,0,0,0,0,0,0,0,0,0,4,4,4,0,4,0,0,1,0
17205,0,3,1,1,0,1,0,1,1,1,1,2,1,1,2,0,1,0
17206,0,3,1,0,4,1,2,2,1,1,2,2,0,3,1,0,3,3
17207,0,4,4,0,0,4,0,3,4,3,4,4,0,1,0,0,4,0
17209,0,1,1,0,1,0,4,1,1,1,2,2,0,2,0,0,4,4
17210,0,4,4,0,2,0,0,4,4,4,4,3,0,2,4,0,3,0
17211,0,4,0,0,4,1,4,4,4,2,3,4,1,2,4,0,1,0
17212,1,2,1,0,4,1,1,4,4,4,4,4,2,2,2,2,4,1
17213,1,2,3,1,4,3,0,4,3,3,4,4,4,4,4,0,4,1
17214,0,2,0,0,4,0,0,4,4,4,3,3,0,3,4,0,1,1
17215,0,4,1,4,3,4,0,4,2,3,3,1,4,1,1,0,4,4
17216,0,4,4,0,1,4,0,2,4,2,2,3,0,4,4,0,3,1
17217,0,4,4,0,3,4,0,4,0,3,1,2,1,1,4,0,1,0
17218,0,4,0,0,2,0,0,1,0,4,3,4,4,2,1,0,4,4
17219,3,4,2,0,0,2,0,0,0,2,4,4,3,4,3,0,0,0
17220,0,4,0,0,2,0,0,3,1,2,2,4,0,3,4,0,2,0
17221,0,1,0,0,3,2,0,1,1,3,1,2,1,1,3,0,3,0
17222,1,4,1,2,0,2,0,0,4,1,0,1,4,0,2,3,0,3
17223,2,4,4,0,1,0,3,2,2,4,4,3,0,3,2,1,4,0
17224,0,3,0,0,2,4,2,3,2,2,3,3,0,3,2,0,2,4
17225,0,1,0,0,4,0,0,4,0,4,2,2,0,1,0,0,1,0
17226,0,1,0,0,4,4,0,0,2,3,1,2,4,2,3,0,2,0
17227,2,1,1,0,0,3,1,1,3,2,4,3,1,0,1,4,4,1
17228,0,4,4,0,1,1,0,0,0,1,4,1,0,4,0,0,1,0
17229,4,3,1,0,0,4,0,4,2,4,1,4,2,2,2,0,4,4
17231,3,2,1,2,0,3,0,0,4,4,0,3,4,0,4,4,0,4
17232,0,3,1,0,4,0,0,2,1,4,1,3,0,1,1,0,2,1
17233,0,2,0,0,4,0,0,0,0,2,2,2,0,4,0,0,0,0
17234,1,3,1,0,0,4,0,0,4,1,4,3,2,0,1,0,0,0
17235,2,2,1,1,3,2,0,0,1,1,1,1,1,3,3,4,1,1
17236,0,4,0,0,2,0,0,1,0,2,2,2,0,4,4,0,2,0
17237,0,1,0,0,4,0,0,0,0,4,1,2,0,1,0,0,0,0
17238,0,1,0,0,1,0,0,3,0,4,1,2,0,3,3,0,3,1
17239,0,2,0,0,2,0,0,3,1,1,2,2,0,1,0,0,1,0
17240,0,0,0,0,1,4,0,0,4,1,3,2,0,1,4,0,4,0
17241,0,4,0,0,1,0,0,2,0,1,3,2,0,4,4,0,4,1
17242,0,0,4,0,1,4,0,0,0,2,1,1,4,1,4,4,0,0
17243,0,4,0,0,0,0,2,4,3,3,3,2,0,2,4,0,1,0
17244,0,0,0,4,2,0,0,0,0,2,4,4,0,4,4,0,4,0
17245,0,2,0,0,2,0,0,0,0,3,3,2,0,1,1,0,2,0
17246,4,1,2,4,0,2,0,0,4,1,0,2,4,0,3,1,0,4
17247,1,1,3,1,0,1,0,0,1,2,1,4,1,0,2,1,0,4
17248,0,0,0,0,4,1,0,1,0,2,1,2,0,1,1,0,4,2
17249,0,1,0,0,3,1,0,0,0,2,2,2,0,0,0,0,3,0
17250,0,3,0,0,4,0,0,0,0,1,1,2,0,4,0,0,4,0
17251,0,0,0,0,4,4,0,0,0,0,4,4,4,0,1,0,0,0
17252,0,0,0,0,4,0,0,0,0,2,2,2,0,1,0,0,4,0
17253,0,1,1,0,1,0,0,0,0,3,3,2,0,0,4,0,1,0
17254,0,3,1,0,4,1,0,0,0,2,3,3,0,1,1,0,4,0
17255,0,1,0,0,1,4,1,1,1,0,4,1,0,0,1,0,0,0
17256,0,4,0,0,4,0,0,4,3,2,4,3,0,3,4,0,4,0
17257,0,4,1,0,1,1,4,3,1,4,1,1,0,1,1,0,2,0
17258,4,4,2,4,0,3,0,0,0,1,0,2,4,0,1,4,0,4
17259,0,2,1,0,2,1,0,3,4,2,3,2,0,3,1,0,3,2
17260,4,1,4,0,4,4,0,2,4,1,3,3,4,4,4,0,4,0
17261,0,2,0,0,0,0,0,2,0,3,1,2,0,2,4,0,4,1
17262,4,1,1,0,0,3,0,0,2,2,0,4,4,0,3,1,0,4
17263,0,0,0,0,1,0,0,4,4,3,4,1,0,4,4,0,3,0
17264,0,2,0,0,3,4,4,0,0,2,2,2,0,0,3,4,2,0
17265,0,4,1,0,1,0,0,4,0,4,4,4,0,2,1,0,2,2
17266,0,4,0,0,0,0,0,0,0,1,3,3,0,2,0,0,4,0
17267,0,1,0,0,1,0,1,3,1,2,2,2,0,1,0,0,4,1
17268,0,4,4,2,3,2,0,0,4,3,4,3,4,1,4,0,3,0
17269,0,4,4,0,2,0,0,2,0,4,2,4,0,2,1,0,1,0
17270,3,4,4,0,0,2,0,0,3,4,4,4,1,0,3,1,0,4
17271,2,1,1,0,0,1,0,0,0,2,4,1,1,4,0,3,4,4
17272,0,4,0,0,2,1,0,0,3,2,3,2,0,1,0,0,2,0
17273,3,3,2,0,0,2,0,0,0,2,3,3,1,0,4,2,0,3
17274,0,4,0,0,4,0,0,0,0,1,2,2,0,4,0,0,4,4
17275,0,2,0,0,1,1,0,1,3,2,1,1,0,2,0,0,2,0
17276,0,1,0,0,4,1,0,1,0,3,2,1,0,3,1,0,1,0
17278,0,1,0,0,0,1,0,0,0,2,3,3,0,1,1,0,1,0
17279,0,4,0,0,4,0,0,0,3,4,4,4,0,3,4,0,4,0
17280,1,3,2,1,0,3,0,0,1,1,1,1,1,1,1,1,0,4
17281,0,1,4,0,3,1,0,4,0,1,1,2,0,1,4,0,1,0
17282,0,3,3,4,0,4,0,0,4,1,2,4,2,0,2,0,0,0
17283,0,3,0,0,4,0,0,0,0,2,1,4,0,4,0,0,4,0
17284,0,3,2,0,4,3,3,2,3,1,2,3,3,3,2,3,1,2
17285,0,1,0,0,0,1,0,1,1,1,1,1,0,1,1,0,1,0
17286,0,2,0,0,4,0,0,2,4,3,4,4,0,2,0,0,2,0
17287,1,1,2,3,0,2,0,0,0,2,3,3,3,0,3,4,1,0
17288,0,3,0,0,4,0,0,0,0,2,2,2,0,0,0,0,0,0
17289,0,4,4,0,1,0,0,0,0,3,2,3,0,2,2,0,2,4
17290,0,2,1,1,0,2,0,0,1,3,0,1,2,4,4,2,0,4
17291,0,4,0,0,1,4,0,4,4,1,3,3,0,4,0,0,2,0
17292,0,1,0,0,1,0,0,1,0,2,2,3,1,2,3,0,4,4
17293,0,0,4,0,0,4,0,0,0,1,2,1,4,4,1,0,1,1
17294,0,3,1,0,1,0,0,3,0,3,2,1,4,2,1,0,2,0
17295,4,3,4,0,4,0,4,4,3,3,2,3,4,4,2,4,4,0
17296,0,0,1,0,2,1,2,0,4,2,3,3,4,2,0,0,1,0
17297,0,2,2,0,0,1,0,0,4,3,1,1,2,1,3,1,0,1
17298,0,2,0,0,0,0,0,0,0,3,1,3,0,2,4,0,1,0
17299,0,3,0,4,4,2,0,4,4,2,4,3,4,0,4,4,0,0
17300,0,2,0,0,4,2,0,1,3,3,2,2,0,2,4,0,2,0
17301,0,2,0,0,1,0,0,0,0,3,3,2,0,1,0,0,0,0
17302,0,1,0,0,1,0,0,0,0,2,3,3,0,0,0,0,3,0
17303,0,4,1,0,0,1,0,0,0,2,2,3,0,3,3,0,4,4
17304,3,2,1,1,0,0,0,0,3,2,0,4,3,0,3,1,0,0
17305,0,3,0,0,4,0,0,0,0,4,3,2,0,1,0,0,3,1
17306,0,4,0,0,3,0,0,0,4,1,2,4,0,0,0,0,0,0
17307,0,1,0,0,1,4,4,1,3,1,3,2,0,3,1,0,2,0
17308,4,3,1,0,0,4,0,0,3,4,4,3,1,0,4,3,0,4
17309,0,0,0,0,1,0,0,0,1,0,4,4,0,3,1,0,0,0
17310,4,1,1,1,0,2,0,0,4,4,1,1,3,1,3,4,0,0
17311,0,4,1,0,3,1,0,0,0,3,3,1,0,1,1,0,1,0
17312,0,0,0,0,0,0,0,0,0,2,4,3,0,2,0,4,4,0
17313,0,4,0,0,4,0,0,0,0,1,3,3,0,4,4,0,1,0
17314,0,2,0,0,4,0,0,0,0,2,2,3,0,4,0,0,4,0
17315,0,4,0,0,4,4,0,4,1,3,1,2,0,3,1,0,3,4
17316,0,2,0,0,1,0,0,3,0,3,3,3,0,3,2,0,2,4
17317,0,3,0,0,2,3,0,1,2,1,1,1,0,1,3,0,3,0
17318,0,4,1,0,2,1,0,1,0,3,3,2,0,3,2,0,2,3
17319,0,0,0,0,4,0,0,0,0,4,2,3,4,2,0,0,2,0
17320,0,1,4,0,1,0,0,4,0,4,4,4,0,3,0,0,2,0
17321,4,2,2,4,0,1,0,0,4,1,0,4,4,0,2,4,0,0
17322,0,4,0,0,0,0,0,0,0,0,4,4,0,3,1,0,4,0
17323,0,4,0,0,2,3,1,1,3,4,3,3,0,3,0,0,2,0
17324,0,2,1,0,0,3,0,0,1,3,4,4,4,0,1,0,4,0
17325,0,0,4,0,2,4,0,4,0,2,1,2,4,3,3,0,2,4
17326,0,4,4,0,4,3,0,3,3,4,4,4,4,4,4,0,4,4
17327,0,4,0,0,0,0,0,0,0,4,0,4,0,0,4,0,0,0
17328,0,3,1,0,0,0,0,1,1,3,4,4,3,4,4,0,4,0
17329,0,1,0,0,3,0,1,2,1,4,3,2,0,2,0,0,2,0
17330,4,1,3,0,0,4,0,0,1,3,1,3,2,1,4,3,4,1
17331,0,2,0,0,2,0,0,0,1,4,4,2,1,1,0,0,1,0
17332,0,4,0,0,0,0,0,2,1,4,2,2,4,3,4,0,2,0
17333,0,2,4,0,4,3,0,3,0,3,4,3,0,2,2,0,4,0
17334,0,1,0,0,4,1,1,1,1,1,2,1,0,2,1,1,2,0
17335,0,3,2,2,0,1,0,0,0,4,0,3,4,0,3,4,0,0
17336,0,1,0,0,0,0,0,0,0,4,2,3,0,0,0,4,3,0
17337,0,3,4,0,4,3,1,2,2,3,4,3,0,1,4,0,3,0
17338,0,3,0,0,3,0,0,4,4,1,2,2,0,1,4,0,0,0
17339,0,3,3,0,4,4,2,4,2,1,2,4,1,2,1,0,3,4
17340,0,1,0,0,4,0,0,1,0,2,3,3,0,4,1,0,2,0
17341,0,2,0,0,4,0,0,3,0,2,2,3,4,2,3,0,3,0
17342,0,1,1,0,0,4,0,0,3,1,0,2,4,0,4,2,0,4
17343,1,1,3,0,0,1,0,0,0,2,1,1,4,0,1,3,0,0
17344,0,2,0,0,0,3,0,0,0,1,2,2,2,2,4,1,4,0
17345,0,4,4,1,1,4,0,3,0,2,3,3,4,1,4,0,2,0
17346,0,0,0,0,4,0,0,0,0,4,3,3,0,1,0,0,2,0
17347,1,3,2,1,0,4,0,0,2,3,0,1,2,0,1,1,0,4
17348,0,4,0,0,0,1,0,0,4,4,0,3,1,0,4,0,0,4
17349,0,3,0,0,3,0,0,3,0,4,3,2,0,4,1,0,4,0
17350,0,1,0,4,0,1,0,4,1,2,1,1,1,2,2,0,3,3
17351,4,1,0,0,0,1,4,2,2,1,2,3,0,2,4,0,2,0
17352,0,1,0,0,1,0,0,3,1,2,1,3,0,3,3,0,2,4
17353,0,3,0,0,2,0,0,1,0,2,3,4,0,4,0,0,2,0
17354,1,4,3,0,0,1,0,0,4,4,0,3,4,0,2,3,0,2
17355,0,4,0,0,1,0,0,4,0,1,1,2,0,4,1,0,2,0
17356,0,0,0,0,4,0,0,2,0,2,3,1,0,2,0,0,2,0
17358,0,2,4,0,1,2,0,3,2,4,3,3,0,4,4,0,2,4
17359,0,3,0,0,3,0,0,0,1,2,3,3,0,0,0,0,1,0
17360,0,3,0,0,0,4,0,0,0,0,1,1,0,3,1,0,0,0
17361,1,2,2,3,0,1,0,0,0,4,0,4,4,0,4,2,0,3
17362,0,0,0,0,1,4,0,0,0,3,2,4,0,1,1,0,4,0
17363,0,1,0,0,0,0,0,0,0,1,1,2,0,1,0,0,4,0
17364,0,0,3,1,0,1,0,0,0,1,1,1,0,1,4,0,4,4
17365,0,3,4,0,0,0,0,1,0,4,1,3,4,4,2,0,1,3
17366,0,0,0,0,4,0,0,0,0,3,3,4,0,0,0,0,0,0
17367,0,4,4,0,3,1,4,4,1,4,3,4,0,4,1,0,3,0
17368,4,4,4,0,1,0,0,0,0,4,2,3,0,0,0,0,4,0
17369,0,1,0,0,4,0,0,1,0,3,2,2,0,2,1,0,2,0
17370,0,4,0,0,3,1,0,1,1,3,3,3,0,3,4,0,3,0
17371,0,4,0,0,1,0,0,4,0,3,2,3,0,0,0,0,2,0
17372,0,1,0,0,0,0,0,1,0,3,4,3,0,2,4,0,4,0
17373,0,3,4,0,4,4,0,2,2,1,1,2,2,3,4,1,2,0
17374,0,1,4,0,0,0,0,0,0,1,1,3,0,4,4,0,2,0
17375,0,4,0,0,0,1,0,0,0,2,1,2,0,4,0,0,0,0
17376,0,3,0,0,1,0,0,0,0,3,2,2,0,1,4,0,1,0
17377,0,1,4,0,1,2,0,0,0,2,2,3,0,2,1,0,4,4
17378,0,4,0,0,4,0,0,0,4,2,2,2,0,1,0,0,1,0
17379,0,4,4,1,3,1,0,1,2,1,1,1,1,1,3,0,2,0
17380,0,4,0,0,0,0,0,0,0,1,1,1,0,0,1,0,0,0
17381,1,4,1,0,1,0,2,1,1,1,1,2,0,3,1,0,4,1
17383,0,0,0,0,1,0,0,1,0,3,1,1,0,2,0,0,2,0
17384,0,2,0,0,2,2,4,1,1,2,3,3,0,3,4,0,2,0
17385,0,1,0,0,1,0,0,2,1,3,1,3,0,3,0,0,3,1
17386,4,3,0,0,1,0,0,0,0,4,1,4,1,0,4,4,1,4
17387,0,1,0,0,1,4,0,0,0,2,2,3,0,1,0,0,4,0
17388,0,3,0,0,3,0,0,0,0,3,1,1,0,1,0,0,1,0
17389,0,1,1,0,3,1,0,1,1,3,1,3,0,1,1,0,3,0
17390,0,3,0,0,0,4,0,0,0,2,0,1,0,0,0,0,0,0
17391,0,1,0,0,0,4,0,2,0,4,1,2,1,3,0,0,3,0
17392,4,1,0,0,3,1,0,1,0,1,4,1,0,4,4,0,3,3
17393,0,3,1,0,0,3,4,1,4,2,4,4,0,3,1,0,1,0
17394,4,3,0,3,0,3,0,0,2,4,4,2,1,0,4,1,0,1
17395,0,0,0,0,0,0,0,0,4,4,4,3,0,4,0,0,1,0
17396,0,1,0,0,3,0,0,0,0,4,3,1,0,3,1,0,4,0
17397,4,3,0,0,4,1,0,0,4,2,1,2,1,2,1,0,3,0
17398,0,4,0,0,0,0,0,0,0,0,3,1,0,4,0,0,1,0
17399,0,0,0,0,1,0,0,0,0,2,2,2,0,1,0,0,2,0
17401,0,2,0,0,1,0,1,1,4,2,3,3,1,2,4,0,4,0
17402,0,1,0,0,4,1,0,4,0,1,3,3,0,2,0,0,3,4
17403,0,3,1,0,0,0,2,3,4,2,4,4,4,1,1,0,3,0
17404,0,3,0,0,4,0,0,0,0,2,2,4,0,4,0,0,3,0
17405,0,4,0,0,1,2,0,3,0,3,1,3,0,4,4,0,4,0
17406,0,1,0,0,4,1,4,4,2,1,2,2,0,1,1,0,1,1
17407,0,1,0,0,4,4,0,0,4,2,3,2,1,0,1,1,2,0
17408,3,2,2,0,0,4,0,0,0,1,1,2,3,0,2,2,0,3
17409,0,4,1,0,0,3,0,0,0,2,3,2,4,0,3,0,2,0
17410,0,2,0,1,1,4,0,4,2,3,2,2,2,2,4,1,3,3
17411,0,4,0,0,4,0,0,0,0,3,1,2,0,4,4,0,3,0
17412,0,2,0,0,4,0,0,0,0,2,3,2,0,1,0,0,3,0
17413,0,4,0,0,1,4,0,0,0,4,3,4,0,2,4,0,4,4
17414,0,0,1,0,3,0,0,4,4,3,3,2,0,3,3,0,2,0
17415,0,3,0,0,0,3,0,0,1,2,0,3,2,0,1,3,0,1
17416,0,2,1,0,2,2,4,4,3,2,4,3,1,1,3,0,1,4
17417,0,0,0,0,0,0,0,0,0,1,3,3,0,4,4,0,4,2
17418,0,3,0,0,1,0,1,2,1,2,4,3,0,3,0,0,3,0
17419,0,4,0,0,0,4,0,4,3,4,2,4,0,2,0,0,4,3
17420,0,1,0,0,3,0,0,0,4,4,3,1,0,1,3,4,1,4
17421,0,2,0,0,2,0,0,0,0,2,1,1,0,4,1,0,2,0
17422,0,1,1,0,0,1,0,0,2,1,0,4,2,0,1,2,0,3
17423,0,4,1,1,0,3,0,0,4,1,0,1,3,0,2,1,0,1
17424,0,0,0,0,1,0,0,0,0,1,2,1,0,0,1,0,2,0
17425,0,4,0,0,0,0,0,0,0,0,0,4,1,0,0,0,0,0
17426,0,0,0,0,4,0,4,4,4,4,2,3,0,2,0,0,0,0
17427,0,2,1,0,3,0,0,4,0,1,4,3,0,2,4,0,3,4
17428,0,0,0,0,4,0,0,0,0,4,4,3,0,4,0,0,0,0
17429,0,2,0,0,0,0,0,4,4,1,3,2,0,1,4,0,1,0
17430,0,4,0,0,2,0,0,4,0,3,1,2,0,3,1,0,2,0
17431,0,4,1,0,1,0,4,4,1,2,3,2,0,0,0,0,3,0
17432,0,3,4,0,0,4,0,0,4,1,0,3,2,0,3,1,0,3
17433,0,1,4,0,1,4,0,0,0,2,1,1,4,2,1,0,1,0
17434,0,1,4,0,0,1,0,0,0,0,2,1,0,1,2,0,1,0
17435,4,3,3,3,0,3,4,0,2,3,4,2,4,0,3,1,0,4
17436,0,0,0,0,1,0,0,0,0,2,2,3,4,3,4,0,2,0
17437,0,4,0,0,0,1,0,3,4,1,0,3,1,4,4,0,4,0
17438,0,4,0,0,0,4,0,0,1,1,0,4,4,4,1,0,4,0
17439,0,2,4,4,0,2,0,0,3,3,2,2,3,0,1,1,0,2
17440,0,1,2,1,0,4,0,0,3,2,0,1,1,0,1,1,0,4
17441,0,4,0,0,4,4,4,4,3,4,2,1,0,4,0,0,2,0
17442,0,0,0,0,0,0,0,0,0,3,2,3,0,3,4,0,3,0
17443,0,3,1,0,4,0,0,2,0,2,2,1,0,3,1,0,2,4
17444,0,4,0,0,1,4,0,2,1,3,1,2,0,2,1,0,2,1
17445,0,1,1,0,0,4,0,0,0,1,0,4,3,4,1,0,0,1
17446,1,2,1,2,1,1,0,0,2,4,0,4,1,0,3,1,0,2
17447,0,1,1,0,4,1,0,1,3,1,2,2,0,4,1,0,2,4
17448,0,1,0,0,2,1,0,0,1,1,2,3,0,1,0,0,1,0
17449,0,4,1,0,4,1,0,0,1,2,3,2,0,4,1,0,3,0
17450,1,2,1,0,0,3,1,0,4,3,3,3,4,0,1,4,4,0
17451,0,0,0,0,4,0,0,0,0,3,3,2,0,1,0,0,1,0
17452,0,1,0,0,4,4,0,2,1,2,2,2,0,2,0,0,2,0
17453,0,3,0,0,0,0,0,0,0,3,4,3,0,1,0,0,0,0
17455,0,3,1,0,1,0,0,4,0,2,3,4,0,4,4,0,4,1
17456,0,4,0,0,4,0,0,0,0,4,1,1,0,0,0,0,0,0
17458,0,4,4,0,4,0,0,1,0,4,3,3,0,1,0,0,3,0
17459,0,4,0,0,0,0,0,0,0,3,2,3,0,4,0,0,1,0
17460,0,4,0,0,4,0,0,1,0,3,3,3,4,2,0,0,3,4
17461,0,3,1,0,1,1,0,2,4,2,2,2,0,2,1,0,1,1
17462,4,4,0,0,0,4,0,0,2,1,0,1,4,0,2,3,0,3
17463,2,1,1,0,0,4,0,0,3,3,0,1,3,0,3,4,0,0
17464,4,2,2,0,4,3,0,4,3,4,4,4,3,0,3,0,0,0
17465,0,0,1,0,1,0,0,0,0,2,4,2,0,1,1,0,0,0
17466,0,4,0,0,4,0,0,2,0,3,4,3,0,4,0,0,4,0
17467,0,4,4,0,3,0,0,0,0,3,2,3,0,3,4,0,1,4
17468,0,3,0,0,1,0,0,0,0,1,3,4,0,4,0,0,4,0
17469,0,4,4,0,3,3,0,4,0,3,3,3,0,3,1,0,2,3
17470,0,2,0,0,4,0,0,0,0,2,3,4,0,2,0,0,4,0
17471,1,2,0,0,4,0,0,1,1,3,2,3,0,3,1,0,4,0
17472,0,4,0,0,0,0,0,0,0,4,4,2,0,1,0,0,2,0
17473,0,2,0,0,3,0,0,4,2,3,4,3,0,3,4,0,1,0
17474,0,1,4,0,4,0,0,0,0,2,4,3,0,2,0,0,4,0
17475,0,1,3,0,2,2,0,4,1,4,4,3,1,1,1,0,3,1
17476,0,4,0,0,4,0,0,0,0,3,1,2,0,1,0,0,4,0
17477,0,3,4,0,4,3,1,1,0,2,2,3,4,3,4,0,3,0
17478,0,2,1,0,3,1,0,1,4,1,2,3,0,2,3,0,4,1
17479,0,4,0,0,2,0,0,0,0,3,3,3,0,0,0,0,2,0
17480,0,3,0,0,0,0,0,0,0,4,3,4,1,4,0,0,0,0
17481,1,3,1,0,0,0,0,4,0,2,1,2,0,2,1,0,2,0
17482,0,4,0,0,3,0,0,0,0,4,1,1,0,0,0,0,2,0
17483,0,0,0,0,0,0,0,1,0,3,2,2,0,2,0,0,1,4
17484,4,1,0,0,4,2,0,1,4,2,2,2,4,4,3,0,1,0
17485,0,1,0,0,1,0,0,0,0,2,1,2,1,2,1,0,4,4
17486,0,1,2,0,4,4,0,0,0,2,2,2,4,2,1,0,3,0
17487,0,3,1,4,0,1,0,0,1,2,0,4,1,0,4,1,0,1
17488,0,3,4,0,0,0,0,0,0,2,3,3,0,1,0,0,2,0
17489,0,2,3,0,1,1,4,1,2,2,4,1,0,2,1,0,1,0
17490,3,1,0,0,0,4,0,0,0,3,4,4,0,0,4,0,0,0
17491,0,2,0,0,2,0,1,0,4,1,1,4,1,1,1,0,2,0
17492,2,2,3,2,0,3,0,0,3,1,0,3,4,0,2,4,0,3
17493,0,2,0,0,1,0,0,0,1,2,1,2,0,1,3,0,1,0
17494,0,1,0,0,1,1,0,0,0,3,1,2,1,3,1,1,4,1
17495,0,1,0,0,3,0,0,0,0,3,2,2,0,0,0,0,2,0
17496,0,4,0,0,3,0,0,0,0,3,3,3,0,0,0,0,0,0
17497,0,4,0,0,2,1,0,3,1,3,4,2,0,2,4,0,2,1
17498,0,1,3,0,1,3,0,2,0,2,2,2,0,2,1,0,2,0
17499,0,1,0,0,1,0,0,1,0,2,1,3,0,1,2,0,2,0
17500,2,2,1,0,0,1,0,0,0,2,4,1,4,0,2,0,0,4
17501,0,3,0,0,2,0,0,4,4,2,2,1,0,4,4,0,4,0
17502,0,2,1,0,1,1,0,4,0,3,3,3,1,2,1,0,4,0
17503,0,4,4,0,0,0,0,1,0,3,1,2,0,4,4,0,3,0
17504,0,2,0,0,3,0,0,0,2,3,4,3,0,1,4,0,4,0
17505,1,4,0,0,0,4,0,0,0,4,0,2,3,0,3,0,0,0
17506,0,4,0,0,3,0,0,0,0,3,1,2,0,3,1,0,4,0
17507,0,3,0,0,1,0,0,0,0,4,4,3,0,4,4,0,1,2
17508,0,1,0,0,1,3,0,1,4,3,3,2,0,4,1,0,4,4
17509,0,3,3,4,2,1,0,4,0,4,1,2,1,3,3,1,4,4
17510,0,1,4,0,1,1,0,1,0,2,2,2,1,3,4,0,1,0
17511,0,1,0,0,4,0,0,0,0,1,2,3,0,0,0,0,1,0
17512,0,1,1,0,0,1,4,4,4,2,4,4,4,3,4,0,3,0
17513,0,1,0,0,0,1,0,4,3,1,0,1,1,0,1,3,0,2
17514,1,4,0,0,0,0,0,0,0,1,0,1,3,2,4,1,0,1
17515,0,1,4,0,3,0,0,1,1,2,4,4,0,3,1,0,2,4
17516,0,3,0,0,4,1,0,2,4,3,3,2,0,3,1,0,3,0
17517,0,3,0,0,0,0,0,0,0,2,3,3,1,2,1,0,4,0
17518,0,2,0,0,4,0,0,2,0,1,2,2,0,2,4,0,2,0
17519,0,4,0,0,4,0,0,0,0,2,2,3,0,0,0,0,3,0
17520,0,0,4,0,0,4,0,0,0,3,3,3,0,2,4,0,2,1
17521,0,4,1,1,1,1,0,1,0,3,4,2,1,3,4,0,2,4
17522,1,4,4,1,0,0,0,0,0,3,0,1,2,0,2,2,0,2
17523,0,2,4,0,0,2,0,3,4,2,1,1,0,1,1,0,4,0
17524,0,2,4,0,3,1,0,0,0,3,1,1,0,3,1,0,3,2
17525,0,4,1,0,0,0,0,0,0,3,2,2,0,4,0,0,4,0
17527,0,2,0,0,1,4,0,4,1,2,3,2,0,3,0,0,1,0
17528,0,0,0,0,0,0,0,0,4,4,4,4,3,4,2,0,2,0
17529,0,2,1,0,1,1,4,1,1,4,1,2,3,4,1,1,3,1
17530,1,0,3,0,0,4,0,0,4,1,0,4,3,0,4,4,0,1
17531,0,4,0,0,2,0,0,1,1,4,1,3,2,4,2,0,4,0
17532,0,4,0,0,2,0,0,1,2,3,3,2,0,1,4,0,3,0
17533,1,1,1,0,0,1,0,1,0,1,0,4,1,0,3,4,0,0
17534,0,2,0,0,1,0,0,0,0,1,3,1,0,1,0,0,2,0
17535,4,1,0,0,0,4,0,3,0,3,1,3,4,2,3,0,2,0
17536,0,1,0,0,2,0,4,3,0,3,1,1,0,2,1,0,4,0
17537,0,3,0,1,4,3,0,1,1,2,1,2,2,1,3,3,0,3
17538,0,1,2,0,4,1,0,4,0,3,3,2,0,3,3,0,1,0
17539,0,4,0,0,0,0,0,0,0,0,3,2,0,0,0,0,0,0
17540,1,1,3,3,0,2,0,0,2,4,0,3,2,1,4,2,0,0
17541,0,4,4,0,4,1,0,0,0,3,3,3,0,4,0,0,4,0
17542,0,2,0,0,0,4,1,1,3,3,4,3,4,4,3,0,0,0
17543,0,0,0,0,0,0,0,0,0,0,0,0,0,1,4,0,0,0
17544,0,1,0,0,1,1,0,2,2,1,2,1,2,1,4,1,1,1
17545,0,3,1,0,3,0,0,4,0,3,2,2,0,3,0,0,1,0
17546,0,4,0,0,4,0,0,4,0,2,3,3,0,4,0,0,3,0
17547,4,1,1,0,0,3,0,0,1,4,0,2,2,0,4,0,0,0
17548,0,1,0,0,4,0,0,0,0,2,4,3,0,4,4,0,4,0
17549,2,4,2,1,0,2,0,0,1,4,4,3,2,1,1,1,0,2
17550,1,1,1,3,1,3,0,3,0,1,1,1,3,4,2,1,1,3
17551,3,2,2,3,0,4,0,0,2,2,4,2,3,0,4,3,0,4
17552,0,2,4,0,1,0,0,1,3,4,3,3,1,1,2,0,3,4
17553,0,2,0,0,0,1,0,4,0,3,3,3,0,1,0,0,2,0
17554,0,2,3,2,0,4,0,0,3,1,1,2,3,0,2,1,0,1
17555,0,1,0,0,0,0,0,1,0,2,3,2,0,3,1,0,1,4
17556,2,2,2,4,0,4,0,0,0,1,0,3,4,4,2,2,0,3
17557,0,2,4,0,0,0,0,0,0,1,0,2,3,0,3,0,0,0
17558,0,1,4,1,0,4,0,0,0,1,0,3,1,0,2,4,0,1
17559,1,4,0,4,0,1,0,0,4,4,1,1,1,0,4,4,0,4
17560,3,3,2,3,0,3,0,0,1,4,1,2,4,1,3,0,0,0
17561,4,2,2,4,1,2,0,0,4,1,2,3,1,0,3,3,0,1
17562,1,3,1,3,0,4,0,0,1,1,0,3,2,1,1,1,0,1
17563,1,2,0,1,0,1,0,0,0,3,1,2,1,4,4,1,1,1
17564,1,1,2,3,0,2,4,0,3,1,1,2,2,0,1,2,4,1
17565,0,2,0,0,1,0,0,2,0,3,2,3,0,2,4,0,2,0
17566,3,2,2,0,0,0,0,0,4,3,4,2,4,0,2,0,0,4
17567,0,4,0,0,3,1,0,0,0,1,1,2,0,3,4,0,1,0
17568,4,4,1,2,0,1,0,0,1,2,0,3,1,0,1,3,0,3
17569,1,3,1,2,0,1,0,0,0,4,4,4,2,4,2,2,4,0
17570,0,4,4,0,4,1,0,1,0,2,2,1,1,1,2,0,2,0
17571,1,4,0,2,0,3,0,0,0,4,4,4,3,0,2,1,1,1
17572,0,3,2,2,0,3,0,0,1,2,4,3,3,1,2,1,1,4
17573,1,2,1,0,4,2,0,0,0,2,2,2,1,1,3,3,4,4
17574,4,3,4,2,2,4,0,0,4,4,4,2,4,0,1,0,4,4
17575,2,2,4,3,0,4,0,0,4,4,3,4,4,1,2,4,0,4
17576,3,1,4,3,1,2,0,0,0,2,4,1,1,0,4,1,2,2
17577,0,4,1,0,0,4,0,0,4,3,2,3,1,3,4,1,0,1
17578,0,0,0,0,0,0,0,0,0,2,2,3,1,3,1,0,2,0
17579,4,2,4,1,0,3,0,0,2,2,4,2,1,0,1,3,0,4
17580,3,4,1,1,3,3,0,3,4,3,4,3,4,3,2,4,4,3
17581,0,2,4,0,4,2,1,1,3,3,3,1,0,2,0,0,3,4
17582,0,2,1,0,0,0,0,0,1,3,4,2,3,1,4,1,0,1
17583,0,2,3,3,0,3,0,0,2,1,1,4,4,0,3,0,0,0
17584,0,3,4,4,4,2,0,0,0,2,2,3,2,0,4,1,1,4
17585,0,2,2,3,1,1,0,0,3,2,4,3,3,4,4,3,1,0
17586,1,1,0,4,0,2,0,0,1,2,2,2,1,1,4,1,0,2
17587,0,1,0,0,0,0,0,0,0,1,2,2,0,3,0,0,2,4
17588,1,3,2,0,0,3,0,0,1,3,0,4,4,0,4,0,0,1
17589,0,3,3,0,1,0,1,0,0,2,1,1,1,4,2,0,4,0
17590,0,4,0,1,0,1,0,0,3,3,4,2,1,4,1,1,4,0
17591,0,1,4,2,0,1,0,0,0,2,1,3,4,2,1,1,0,1
17592,0,0,0,0,1,4,0,3,4,3,2,3,0,1,0,0,1,0
17593,3,3,2,0,0,2,0,0,4,4,0,2,2,0,2,4,0,1
17594,0,1,0,0,3,0,0,0,0,3,2,2,0,1,0,0,1,0
17595,0,3,4,0,1,2,1,1,2,1,1,2,2,1,2,4,0,0
17596,4,3,1,0,0,2,0,0,2,3,1,2,1,1,2,2,1,2
17597,4,4,4,3,0,3,0,0,1,1,0,2,4,0,4,3,0,3
17598,1,4,0,1,0,0,1,3,1,4,3,3,4,3,4,1,3,4
17599,2,4,3,3,0,1,0,0,4,2,0,4,3,0,4,4,0,3
17600,4,4,3,2,0,3,0,0,3,1,2,2,2,1,2,4,4,1
17601,4,1,1,0,0,1,0,0,1,2,1,1,4,0,3,4,0,0
17602,4,2,3,2,0,3,0,0,2,4,2,4,2,0,3,4,4,3
17603,0,1,0,0,0,0,0,1,0,2,3,3,0,1,1,1,2,1
17604,0,4,2,1,0,4,0,0,2,1,1,4,1,0,2,4,1,0
17605,4,3,2,0,0,1,0,0,4,2,4,1,3,4,2,0,0,0
17606,4,1,1,4,0,1,0,0,4,1,1,1,4,0,2,1,0,1
17607,0,4,0,0,2,0,0,4,1,4,2,2,0,2,1,0,3,4
17608,0,4,1,0,4,3,0,0,0,4,2,3,0,4,3,0,1,0
17609,1,3,2,4,0,3,0,2,0,1,3,4,4,2,2,4,4,4
17610,4,4,4,1,0,2,0,0,4,2,0,1,2,0,3,0,0,2
17611,0,2,0,0,2,0,0,0,0,3,2,2,0,1,1,0,4,0
17612,4,0,4,1,0,4,0,0,2,1,0,3,3,0,4,3,0,4
17613,0,2,0,0,0,0,0,0,0,2,1,1,0,0,1,0,0,0
17614,2,2,4,0,0,0,0,0,1,2,0,3,3,0,4,1,0,0
17615,0,4,4,0,0,3,1,0,2,2,3,3,1,1,1,0,4,1
17616,0,3,0,0,0,2,0,0,0,1,1,3,1,4,2,1,1,0
17617,3,1,4,4,0,3,0,0,0,4,1,2,1,0,3,4,0,4
17618,2,0,2,1,0,2,0,0,0,4,1,4,2,0,2,4,0,4
17619,0,0,0,0,0,0,0,1,0,3,1,3,0,1,1,0,3,0
17620,2,1,1,0,0,2,0,4,2,4,4,1,1,4,4,4,4,4
17621,4,2,3,4,0,3,0,0,3,1,1,2,1,0,4,2,0,4
17622,1,2,1,4,1,3,0,2,1,1,1,2,1,1,4,1,2,0
17623,0,1,0,0,0,0,0,1,0,2,4,3,0,2,4,0,2,1
17624,0,2,0,0,4,0,0,0,0,1,2,2,0,4,0,0,3,0
17625,4,2,4,0,0,4,3,2,2,3,4,4,4,4,4,3,4,3
17626,0,1,0,0,0,0,0,0,0,0,3,3,1,2,3,0,0,0
17627,0,1,0,0,1,0,0,0,0,2,2,2,0,4,1,0,1,1
17628,0,4,0,0,2,3,0,0,0,3,4,2,0,1,1,4,1,0
17629,4,3,4,2,0,1,0,4,2,2,0,3,1,0,4,1,0,1
17630,0,1,0,0,4,0,1,4,4,3,3,2,0,3,1,0,3,0
17631,0,3,2,3,0,3,0,0,0,4,3,2,4,0,3,3,1,2
17632,0,1,0,0,0,0,0,0,4,3,3,3,2,1,4,0,3,1
17633,0,3,1,0,0,3,0,0,2,2,0,2,1,0,4,4,0,1
17634,1,2,2,0,0,1,0,0,1,2,1,1,4,0,1,1,1,1
17635,0,3,0,0,2,0,0,0,1,3,3,3,0,1,0,0,3,0
17636,0,4,0,0,1,0,0,1,0,3,2,2,0,4,2,0,1,2
17637,0,1,2,0,0,4,0,4,2,1,4,3,2,3,1,3,2,0
17638,1,1,2,4,0,1,0,0,3,1,4,2,3,1,1,3,0,1
17639,1,2,1,1,1,2,0,0,0,4,1,1,3,4,4,1,2,4
17640,0,3,2,0,0,1,0,0,0,2,4,4,3,0,4,4,0,1
17641,4,4,0,1,0,3,0,0,1,2,4,2,3,4,4,4,4,3
17642,0,0,0,0,1,0,0,0,0,3,2,2,0,2,0,0,1,0
17643,0,1,0,0,0,0,0,1,0,3,1,1,0,1,2,0,1,0
17644,0,4,0,0,1,0,0,4,0,1,1,3,0,1,0,0,4,4
17645,0,1,0,0,2,0,0,0,0,2,2,4,0,1,0,0,1,0
17646,4,4,3,2,0,1,0,0,4,2,4,4,3,4,3,1,4,3
17647,0,3,3,0,1,3,0,0,0,4,2,2,2,3,2,0,1,2
17648,0,3,4,2,0,2,0,0,0,3,0,4,2,1,3,4,0,0
17649,0,1,0,0,4,0,0,0,0,2,2,2,1,2,1,0,3,0
17651,0,3,0,2,0,1,0,0,0,3,4,1,1,0,4,1,0,0
17652,0,1,0,0,0,0,0,1,0,3,2,2,0,3,4,0,2,4
17653,0,1,4,0,0,0,0,4,4,1,4,4,4,4,4,0,4,0
17654,4,2,3,1,0,4,0,0,0,2,0,1,4,0,1,4,0,0
17655,0,4,0,0,0,0,0,0,0,1,4,3,0,2,1,0,3,0
17656,1,1,1,1,0,1,0,0,2,4,0,1,2,0,1,3,0,2
17657,0,0,0,0,0,0,0,0,1,4,4,3,0,4,0,0,1,0
17658,0,3,0,0,2,2,0,4,0,3,3,3,4,4,3,0,2,1
17659,0,3,3,0,0,1,0,0,0,1,4,1,1,0,1,2,0,1
17660,0,1,0,0,0,0,0,0,0,3,1,3,3,4,4,0,1,0
17661,1,0,1,0,0,0,0,0,0,1,4,3,3,0,1,0,0,1
17662,0,3,1,0,1,0,0,2,0,2,3,3,0,4,0,0,4,0
17663,0,3,4,0,0,4,0,0,0,1,4,4,1,4,2,3,4,1
17664,0,1,4,0,1,1,4,1,2,2,1,1,0,1,2,0,0,0
17665,0,1,0,0,0,0,1,3,3,1,2,2,0,3,1,0,2,0
17666,0,1,0,0,4,0,0,0,1,2,3,4,0,2,0,0,2,0
17667,0,1,1,0,3,0,0,4,4,4,3,3,0,1,4,0,4,1
17668,0,2,0,0,2,1,1,1,2,2,2,2,0,3,4,0,4,0
17669,0,3,0,0,1,0,0,0,0,2,4,4,0,1,0,0,4,4
17670,0,1,1,0,1,1,0,0,0,1,3,3,1,0,1,0,4,0
17671,0,1,1,0,1,4,0,4,0,1,2,3,0,3,4,0,2,4
17672,0,1,4,0,1,4,0,0,0,4,3,4,2,4,4,4,3,0
17673,0,4,0,0,3,1,0,1,0,3,3,4,0,0,1,0,3,0
17674,0,2,0,0,1,0,0,1,2,3,3,3,0,1,0,0,2,0
17675,0,1,0,0,1,0,0,1,1,2,3,3,0,2,1,0,3,0
17676,0,2,4,0,0,1,0,0,0,2,0,2,2,0,4,1,0,2
17677,0,2,3,1,0,2,0,0,0,2,4,1,1,0,2,0,0,1
17678,0,4,1,0,1,4,0,0,3,3,3,4,0,4,4,0,1,0
17679,0,4,1,0,2,1,0,0,4,4,3,3,0,2,0,0,1,4
17680,0,1,0,0,2,1,0,1,3,4,2,3,0,3,0,0,2,0
17681,0,1,0,0,0,0,0,1,0,4,1,2,0,4,4,0,2,0
17682,0,3,0,0,4,4,0,4,0,1,2,3,0,4,1,0,3,4
17683,0,4,0,0,2,1,0,1,0,1,4,3,0,2,2,0,3,0
17684,0,4,2,0,1,1,0,2,1,1,1,2,0,2,1,0,3,0
17685,0,3,0,0,1,0,0,1,0,3,4,3,0,3,2,0,3,0
17686,0,0,4,0,3,3,1,1,0,3,3,2,0,2,4,0,3,4
17687,0,2,2,0,3,2,0,0,0,2,3,2,3,2,4,0,2,4
17688,0,4,0,0,4,0,0,4,1,2,1,3,0,1,4,0,3,0
17689,0,3,4,0,4,0,0,3,1,3,2,2,4,1,0,0,4,0
17690,0,3,0,0,0,0,0,0,1,4,1,1,3,0,3,2,0,0
17691,0,1,0,0,1,1,0,4,0,2,4,3,0,4,1,0,4,4
17693,0,2,1,0,1,0,4,2,4,4,3,3,0,4,1,0,2,2
17694,0,4,0,0,4,1,0,4,0,3,3,4,1,2,4,0,3,1
17695,0,2,4,0,1,4,0,3,1,3,2,1,1,2,2,0,1,4
17696,0,0,0,0,2,1,0,4,0,2,2,2,0,3,1,0,4,0
17697,0,1,0,0,0,0,0,4,0,4,3,2,0,4,1,0,1,0
17698,0,2,0,0,0,4,1,1,0,2,3,2,0,3,0,0,2,0
17699,1,3,0,0,2,0,0,1,0,1,4,2,0,4,4,0,1,0
17700,0,1,1,0,4,1,0,1,0,3,2,2,0,2,1,0,2,4
17701,0,4,0,0,3,0,0,3,0,4,2,3,0,2,4,0,4,0
17702,0,0,0,0,0,0,0,1,0,2,2,2,0,2,0,0,3,0
17703,0,1,0,0,0,0,0,0,0,3,2,3,0,1,0,0,3,0
17704,0,4,0,0,3,0,1,2,3,3,2,2,0,3,0,0,3,0
17705,0,4,0,0,4,1,1,4,3,2,2,2,0,4,2,0,2,0
17706,0,0,0,0,1,1,1,2,4,2,2,3,0,2,1,0,2,0
17707,2,3,1,0,0,1,0,0,0,4,0,4,2,0,3,3,0,4
17709,0,1,1,0,1,0,0,1,4,2,2,1,0,1,1,0,1,0
17710,0,3,0,0,4,4,4,3,4,2,3,3,0,2,0,0,3,0
17711,0,1,1,0,4,1,0,2,3,1,4,3,0,4,0,0,3,0
17712,0,2,0,0,0,4,4,3,1,1,1,1,0,4,4,0,2,0
17713,0,0,0,0,0,0,0,1,0,0,2,2,0,4,0,0,3,0
17714,0,0,0,0,0,0,0,2,0,0,3,2,0,1,0,0,1,0
17715,0,2,1,0,0,1,0,0,1,3,0,1,4,0,1,1,0,3
17716,0,4,0,0,2,4,0,4,4,2,4,3,0,3,1,0,2,4
17717,0,3,0,0,4,1,0,1,2,1,3,1,0,2,4,0,2,0
17718,0,1,0,0,4,0,0,0,0,3,4,1,0,3,1,0,3,0
17719,0,1,0,0,1,0,0,2,0,3,3,2,0,3,3,0,3,0
17720,0,0,0,0,2,0,0,4,0,2,4,4,0,1,0,0,2,0
17721,0,4,4,0,1,0,0,0,0,1,2,3,0,2,3,0,3,0
17722,0,4,0,0,1,1,0,1,3,3,3,3,0,2,1,0,3,2
17723,0,4,0,0,0,0,0,0,0,3,4,3,4,1,1,0,2,0
17724,0,1,4,1,0,4,0,0,4,3,0,3,3,4,2,0,0,0
17725,0,3,0,0,3,0,0,4,0,4,4,2,0,1,1,0,2,0
17726,0,2,2,2,0,2,0,0,1,1,1,1,1,4,1,1,0,4
17727,0,0,0,0,4,0,0,4,0,3,4,3,0,2,3,0,3,4
17728,1,2,0,0,2,3,1,3,3,2,1,2,4,3,4,4,3,1
17729,4,4,0,0,0,0,0,4,4,4,3,2,4,2,4,1,3,0
17730,1,2,3,0,0,4,0,0,0,3,4,4,4,0,3,0,0,0
17731,0,1,0,0,1,0,0,0,0,2,1,2,0,3,1,0,4,0
17732,0,3,4,0,1,0,4,1,1,1,4,3,0,3,1,0,2,0
17733,0,3,1,0,3,4,0,4,0,1,4,2,0,1,2,0,3,3
17734,0,1,4,0,4,0,1,4,0,1,1,1,0,3,0,0,3,0
17735,0,1,0,0,0,0,0,1,0,2,2,2,0,1,0,0,3,0
17736,0,4,0,0,3,1,0,0,4,3,1,3,4,1,4,0,2,1
17737,0,1,4,0,1,0,0,4,0,2,3,3,0,3,2,0,3,1
17738,4,2,0,0,3,1,4,3,3,3,2,2,4,4,0,0,3,0
17739,0,0,0,0,0,4,0,3,4,2,3,4,0,3,0,0,3,0
17740,0,4,0,2,0,0,0,0,0,3,3,3,4,2,4,0,2,0
17741,0,1,0,0,1,1,0,1,0,3,3,3,4,1,1,0,4,3
17742,0,3,0,0,0,0,0,1,4,2,2,3,0,3,0,0,1,0
17743,0,4,0,0,1,0,0,3,3,4,3,4,4,1,0,0,4,4
17744,0,3,4,0,4,4,0,4,0,2,3,3,0,3,4,0,1,1
17745,0,4,0,0,1,0,0,4,0,4,1,2,0,1,0,0,1,1
17746,0,3,0,0,0,0,0,0,0,4,2,3,0,4,4,0,4,0
17747,0,4,0,0,3,0,0,1,0,2,2,2,0,3,1,0,3,0
17748,0,4,0,0,3,4,1,0,1,3,3,4,0,2,0,0,4,0
17749,0,1,4,0,1,1,0,1,0,2,2,2,0,2,4,0,3,4
17750,0,3,1,0,0,0,4,4,1,1,3,3,0,2,0,0,3,0
17751,0,4,4,0,0,0,0,3,0,3,4,2,0,2,4,0,2,4
17752,0,1,0,0,1,4,0,4,4,3,3,3,1,3,4,0,1,4
17753,0,2,2,1,0,1,0,1,1,3,4,4,0,4,4,0,3,4
17754,0,4,0,0,0,4,0,1,0,0,3,1,0,0,0,0,4,0
17755,0,1,4,0,4,0,0,2,4,3,3,2,0,3,4,0,1,0
17756,1,1,4,0,0,4,0,1,1,1,2,1,0,1,1,0,3,0
17757,0,2,0,0,1,0,0,3,4,3,2,2,1,3,2,0,1,0
17758,0,1,0,0,2,0,0,0,0,2,1,2,0,3,0,0,2,0
17759,0,1,0,0,2,3,4,1,2,2,3,3,0,2,4,0,3,2
17760,0,2,0,0,0,4,4,3,3,1,3,2,0,2,0,0,1,1
17761,0,4,4,0,4,1,0,2,4,2,3,3,0,2,1,0,1,0
17762,0,4,4,0,3,1,0,1,0,3,4,2,0,3,1,0,2,1
17763,0,2,1,0,3,1,0,2,3,3,1,2,0,3,4,0,2,0
17764,0,4,4,0,0,0,1,4,1,4,3,3,4,2,1,0,3,0
17765,0,1,0,0,0,0,0,1,0,4,3,3,4,2,2,0,2,0
17766,0,3,0,0,3,3,4,3,3,2,3,2,0,2,0,0,4,0
17767,0,4,4,0,1,1,0,0,0,4,2,3,4,1,2,0,0,0
17768,0,1,0,0,4,1,0,3,0,4,4,4,0,4,4,0,4,4
17769,0,3,0,0,0,0,1,1,0,2,2,3,0,1,1,0,2,0
17770,4,4,1,0,0,4,0,0,3,4,0,4,4,0,1,0,0,0
17771,0,4,0,0,3,0,1,4,1,2,4,3,4,4,0,0,4,0
17772,0,1,2,0,1,1,0,3,2,2,2,1,0,3,1,0,2,0
17773,0,4,0,0,0,4,0,2,4,1,3,2,0,0,0,0,0,0
17774,0,2,4,0,1,1,0,1,0,2,2,2,0,3,0,0,2,4
17775,0,4,0,0,3,0,0,0,0,3,2,2,0,2,0,0,3,1
17776,0,3,4,0,0,0,0,1,0,2,3,2,0,2,0,0,4,4
17777,4,2,4,4,0,2,0,0,0,1,4,2,2,1,3,1,0,1
17778,4,2,2,0,1,1,0,0,0,2,3,2,1,1,4,2,0,3
17779,0,1,0,0,0,1,0,0,0,2,2,2,4,2,4,0,2,0
17780,0,3,4,0,4,4,1,4,0,3,3,4,4,1,1,0,1,0
17781,0,1,0,0,0,1,0,4,4,2,2,4,0,1,0,0,3,0
17782,0,4,4,0,0,0,0,3,2,2,4,2,0,2,0,0,2,0
17783,0,4,0,0,0,0,0,0,0,2,3,4,1,3,4,0,2,0
17784,0,0,0,0,0,0,2,0,1,3,4,2,0,4,4,0,4,0
17785,0,0,1,0,0,1,0,1,0,1,4,1,1,4,0,0,3,0
17786,0,4,0,0,1,3,0,0,0,3,2,2,0,2,0,0,3,0
17787,0,4,0,0,0,0,0,1,1,1,1,3,1,1,1,0,4,0
17788,0,0,0,0,4,0,0,0,0,2,3,2,0,3,4,0,3,0
17789,0,4,0,0,0,4,0,0,0,0,4,3,0,2,0,0,1,0
17790,0,3,0,0,1,0,4,1,4,3,3,3,4,2,4,0,4,0
17791,0,2,1,0,4,1,4,2,2,2,2,2,0,2,1,0,4,0
17792,0,4,0,0,1,0,0,2,3,2,2,2,0,4,2,0,3,0
17793,0,4,4,0,0,0,0,3,0,3,2,3,0,3,4,0,2,0
17794,0,1,1,0,0,1,0,0,0,1,4,3,0,4,1,0,2,0
17795,0,1,0,0,0,0,0,0,0,1,2,2,0,2,4,0,1,0
17796,0,2,0,0,3,0,0,1,1,1,2,1,0,3,4,4,1,0
17797,0,1,0,0,0,1,0,3,1,4,1,2,0,2,4,0,3,0
17798,0,3,4,0,0,0,0,1,0,4,2,3,4,2,1,0,3,4
17799,0,3,0,0,1,0,0,1,1,2,1,3,0,1,0,0,1,0
17800,0,2,0,0,1,0,0,1,3,2,3,1,0,1,4,0,3,4
17801,1,1,4,0,0,0,0,1,3,0,1,1,4,1,0,1,1,0
17802,0,4,4,0,1,0,4,2,4,3,1,4,0,4,3,0,4,4
17803,0,1,0,0,0,1,0,4,0,1,1,2,0,3,1,1,4,3
17804,0,4,0,0,0,0,0,0,0,3,2,2,0,2,0,0,1,0
17805,0,4,3,0,1,3,4,4,4,1,3,3,0,3,1,0,3,1
17806,0,4,0,0,1,0,0,0,0,4,2,3,0,3,4,0,2,1
17807,0,0,0,0,0,0,0,0,0,0,3,3,0,4,0,0,1,0
17808,0,1,1,0,0,1,0,0,0,2,4,2,1,0,1,4,0,1
17809,0,4,0,0,1,0,0,1,0,1,2,2,0,3,0,0,2,1
17810,0,4,0,0,3,1,0,0,0,3,2,4,4,2,3,0,3,0
17811,0,0,0,0,3,0,0,0,4,1,1,2,0,1,4,0,1,0
17812,0,1,1,0,2,0,0,3,0,3,4,4,0,2,3,0,2,0
17813,0,4,0,0,1,1,4,4,4,3,3,2,4,3,0,0,3,4
17814,0,3,0,0,0,0,4,3,4,3,2,3,0,3,1,0,3,0
17815,0,4,0,0,4,1,0,4,4,1,1,3,0,4,4,0,2,3
17816,0,2,0,0,3,0,0,4,0,1,3,4,0,4,0,0,1,0
17817,0,2,0,0,1,2,0,2,0,4,2,2,0,3,0,0,2,2
17818,0,4,3,0,3,1,1,2,0,2,1,2,0,3,1,0,2,0
17819,0,3,0,0,0,1,0,0,0,4,4,3,0,4,4,0,3,0
17820,0,4,0,0,4,4,0,1,0,2,2,3,0,2,0,0,2,0
17821,0,3,1,0,4,1,0,0,0,3,1,2,4,3,4,0,4,4
17822,0,2,0,0,1,0,0,0,0,3,1,1,0,1,0,0,3,3
17823,0,3,0,0,3,0,0,0,4,3,3,3,0,3,0,0,2,0
17824,0,2,0,0,1,1,4,2,1,4,3,1,0,1,0,0,1,0
17825,0,1,0,0,0,0,0,1,0,4,4,3,0,2,2,0,2,0
17826,0,3,1,0,1,0,0,3,2,3,2,2,0,1,4,0,2,0
17827,0,2,0,0,2,0,0,1,0,4,3,2,0,2,0,0,3,0
17828,0,1,0,0,0,0,0,4,0,2,3,3,0,4,0,0,3,0
17829,0,4,0,0,0,4,0,4,4,1,3,2,0,4,1,0,1,0
17830,0,4,0,0,0,1,0,0,0,1,3,1,1,1,0,0,0,0
17831,0,1,0,0,1,0,0,2,4,4,2,2,0,4,0,0,1,0
17832,0,4,1,2,0,1,0,0,4,3,0,4,1,4,1,1,0,1
17833,0,4,0,0,0,0,4,0,0,2,2,2,0,1,0,0,3,0
17834,0,0,0,0,4,3,0,0,0,3,3,4,0,1,0,1,3,0
17835,0,3,4,0,4,2,1,1,2,4,4,4,1,1,2,0,4,0
17836,0,3,2,0,1,0,0,0,0,3,3,3,0,1,4,0,2,0
17837,0,2,3,0,4,1,0,1,3,4,4,3,0,3,1,0,4,0
17838,0,4,0,0,1,0,0,0,0,3,4,4,0,1,1,0,4,0
17839,0,0,0,0,0,1,0,0,0,4,4,3,0,3,4,0,0,0
17840,0,3,0,0,3,0,0,0,0,4,2,3,0,1,0,0,4,1
17842,0,3,4,0,2,0,0,0,0,2,1,2,0,1,2,0,1,0
17843,0,1,0,1,1,1,4,1,4,2,2,2,4,2,4,0,3,0
17844,4,1,4,0,2,4,0,1,2,4,4,4,4,1,4,0,3,1
17845,0,1,0,0,4,0,0,0,0,2,3,2,0,2,0,0,2,0
17846,0,4,0,0,0,0,0,4,0,2,2,2,0,1,4,0,4,0
17847,0,2,0,0,3,0,0,4,0,2,3,3,0,3,1,0,2,0
17848,0,1,4,0,3,1,0,0,0,1,2,3,4,4,3,0,1,1
17849,4,0,0,0,4,0,0,1,0,4,3,3,0,1,0,0,1,0
17850,0,2,1,0,1,0,0,0,1,2,2,3,0,4,1,0,3,0
17851,0,4,3,0,0,1,0,0,0,3,4,2,0,3,4,4,3,0
17852,0,4,0,0,1,0,4,4,0,2,2,2,0,3,2,0,3,3
17853,0,4,1,0,0,0,0,0,4,3,4,4,1,3,4,0,0,0
17854,0,0,0,0,3,0,0,0,0,1,2,3,0,1,0,0,3,0
17855,0,4,2,0,0,0,0,1,0,1,3,3,0,1,2,0,1,0
17856,0,4,1,0,0,4,0,0,0,0,4,4,0,2,1,0,4,0
17857,0,4,1,0,4,0,0,1,1,2,2,2,0,2,4,0,3,1
17858,3,1,4,4,0,1,0,1,0,3,1,2,4,2,4,2,1,3
17859,0,3,0,0,1,0,0,0,0,4,2,3,0,3,1,0,4,2
17860,0,0,0,0,4,0,0,0,0,3,2,2,0,4,0,0,2,0
17861,0,3,0,0,2,0,0,2,0,2,2,2,0,1,0,0,2,0
17862,0,2,4,0,3,1,0,1,0,2,4,3,0,4,4,0,4,0
17863,0,2,2,0,4,3,0,1,0,2,4,3,1,1,1,3,4,4
17864,0,2,4,0,4,1,0,4,0,3,3,3,0,3,1,0,3,0
17865,0,3,0,0,4,4,0,2,3,1,1,3,1,4,1,0,1,3
17866,0,1,0,0,1,0,0,1,0,1,4,3,0,4,0,0,4,4
17867,0,0,0,0,0,0,0,0,0,2,1,3,0,2,0,0,3,0
17868,0,2,4,0,0,4,0,3,3,3,4,3,0,3,4,0,4,4
17869,0,4,0,0,0,4,3,4,4,3,4,4,4,3,4,1,3,1
17870,0,1,2,0,0,3,0,0,2,3,0,3,3,0,2,1,0,2
17871,4,1,4,0,0,0,0,0,0,2,0,2,1,0,0,0,0,4
17872,0,0,1,0,4,0,0,4,0,4,3,3,0,1,0,0,3,0
17873,0,4,4,0,4,4,0,0,0,4,4,4,0,3,0,0,3,0
17874,0,3,1,0,1,4,0,4,0,2,4,4,4,3,2,0,4,2
17875,0,4,2,0,0,0,0,0,0,1,4,4,0,4,4,0,4,0
17876,0,3,2,0,0,4,0,0,4,3,4,2,3,0,1,0,0,0
17877,4,4,1,0,0,1,4,3,4,3,1,4,4,2,4,0,1,0
17878,0,2,4,0,3,3,0,4,0,3,3,3,0,4,0,0,3,0
17879,0,0,0,0,4,1,0,1,4,4,3,4,0,2,1,0,3,0
17880,0,4,0,0,4,0,1,3,1,1,3,3,0,2,0,0,4,0
17881,0,4,3,0,3,0,0,1,0,3,2,2,0,3,4,0,1,1
17882,0,3,0,0,1,4,0,0,0,3,2,3,0,3,2,0,3,0
17883,0,1,0,0,4,0,0,0,0,3,3,3,0,1,0,0,4,0
17884,0,1,1,0,1,1,1,1,1,1,1,1,4,1,0,0,1,1
17885,0,3,0,0,4,3,4,1,1,1,3,4,0,4,4,1,3,0
17886,0,3,0,0,4,4,0,2,0,1,3,3,0,4,0,0,3,0
17887,0,1,0,0,4,0,0,0,0,2,2,2,0,3,1,0,3,0
17888,0,4,0,0,4,0,0,1,0,0,4,3,0,2,0,0,4,1
17889,0,4,0,0,4,1,0,4,0,3,2,4,0,3,0,0,2,4
17890,0,3,0,0,4,0,0,0,1,2,2,2,0,2,0,0,2,0
17891,0,0,0,0,1,0,0,0,0,3,2,2,0,4,3,0,3,1
17893,0,4,0,0,0,0,0,2,0,4,0,4,0,1,4,0,0,0
17894,1,1,4,0,4,0,0,4,4,1,2,2,4,3,1,0,3,0
17895,0,4,0,0,4,0,0,1,1,2,1,3,0,3,1,0,4,1
17896,1,3,3,1,4,1,0,0,1,3,4,3,4,4,3,1,0,0
17897,0,1,0,0,1,0,0,0,0,3,4,1,0,1,4,0,2,0
17898,0,2,4,0,4,1,0,4,0,2,2,2,0,1,1,0,3,0
17899,0,4,0,4,4,0,0,1,0,2,3,2,4,3,1,0,3,1
17900,0,1,4,0,0,1,0,1,1,3,1,3,0,3,1,0,3,0
17901,0,4,0,0,2,4,0,1,0,3,3,4,3,1,1,0,3,4
17902,0,3,0,0,0,4,0,4,4,2,3,3,0,3,0,0,1,0
17903,0,0,0,0,3,0,0,0,0,4,3,3,1,4,1,0,4,0
17904,1,4,2,0,0,2,0,0,4,2,0,2,2,0,4,1,0,4
17905,0,1,1,0,0,0,0,0,0,1,1,1,0,3,4,0,2,0
17906,0,1,0,0,0,0,0,0,0,3,2,3,0,3,4,0,3,0
17907,0,4,0,0,0,0,0,1,0,3,4,2,0,3,0,0,3,0
17908,0,1,0,0,3,0,0,0,4,4,3,3,0,1,4,0,3,0
17909,0,4,0,0,0,0,0,0,0,3,2,3,1,0,1,0,4,0
17910,0,3,4,0,1,3,0,1,4,1,4,3,0,4,1,0,4,0
17911,0,2,0,0,1,0,0,1,0,3,3,2,0,4,1,0,2,0
17912,0,1,0,0,1,1,0,1,0,2,2,2,0,4,0,0,2,0
17913,0,2,4,0,1,4,0,0,4,1,1,2,0,3,2,0,1,0
17914,0,2,0,0,4,1,0,0,0,1,2,2,0,4,0,0,1,0
17915,0,2,4,0,1,3,0,0,0,3,2,3,4,0,3,4,4,0
17916,0,1,0,0,3,0,0,0,4,2,4,2,0,2,1,0,3,1
17917,0,4,1,0,0,0,0,0,0,1,1,1,0,4,1,0,1,0
17918,0,2,4,0,2,1,0,3,3,2,2,2,0,2,1,0,1,0
17919,0,1,0,0,4,0,0,4,0,2,3,4,0,3,0,0,1,0
17920,0,3,4,0,4,0,0,3,3,1,2,3,0,3,4,0,1,0
17921,0,1,4,1,0,4,0,0,2,1,0,4,3,0,4,3,0,3
17922,0,2,1,0,3,0,0,0,0,1,1,1,0,1,0,0,2,4
17923,0,3,0,4,0,4,2,2,4,2,2,2,0,2,4,0,1,0
17924,2,3,1,0,2,0,0,0,0,1,3,2,3,0,1,4,1,0
17925,0,4,0,0,0,4,1,1,3,2,3,2,0,1,4,0,3,0
17926,0,4,4,0,3,0,0,0,0,2,3,2,0,4,0,0,2,0
17927,0,2,1,0,1,0,0,2,4,2,3,2,1,1,3,0,1,1
17928,0,4,0,0,3,4,4,4,4,4,4,4,0,4,4,0,4,4
17929,0,3,0,0,2,0,0,3,1,3,2,2,0,1,1,0,3,0
17930,1,3,1,1,4,3,0,1,0,3,4,3,3,1,2,2,3,2
17931,0,1,0,0,3,0,0,4,0,4,4,3,0,2,3,0,1,1
17932,0,2,2,3,0,4,0,0,0,2,1,2,2,1,2,3,1,3
17933,0,1,0,0,0,0,4,2,3,3,3,2,0,2,0,0,2,1
17934,0,1,1,0,0,0,0,2,0,2,3,2,4,1,4,0,3,4
17935,0,2,3,0,0,1,0,0,1,2,4,4,4,4,2,0,3,0
17936,4,3,4,0,3,0,0,4,4,2,2,3,1,4,4,0,0,0
17937,0,1,0,0,0,0,0,0,0,1,2,3,0,4,0,0,1,0
17938,4,3,4,4,2,4,4,4,3,4,4,3,2,4,3,4,0,1
17939,0,3,0,0,2,0,0,0,0,2,2,2,0,1,0,0,2,0
17940,0,0,1,0,0,3,4,4,3,3,4,4,2,4,2,1,4,0
17941,0,3,0,0,0,0,0,0,0,4,2,2,0,1,4,0,4,0
17942,0,4,4,0,2,0,0,1,0,3,3,3,0,3,4,0,3,1
17943,0,3,0,0,1,0,0,0,0,4,1,1,0,1,4,0,2,0
17944,0,4,1,0,4,0,0,4,0,3,4,3,0,4,1,0,4,0
17945,0,4,0,0,0,0,0,1,0,3,3,2,0,4,0,0,2,0
17946,4,4,1,3,4,3,0,0,1,4,4,4,2,0,3,0,0,1
17948,0,2,0,0,4,0,0,2,0,3,2,2,0,1,0,0,2,0
17949,0,1,4,0,2,3,0,0,0,2,2,2,1,3,3,0,4,4
17950,0,0,0,0,0,3,3,3,2,1,2,4,0,1,1,0,2,0
17952,0,4,0,0,4,0,0,0,0,3,4,2,0,0,0,0,1,0
17953,0,4,0,0,0,0,0,2,0,2,3,2,0,2,4,0,1,0
17954,0,3,3,0,0,1,0,0,2,2,0,2,1,0,3,0,0,0
17955,0,0,1,0,0,1,0,0,1,4,2,4,0,4,0,0,3,0
17956,4,2,1,1,2,2,0,0,0,1,3,3,3,0,1,4,4,2
17957,0,3,0,0,1,0,0,0,4,4,2,3,0,3,0,0,0,0
17958,0,2,0,0,0,1,0,0,4,3,4,4,0,0,4,0,0,0
17959,0,0,0,0,0,0,0,0,0,0,1,4,0,4,4,0,4,0
17960,4,3,0,0,0,0,0,0,0,3,4,3,4,0,3,0,3,0
17961,0,1,0,0,4,0,4,0,0,2,3,3,0,4,0,0,1,0
17962,0,3,0,1,0,1,0,2,0,3,3,3,2,3,1,0,3,1
17963,0,1,1,0,0,2,4,4,4,1,1,1,0,1,0,0,1,1
17964,0,2,2,1,1,1,0,0,0,2,3,2,1,1,1,2,4,1
17966,0,4,0,0,0,0,0,0,0,3,4,4,0,0,0,0,3,0
17967,0,0,0,0,1,0,0,0,0,1,2,2,0,4,0,0,1,0
17968,0,1,0,0,3,0,0,0,0,4,4,4,0,4,0,0,2,0
17969,0,3,0,0,4,1,0,0,0,3,3,2,0,3,4,0,4,0
17970,0,1,1,0,2,0,0,0,0,1,3,3,0,1,0,0,1,0
17971,0,3,4,0,0,1,0,0,4,3,1,1,2,1,4,3,1,1
17972,1,3,1,0,0,2,0,0,0,2,1,1,2,3,3,4,0,0
17973,0,0,0,0,0,0,4,3,4,3,2,2,0,0,0,0,1,0
17974,0,1,4,0,4,0,0,0,4,3,3,4,0,3,4,4,0,4
17975,0,4,3,4,0,3,0,0,0,3,0,2,1,0,3,3,0,0
17976,0,1,1,0,0,4,0,3,0,1,3,2,0,3,1,0,1,4
17977,0,1,4,0,4,0,0,4,4,4,4,4,1,4,4,0,2,0
17978,1,2,2,1,0,2,0,0,3,1,0,4,3,0,2,1,0,2
17979,0,2,2,0,0,4,0,4,0,2,2,2,4,2,3,1,2,1
17980,0,4,2,0,2,4,0,0,4,3,2,3,0,2,3,0,4,2
17981,0,4,0,0,0,0,0,0,0,2,1,3,4,4,4,0,3,0
17982,0,2,0,0,2,0,0,3,0,4,2,2,4,4,0,0,3,0
17983,0,1,0,0,4,0,0,0,0,1,4,1,0,1,0,0,0,0
17984,1,2,0,0,3,0,0,0,0,3,2,2,0,2,0,0,1,0
17985,1,4,2,3,0,2,0,0,1,2,4,4,3,1,1,0,1,3
17986,1,4,2,0,0,3,0,0,3,3,0,4,2,0,3,4,0,3
17987,0,2,0,0,4,1,0,0,0,1,1,1,0,1,0,0,1,0
17988,1,1,2,2,0,3,0,0,0,2,0,3,3,0,3,1,0,3
17989,0,1,1,0,0,0,0,0,0,2,1,2,4,1,3,0,4,2
17990,0,4,4,1,0,1,0,0,0,0,1,3,1,3,4,1,0,1
17991,0,0,0,0,3,0,0,0,0,1,3,2,0,1,0,0,4,0
17993,0,1,0,0,0,2,0,4,0,4,4,3,0,3,4,0,2,3
17996,0,4,0,0,0,2,0,0,0,1,0,1,2,0,2,2,0,4
17997,0,4,0,0,1,0,0,4,4,1,3,3,0,3,4,0,4,0
17998,0,3,0,0,4,0,0,0,3,1,2,2,0,4,1,0,1,0
17999,0,4,0,0,0,4,0,0,0,1,3,2,0,2,0,0,2,0
18000,0,2,0,0,0,0,0,0,0,1,1,3,0,0,0,0,0,0
18002,0,1,0,0,0,0,0,0,3,0,3,3,3,3,3,0,0,0
18003,0,4,0,0,0,4,0,0,0,2,2,4,4,3,0,0,3,0
18004,0,1,0,0,1,0,0,0,0,2,3,2,0,2,0,0,3,1
18005,0,0,0,0,0,0,0,0,0,2,2,2,0,0,0,0,3,0
18006,0,1,0,0,4,0,0,0,0,1,2,3,0,0,0,0,1,0
18007,0,1,4,0,4,4,0,0,0,3,2,1,4,4,4,0,2,0
18008,0,1,4,0,1,0,0,0,0,1,2,2,0,0,0,0,0,0
18009,0,4,0,0,4,0,0,0,0,1,1,2,1,3,3,0,1,0
18010,0,4,0,0,4,0,0,0,0,0,3,3,4,3,4,0,0,0
18011,0,2,0,0,3,0,4,0,4,2,2,2,0,1,0,0,3,0
18012,0,3,0,0,1,1,0,1,1,3,3,2,0,3,0,0,4,0
18013,0,4,4,4,1,4,0,3,4,1,3,3,4,4,1,0,1,1
18014,0,4,0,0,0,1,0,0,0,2,2,2,0,4,0,0,3,0
18015,0,4,0,0,1,0,0,4,4,4,3,4,0,0,0,0,1,0
18016,4,4,1,0,0,2,0,0,2,1,1,2,3,1,1,1,1,0
18017,0,4,1,0,4,1,0,0,0,4,4,4,0,4,1,0,1,0
18018,0,0,0,0,1,0,0,0,0,1,1,1,1,1,1,0,1,0
18019,0,0,0,0,0,0,0,0,0,4,4,3,0,0,3,0,0,0
18020,0,4,0,0,4,0,0,1,4,2,3,4,0,4,1,0,4,0
18021,0,1,0,0,2,0,0,1,0,2,3,2,0,1,0,0,2,0
18022,4,2,3,0,0,3,0,0,0,1,0,4,4,0,4,0,0,0
18023,0,4,0,0,4,0,4,4,4,3,1,4,0,3,4,0,0,0
18024,0,4,0,0,4,3,0,0,0,3,3,2,0,1,1,1,4,0
18025,0,1,0,0,4,0,0,0,0,0,3,2,0,0,0,0,0,0
18026,0,1,1,0,4,1,0,4,4,2,3,2,0,4,1,0,4,0
18027,0,4,0,0,1,0,1,4,1,2,4,3,0,2,4,0,3,0
18028,0,1,0,0,4,0,0,1,0,2,3,1,0,3,0,0,1,0
18029,0,4,1,0,4,4,0,0,0,3,4,3,1,1,4,0,4,0
18030,0,3,1,0,1,0,0,4,4,2,1,3,0,4,4,0,2,0
18031,0,1,0,0,3,0,0,4,0,1,2,2,0,4,4,0,3,0
18032,0,4,0,0,4,0,0,0,0,1,4,4,0,0,0,0,4,0
18033,0,0,0,0,0,0,0,0,0,0,3,1,0,0,0,0,0,0
18034,0,4,0,0,2,1,1,2,3,3,3,3,0,4,1,0,4,4
18035,0,4,0,0,4,4,4,0,0,3,3,3,4,2,1,0,4,0
18036,0,1,0,0,1,0,0,0,4,1,1,2,0,3,4,0,1,0
18037,0,2,0,0,4,1,0,0,0,4,2,3,0,2,1,0,1,0
18039,0,3,1,0,1,1,1,2,1,3,4,2,1,4,1,1,1,1
18040,0,3,1,0,1,0,0,0,0,3,2,1,0,1,3,4,0,1
18041,0,1,3,0,2,2,0,2,2,2,2,2,1,2,2,0,3,0
18042,4,4,0,0,0,0,0,0,1,4,1,3,0,0,4,0,0,0
18043,0,0,0,0,0,1,4,3,4,3,4,3,0,0,1,0,4,0
18044,0,1,4,0,4,1,0,0,0,3,3,2,0,4,4,0,4,4
18045,2,4,3,0,0,1,0,0,4,2,1,4,4,0,4,4,0,4
18046,0,2,0,0,1,1,0,2,2,2,3,2,0,1,4,0,1,0
18047,0,4,0,0,0,1,0,0,0,3,0,1,0,0,4,0,0,0
18048,0,1,0,0,1,0,0,0,0,1,2,3,0,3,1,0,4,4
18049,0,4,0,0,0,0,0,3,1,1,3,3,4,1,1,0,1,2
18050,4,1,1,0,4,1,4,0,1,3,3,2,1,2,1,0,1,0
18051,0,3,0,0,4,0,0,1,0,4,4,3,0,3,1,0,2,0
18052,4,2,4,0,0,4,0,0,0,1,4,1,2,2,3,1,0,0
18053,0,1,0,0,0,2,0,3,2,3,2,1,4,1,3,0,3,0
18054,0,4,4,0,0,1,4,0,3,2,4,4,4,0,2,0,0,0
18055,1,3,1,0,0,0,0,0,0,2,0,2,1,0,4,4,0,3
18056,0,4,0,0,0,0,0,3,0,4,3,2,0,3,4,0,4,0
18057,0,1,0,0,0,0,0,0,1,4,4,4,0,4,4,0,0,0
18058,0,2,1,0,0,1,0,0,4,3,0,4,1,0,1,1,0,0
18059,4,2,4,2,0,4,0,0,0,1,1,2,2,1,4,3,1,1
18060,1,3,1,1,4,2,0,0,1,3,3,3,3,1,2,0,4,0
18061,0,0,0,0,1,0,0,0,0,1,2,1,0,2,0,0,4,0
18062,0,1,0,0,1,0,0,0,0,1,2,2,0,1,0,0,0,0
18063,0,4,0,0,0,0,0,0,0,1,3,3,0,4,4,0,3,0
18064,0,4,0,0,0,1,0,3,2,4,2,3,0,3,1,0,3,0
18065,0,1,0,0,1,0,0,1,1,0,2,3,0,1,0,0,3,0
18066,0,1,0,0,0,0,4,4,4,2,3,3,0,4,0,0,3,0
18067,0,0,0,0,0,0,0,0,0,4,3,2,0,4,0,0,1,0
18069,0,4,0,0,4,0,0,0,0,3,3,2,0,1,1,0,1,0
18070,0,4,0,0,1,0,0,3,0,2,2,3,0,4,0,0,4,0
18071,0,4,4,0,2,0,0,4,1,3,1,2,0,3,0,0,3,1
18072,0,1,1,0,0,0,0,0,0,3,4,4,0,1,3,0,4,0
18073,0,4,0,0,1,4,0,0,0,4,2,3,0,4,2,0,1,0
18074,0,0,0,0,0,1,0,1,0,1,1,1,0,0,0,0,1,4
18075,0,3,0,0,1,4,2,2,1,1,3,2,0,3,4,0,1,1
18076,0,2,0,0,1,0,0,0,4,1,1,1,0,1,0,0,1,0
18077,0,2,1,0,4,1,1,4,4,1,3,2,0,2,1,0,3,4
18078,0,3,0,0,4,0,0,1,1,2,2,3,0,1,3,0,1,1
18079,4,2,2,0,4,1,0,0,2,1,3,2,3,4,2,4,1,3
18080,0,3,0,0,3,3,0,2,4,2,3,1,0,3,4,0,2,0
18081,0,2,0,0,4,0,0,0,0,3,4,3,0,1,0,0,0,0
18082,0,2,1,0,0,3,0,0,0,1,3,2,2,4,1,4,0,0
18083,1,2,1,0,0,0,0,0,3,3,0,2,4,0,3,4,0,1
18084,0,4,0,0,0,0,0,1,1,3,3,3,0,0,0,0,1,0
18085,0,2,0,0,4,0,0,0,1,2,2,2,0,0,0,0,0,0
18086,0,4,0,0,4,0,0,0,0,2,3,3,0,4,0,0,2,0
18087,0,0,0,0,4,0,4,1,3,3,3,3,0,3,1,0,3,1
18088,0,4,4,0,4,0,0,0,4,4,2,3,3,4,4,0,1,0
18090,0,4,0,0,4,0,0,0,0,1,3,2,0,2,0,0,2,0
18091,0,3,4,0,0,1,0,0,0,3,3,2,0,4,4,0,2,0
18092,0,4,0,0,0,0,0,0,0,4,1,2,0,0,0,0,0,0
18093,0,3,4,0,0,3,0,0,0,4,4,4,4,0,3,0,0,0
18095,0,3,0,0,3,0,0,0,0,3,3,3,0,4,0,0,4,0
18096,4,3,0,0,0,0,0,0,0,4,4,3,0,1,1,0,1,0
18097,0,4,4,0,0,4,0,0,4,4,0,3,0,0,1,0,0,0
18098,0,1,1,0,0,1,0,2,1,2,2,2,0,1,4,0,4,4
18099,0,0,0,1,4,1,0,0,0,3,3,4,0,4,0,0,4,0
18100,0,1,3,1,0,1,0,0,4,0,0,4,4,0,1,0,0,0
18101,0,0,3,0,1,0,0,0,0,2,2,2,0,0,1,0,2,0
18102,2,2,3,0,0,4,0,1,4,2,2,1,1,4,2,2,2,3
18103,0,4,0,0,0,0,0,1,2,2,3,4,0,2,0,0,4,0
18104,1,2,4,2,0,4,0,0,0,2,4,2,2,0,3,4,0,3
18105,0,2,0,0,2,0,0,0,0,2,4,3,0,1,0,0,4,0
18106,0,3,1,0,3,1,0,4,0,3,4,4,0,2,1,0,4,0
18107,0,4,0,0,3,0,0,0,0,4,3,3,0,4,0,0,1,0
18108,2,2,4,1,0,4,0,0,4,2,0,3,2,0,2,2,0,4
18109,0,3,4,0,4,1,0,0,1,4,1,4,4,1,1,1,1,0
18110,0,1,0,0,2,0,0,0,4,4,3,3,0,1,3,0,3,0
18111,0,1,0,0,3,1,0,0,0,3,3,4,1,3,1,0,3,0
18112,0,3,4,0,4,0,0,0,0,1,3,2,4,1,4,0,3,0
18113,0,1,0,0,4,0,0,1,0,4,2,2,0,4,0,0,4,1
18114,0,3,0,0,1,0,0,0,4,2,2,2,0,4,0,0,2,0
18115,0,1,1,0,1,4,0,3,3,4,4,4,0,4,4,0,3,0
18116,0,1,0,0,0,0,0,0,0,2,1,2,4,3,1,0,2,0
18117,0,1,1,1,0,1,0,4,4,3,4,4,2,4,4,4,0,0
18118,0,3,0,0,4,0,0,1,0,3,4,4,0,0,1,0,1,0
18119,0,2,0,0,2,4,0,1,1,2,3,3,0,1,2,0,4,4
18120,0,4,0,0,4,1,0,3,4,4,4,4,0,2,4,0,2,4
18121,0,4,0,0,1,4,0,0,0,4,1,2,4,1,0,0,1,0
18122,0,4,0,0,2,0,0,0,0,3,3,2,4,4,0,0,1,0
18123,0,3,0,0,4,0,0,0,0,1,2,3,0,4,0,0,4,0
18124,0,4,0,0,0,0,0,0,0,2,1,2,0,0,4,0,0,0
18125,0,3,2,0,1,4,0,4,1,4,1,2,2,2,2,0,3,1
18126,0,1,0,0,1,0,0,0,0,1,4,2,0,4,0,0,2,0
18127,0,1,0,0,1,0,0,0,0,3,2,2,0,1,0,0,3,0
18128,0,2,1,1,2,2,4,3,1,4,1,2,1,1,1,4,2,0
18129,1,2,1,4,0,1,0,0,1,1,4,1,4,0,1,2,0,1
18130,0,0,0,0,0,0,0,4,0,4,1,4,1,2,0,0,4,0
18131,1,3,3,4,0,2,0,0,1,3,0,3,3,0,3,1,0,3
18132,0,2,0,0,4,0,0,0,1,2,3,3,0,4,1,0,1,0
18133,0,1,0,0,1,1,0,1,0,4,2,3,0,3,4,0,1,0
18134,0,2,2,0,0,3,0,4,3,3,3,4,4,3,3,0,4,4
18135,0,4,0,0,0,0,0,0,0,3,3,2,0,1,0,0,2,0
18136,0,2,0,0,4,0,0,0,0,2,2,1,0,4,4,0,1,0
18137,1,3,2,0,4,4,1,1,0,4,4,3,3,2,1,1,1,0
18138,0,3,0,0,0,1,0,0,0,3,2,3,0,0,0,0,4,0
18139,0,0,1,0,1,1,0,1,0,2,4,3,1,0,2,0,2,0
18140,0,0,0,0,0,1,0,4,0,1,1,3,1,1,2,0,2,0
18141,0,4,4,1,0,1,0,4,4,2,0,4,1,0,1,1,4,4
18142,0,3,0,0,3,0,0,0,0,4,3,2,0,4,0,0,3,0
18143,0,4,0,0,0,0,0,4,0,4,1,3,0,3,1,0,2,0
18144,0,1,0,0,1,0,0,4,4,3,3,4,1,1,1,0,3,0
18146,0,0,0,0,4,0,0,0,0,3,1,4,0,0,0,0,0,0
18147,0,3,1,0,2,4,0,0,0,2,4,3,4,2,4,0,1,0
18148,0,3,0,0,0,0,0,0,0,2,3,2,0,4,0,0,2,0
18149,0,0,0,0,3,0,4,0,0,2,3,2,0,4,0,0,2,0
18150,0,3,0,0,1,0,0,0,0,3,2,2,0,4,1,0,3,0
18151,0,0,0,0,1,0,0,0,0,0,2,1,0,0,0,0,1,0
18152,0,0,0,0,0,0,0,0,0,4,3,3,0,0,0,0,3,4
18153,0,2,1,0,1,2,2,1,3,2,1,2,2,3,1,3,1,1
18154,0,0,0,0,0,0,0,0,0,0,0,1,0,0,4,0,0,0
18155,0,4,3,0,0,2,0,0,0,3,1,3,3,0,3,3,0,1
18156,2,3,4,1,1,4,0,0,1,1,4,2,1,0,4,1,0,2
18157,0,1,4,0,0,1,0,0,2,2,3,1,4,1,4,4,1,1
18158,0,4,1,0,2,1,0,0,0,1,4,3,1,4,3,0,3,0
18159,0,2,0,0,3,0,0,1,0,4,1,3,0,3,4,0,2,4
18160,0,3,0,0,3,0,0,0,0,2,2,3,0,4,0,0,4,0
18161,1,3,4,0,1,1,0,0,0,3,0,3,1,0,1,1,0,2
18162,0,2,3,0,0,4,4,1,2,4,1,1,4,4,3,1,1,0
18163,0,0,4,0,0,4,0,0,0,0,1,1,0,2,4,0,0,0
18164,0,0,0,0,0,0,0,0,0,4,1,4,0,4,0,0,4,0
18165,0,0,0,0,1,0,0,0,0,1,2,2,0,1,0,0,4,0
18166,0,1,0,0,0,4,0,2,0,1,1,1,0,2,4,0,4,0
18167,0,4,0,0,4,0,0,0,4,3,2,2,0,4,0,0,2,0
18168,0,4,0,0,4,0,0,0,0,1,1,3,0,4,0,0,4,0
18169,0,2,0,0,4,0,0,0,0,1,2,2,0,3,0,0,0,0
18170,0,2,4,0,1,4,0,4,0,4,4,4,0,4,1,0,4,4
18171,0,3,0,0,1,0,0,0,0,0,4,4,0,0,0,0,4,0
18172,0,3,3,1,0,1,0,0,0,3,4,2,4,0,1,1,4,1
18173,1,1,0,1,0,0,0,0,2,4,1,1,1,0,1,1,0,2
18174,0,0,0,0,2,0,0,0,0,4,4,4,0,4,0,0,4,0
18175,0,4,0,0,0,0,0,0,4,2,3,1,0,4,0,0,1,0
18176,0,1,0,0,1,0,4,2,3,2,4,3,0,1,1,0,3,4
18177,0,3,4,0,0,0,0,3,1,4,1,4,0,4,1,0,4,0
18178,0,0,4,0,0,2,0,0,0,2,4,3,0,4,4,0,1,0
18179,0,2,0,0,4,0,0,0,0,3,3,2,0,4,0,0,4,0
18180,0,2,0,0,2,0,0,2,3,2,3,4,0,3,4,0,2,0
18181,0,2,0,0,1,4,0,4,4,4,3,3,0,4,0,0,4,4
18182,0,4,0,2,4,4,0,4,4,4,4,4,0,4,4,4,4,4
18183,0,1,0,0,0,0,0,0,0,3,3,2,0,1,0,0,3,0
18184,0,4,0,0,0,0,0,0,0,3,3,3,0,3,0,0,0,0
18185,0,2,0,0,0,1,0,1,0,1,3,1,0,2,4,0,3,4
18186,0,3,4,0,1,0,0,2,4,1,2,2,0,3,3,0,2,0
18187,3,2,2,0,3,1,0,0,0,1,1,2,1,1,3,1,4,0
18188,0,3,0,0,4,0,0,0,0,4,4,4,0,4,0,0,1,0
18189,0,4,0,0,3,0,0,0,0,3,3,3,0,4,0,0,1,0
18190,0,4,1,0,0,3,0,0,0,3,0,2,4,0,4,0,0,2
18191,0,3,0,0,0,0,0,0,0,2,2,1,0,2,0,0,3,0
18192,0,4,0,0,4,0,0,0,0,3,4,4,0,0,0,0,4,0
18193,0,3,0,0,0,0,0,0,0,2,3,3,0,4,0,0,4,0
18194,0,0,0,0,2,0,0,0,0,1,2,1,0,1,0,0,0,0
18195,0,0,1,0,0,0,0,0,0,4,1,3,0,2,0,0,2,0
18196,0,1,1,0,1,1,0,0,0,4,3,4,0,1,1,0,3,0
18197,2,1,0,0,4,1,2,3,1,2,4,2,1,3,1,0,4,0
18198,0,3,0,0,2,0,0,0,0,3,3,4,0,2,4,0,4,0
18199,1,4,0,0,0,4,0,0,4,3,0,4,4,0,4,0,0,0
18200,0,1,0,0,4,0,0,0,0,4,1,2,0,2,0,0,1,0
18202,0,1,0,0,0,0,1,0,1,2,2,2,0,1,0,0,1,0
18203,1,4,0,0,0,4,0,0,0,1,3,2,0,4,0,0,4,0
18204,0,1,0,0,4,0,0,4,1,1,1,2,0,3,1,0,3,0
18205,0,1,0,0,0,0,0,0,1,3,1,1,0,4,4,0,3,0
18206,4,2,4,4,0,4,0,0,0,1,0,4,3,0,2,1,0,1
18207,4,1,2,3,0,2,0,0,1,3,4,2,1,4,3,1,4,2
18208,0,2,0,0,1,4,1,4,2,2,1,2,0,3,0,0,1,1
18209,0,0,0,0,1,0,0,0,0,3,3,2,0,4,0,0,3,0
18211,0,4,3,0,3,0,4,1,3,3,3,3,0,2,3,0,2,0
18212,0,3,3,3,0,3,0,0,0,1,3,2,3,1,1,1,1,1
18213,0,4,0,0,0,0,0,0,3,2,3,2,0,4,4,0,2,0
18214,3,4,1,4,0,2,0,4,2,1,1,4,3,0,3,2,0,4
18215,1,1,0,0,4,1,0,0,4,3,4,1,4,4,1,0,4,0
18216,0,2,3,1,0,3,0,0,0,2,3,4,2,4,2,2,0,3
18217,0,4,0,0,4,4,0,0,4,3,2,3,0,4,4,0,1,0
18218,0,4,0,0,0,0,0,4,0,4,4,4,0,4,1,4,3,4
18219,0,3,0,0,3,1,0,0,0,1,2,2,0,4,1,1,1,0
18220,0,2,0,0,2,1,1,0,1,2,1,2,0,0,1,0,4,0
18221,0,0,0,0,1,0,0,1,4,2,3,3,0,0,3,0,1,0
18222,0,4,0,0,1,0,0,0,0,2,1,2,0,4,0,0,4,0
18223,0,4,0,0,3,0,0,0,0,3,2,2,0,2,0,0,2,0
18225,0,1,0,0,4,0,0,3,4,4,4,3,0,4,1,0,4,0
18226,0,2,4,0,1,0,0,3,0,3,3,3,4,4,4,0,3,4
18227,0,1,0,0,3,4,0,4,0,3,1,3,0,1,4,0,2,0
18230,0,3,0,0,4,0,4,0,0,3,3,2,0,4,4,0,4,0
18231,0,0,0,0,3,0,0,0,0,2,3,3,0,0,0,0,4,0
18232,0,3,2,0,0,1,4,3,1,1,1,1,1,0,2,4,1,2
18233,0,4,0,0,4,0,0,0,0,4,4,4,0,0,0,0,0,0
18234,0,0,0,0,4,0,0,0,0,1,4,4,0,3,0,0,4,0
18235,0,4,0,0,2,0,0,0,0,1,2,2,0,0,0,0,1,0
18236,0,2,1,0,0,0,0,1,1,1,1,4,1,1,1,1,0,1
18237,0,4,0,0,0,0,0,0,0,1,1,2,0,0,0,0,0,0
18238,0,2,0,0,0,1,0,4,4,2,3,3,0,4,4,0,4,0
18239,0,2,0,0,4,0,0,0,0,3,3,3,0,2,1,0,4,0
18240,4,4,3,2,0,3,0,0,1,2,0,1,1,0,2,2,0,4
18241,0,2,0,0,4,4,0,4,1,3,4,1,0,4,1,0,3,0
18242,0,1,4,0,4,0,0,0,0,3,4,2,0,2,0,0,4,0
18243,0,4,0,0,3,1,0,3,0,4,2,2,0,3,4,1,4,0
18244,0,1,1,0,0,2,0,0,0,2,4,3,4,1,2,0,3,3
18245,1,2,4,0,0,3,0,0,4,3,4,4,4,0,4,1,4,0
18246,2,1,2,1,0,1,1,1,2,3,4,4,1,1,3,1,4,1
18247,3,3,2,0,0,2,0,0,0,1,0,4,2,1,4,4,0,0
18248,0,2,1,0,1,0,1,1,4,3,3,3,0,1,0,0,2,1
18249,0,3,1,0,0,2,0,0,3,1,0,1,1,1,3,3,0,2
18250,0,4,0,0,4,4,0,4,4,2,3,3,0,2,4,0,2,0
18251,0,2,0,0,0,0,0,0,0,3,1,1,3,2,4,0,0,0
18252,0,1,0,0,1,0,0,1,0,2,2,3,0,1,4,0,2,0
18253,0,4,0,0,4,4,3,2,4,3,3,3,0,4,4,0,1,0
18254,0,1,3,0,0,3,0,0,4,1,1,1,2,0,3,1,1,2
18255,0,0,0,0,2,0,0,4,0,4,2,4,0,3,0,0,1,0
18256,0,4,4,0,0,4,0,2,4,2,3,2,0,3,1,0,4,1
18257,0,1,0,0,1,0,0,0,0,1,3,3,1,1,4,0,4,0
18258,0,4,0,0,0,1,0,1,0,1,4,2,0,3,2,0,3,0
18259,0,4,4,0,1,0,0,1,2,2,2,3,0,4,4,0,2,1
18260,0,3,0,0,0,0,0,0,4,4,2,2,4,4,1,0,4,4
18261,4,3,4,0,0,0,0,4,3,4,1,4,4,2,3,4,4,1
18262,0,3,0,0,4,0,0,0,0,4,4,4,0,0,0,0,4,0
18263,0,1,0,0,4,0,0,1,0,1,3,3,0,4,0,0,2,0
18264,0,4,1,0,0,0,0,0,0,0,4,4,1,1,0,0,0,0
18265,0,0,0,0,4,0,0,0,0,4,2,3,0,1,0,0,4,0
18266,0,3,3,0,4,4,0,0,0,1,2,1,0,1,2,0,1,0
18267,0,1,4,0,0,2,0,1,1,2,3,2,2,3,4,4,3,0
18268,0,1,0,0,0,0,0,0,2,4,1,3,4,2,1,0,0,0
18269,0,3,1,0,1,0,0,3,4,3,3,3,0,2,4,0,3,3
18270,0,3,0,0,1,0,0,0,0,4,3,2,4,4,0,0,1,0
18271,0,1,3,0,1,0,0,0,0,1,2,3,4,0,4,0,1,0
18272,0,2,0,0,1,0,0,0,0,3,3,2,4,3,1,0,1,0
18273,0,2,0,0,4,0,4,0,0,4,3,2,0,4,1,0,2,0
18274,0,3,0,0,0,0,0,0,0,4,2,2,0,2,0,0,0,0
18275,0,3,0,0,1,0,0,0,0,3,2,2,0,2,0,0,1,0
18276,1,3,4,0,4,2,0,1,3,2,4,2,1,4,2,2,4,0
18277,0,4,4,0,0,1,0,4,1,3,2,1,0,2,4,1,4,0
18278,0,1,4,0,0,1,0,0,0,0,0,0,0,4,1,0,0,0
18279,0,3,0,0,4,0,0,0,0,1,2,3,0,4,1,0,4,0
18280,0,3,0,0,2,0,0,0,0,4,2,4,0,4,0,0,2,0
18282,0,4,0,0,1,0,0,0,0,4,4,3,0,3,0,0,3,1
18283,0,3,0,0,2,0,0,0,0,3,3,1,0,4,4,0,4,0
18284,4,2,3,0,1,1,0,0,2,2,1,4,4,1,3,3,0,3
18285,0,1,3,0,0,0,0,1,0,4,4,1,1,1,4,0,3,0
18286,0,1,0,0,0,0,0,0,0,2,0,3,0,0,2,0,0,0
18287,0,2,0,0,3,0,0,0,0,3,1,2,0,3,0,0,1,0
18288,0,3,0,0,0,0,0,0,0,1,3,3,0,1,0,0,1,0
18289,0,4,1,0,0,1,0,3,0,4,4,4,0,3,1,0,3,0
18290,0,3,0,0,1,4,0,0,0,4,0,3,4,1,4,0,0,0
18292,0,0,0,0,0,0,0,0,0,1,1,1,0,0,0,0,0,0
18293,0,4,0,0,4,0,0,0,0,4,4,3,0,0,0,0,4,0
18295,0,3,0,0,2,0,0,1,0,3,4,3,0,3,1,0,2,1
18296,0,1,0,0,4,0,0,0,0,2,3,2,0,1,1,0,3,1
18297,0,2,0,0,4,0,0,0,0,2,2,2,0,0,0,0,0,0
18298,0,1,0,0,0,1,0,1,0,1,2,1,4,2,0,0,2,1
18299,4,2,1,1,0,1,0,1,0,3,3,3,1,4,1,3,3,4
18300,0,4,0,0,2,0,0,1,0,4,4,3,0,1,0,0,3,0
18301,0,2,0,0,4,4,2,2,2,2,1,1,0,2,1,0,2,0
18302,0,4,0,0,1,3,3,1,3,3,2,2,0,1,1,0,3,0
18303,0,3,4,0,0,1,0,0,4,2,1,3,0,1,4,0,0,0
18304,0,1,4,0,0,4,0,0,0,3,4,3,0,3,4,0,2,1
18305,0,4,0,0,4,0,0,0,0,4,4,2,0,0,4,0,0,0
18306,0,3,0,0,3,0,0,0,0,2,1,1,0,4,0,0,1,0
18307,2,3,2,0,0,2,0,0,2,1,0,2,3,1,1,2,0,2
18308,0,1,0,0,1,1,0,4,4,3,4,2,0,2,1,0,3,1
18309,0,0,0,0,0,0,0,0,0,3,1,2,0,3,2,0,1,0
18310,0,1,0,0,4,0,0,0,0,1,4,2,0,2,0,0,1,0
18311,0,1,0,0,3,0,0,4,0,2,3,3,0,1,0,0,1,0
18312,0,2,3,0,0,1,0,3,0,1,4,3,3,3,2,0,3,1
18313,0,4,0,0,0,4,0,4,0,4,4,4,4,1,0,0,4,0
18314,0,1,4,2,0,4,0,0,4,3,0,1,2,0,2,4,0,0
18315,0,0,0,0,1,0,0,2,2,3,4,3,0,3,1,0,3,1
18316,0,1,0,0,0,1,0,0,0,2,2,3,0,2,0,0,4,0
18317,0,2,0,0,3,0,0,0,0,2,3,2,0,1,0,0,3,0
18318,0,1,2,4,0,4,4,1,3,1,1,1,0,3,1,0,3,0
18319,0,1,0,1,4,1,0,4,1,3,1,3,0,2,2,1,4,1
18320,4,2,4,1,4,4,0,0,0,2,2,4,4,0,4,4,4,4
18321,0,3,3,0,0,1,0,1,4,3,1,2,4,3,4,0,3,0
18322,2,2,1,0,0,3,0,0,1,2,1,3,3,0,1,1,0,1
18324,0,0,0,0,1,0,3,2,1,2,1,2,0,4,0,0,3,0
18325,2,2,3,1,4,4,0,0,0,3,1,3,1,1,3,3,1,4
18326,0,2,2,0,0,0,0,0,4,1,0,4,3,0,3,0,0,4
18327,0,3,0,0,4,1,3,1,2,3,3,2,0,3,1,0,3,1
18328,2,1,2,1,0,1,4,0,1,2,4,4,1,4,1,0,0,2
18329,0,2,0,0,3,4,0,0,0,1,3,3,0,4,4,0,2,0
18330,0,2,0,0,2,0,0,0,4,3,2,3,0,1,4,0,1,0
18331,0,2,0,0,4,4,4,1,1,4,4,2,0,2,1,0,2,0
18332,0,4,0,0,3,3,0,0,1,4,2,3,0,4,0,0,1,0
18333,4,2,4,0,1,0,0,0,0,2,2,3,3,2,4,0,3,3
18334,0,4,0,0,0,0,0,3,0,1,1,2,0,3,0,0,1,0
18335,0,4,0,0,0,0,0,4,1,1,2,2,0,1,4,0,2,0
18336,0,4,1,0,0,0,0,0,0,1,2,4,0,1,4,0,1,0
18337,4,4,0,0,0,1,0,0,4,1,0,1,0,4,2,0,0,0
18338,0,3,4,2,1,4,0,4,4,2,1,2,4,4,4,3,4,4
18339,3,3,3,0,0,1,0,4,4,1,4,2,2,4,2,0,4,4
18340,0,1,0,0,3,0,0,0,0,1,3,3,0,4,0,0,0,0
18341,0,3,0,0,4,0,0,4,4,3,3,3,4,4,0,0,4,0
18342,0,0,0,0,0,0,0,0,0,0,4,4,0,3,4,0,0,0
18343,3,2,4,0,0,1,0,0,0,2,4,4,3,4,2,4,0,1
18344,0,0,0,0,0,4,0,0,1,4,2,4,0,1,4,0,4,0
18345,0,0,0,0,3,0,2,2,3,4,2,3,0,0,0,0,0,0
18346,0,1,0,0,1,4,2,1,2,3,1,1,0,1,4,0,1,0
18347,0,2,0,0,0,0,0,1,4,1,2,3,0,2,0,0,1,0
18348,0,0,0,0,3,0,0,0,0,3,2,2,0,1,0,0,1,0
18349,0,3,3,0,0,1,0,0,0,1,1,2,3,2,2,0,2,0
18350,0,3,0,0,0,2,0,0,0,2,2,2,2,3,1,0,2,0
18351,0,1,0,0,0,0,0,4,0,1,3,3,0,4,0,0,0,0
18352,0,1,0,0,2,0,0,4,0,3,3,2,0,1,0,0,4,0
18353,0,2,0,0,4,0,0,0,0,2,3,2,0,3,0,0,3,0
18354,0,4,0,0,4,3,0,0,4,2,2,2,0,1,1,0,3,0
18355,0,3,4,0,1,1,0,3,1,3,2,1,3,1,2,0,2,1
18357,0,2,0,0,3,2,4,1,1,2,2,2,0,2,0,0,1,0
18358,0,4,0,0,0,1,0,0,0,2,1,4,0,3,4,0,3,0
18359,2,2,2,0,0,3,0,0,1,1,0,3,3,4,3,4,0,1
18360,0,4,4,0,1,0,0,3,1,3,2,2,0,1,1,0,2,0
18361,0,1,0,0,0,0,0,0,0,4,2,2,0,0,0,0,3,0
18362,2,1,4,0,4,1,0,0,4,1,1,3,1,1,3,0,1,0
18363,0,1,0,0,3,0,0,0,0,1,2,2,0,3,0,0,4,0
18364,0,1,1,0,2,2,0,0,4,1,1,1,3,0,4,2,0,4
18365,1,1,2,0,0,0,0,0,1,4,3,3,2,0,4,4,4,4
18366,0,3,0,0,4,0,0,0,0,2,3,3,0,4,0,0,3,4
18367,0,0,0,0,0,3,0,0,0,0,0,4,0,4,4,0,0,0
18368,0,0,1,0,3,0,0,4,0,1,4,3,0,2,4,0,2,4
18369,0,0,0,0,0,0,0,0,0,0,0,1,0,4,0,0,4,0
18370,0,4,0,0,1,0,0,0,0,4,4,4,0,0,0,0,2,0
18371,0,3,1,0,1,4,0,0,0,4,2,4,0,2,2,0,0,0
18372,0,0,0,0,1,0,0,4,0,4,2,3,0,2,0,0,1,0
18373,0,0,0,0,0,0,0,0,0,1,0,2,1,1,0,0,0,0
18375,0,3,3,0,0,2,0,0,4,4,0,4,2,0,3,4,0,2
18376,0,1,1,0,3,0,0,0,0,2,2,4,0,0,0,0,4,0
18377,0,1,0,0,3,0,4,1,1,1,2,2,0,1,2,0,3,4
18378,0,1,0,0,4,0,0,1,0,1,1,2,0,2,4,0,3,0
18379,0,3,0,0,2,2,3,2,3,1,3,4,3,2,1,0,2,4
18380,0,0,2,0,4,0,0,4,1,3,2,2,1,4,0,0,4,0
18381,0,1,0,0,2,4,0,0,1,3,2,2,4,4,0,0,2,0
18382,0,0,0,0,0,0,0,0,0,1,2,2,0,1,0,0,0,0
18383,0,0,0,0,3,0,0,4,0,3,2,2,0,4,1,0,4,4
18384,0,1,4,0,2,1,0,0,0,1,3,1,4,1,4,0,4,0
18385,0,3,4,0,0,4,0,0,0,4,3,3,0,2,4,0,1,0
18386,0,3,0,0,3,0,0,4,4,4,3,3,0,4,0,0,3,0
18387,0,3,0,0,4,1,0,1,0,2,3,3,0,2,4,0,1,0
18388,0,3,4,0,2,1,0,0,0,3,3,2,0,3,1,0,1,0
18389,0,4,0,0,1,0,0,4,4,4,3,3,0,4,0,0,3,4
18390,3,3,2,2,0,3,0,4,4,3,1,3,0,0,1,4,4,1
18392,0,3,0,0,1,0,0,0,0,4,3,4,0,4,0,0,4,0
18393,0,1,0,0,3,0,0,0,0,3,2,3,0,1,0,0,3,0
18394,0,4,0,0,2,1,0,3,1,1,1,1,0,3,4,0,3,1
18395,0,2,0,0,2,0,0,0,0,3,3,3,0,0,0,0,1,0
18396,0,1,1,0,1,1,2,4,3,1,3,1,0,1,2,0,2,0
18397,0,0,0,0,1,0,0,4,0,3,2,2,0,3,1,0,1,0
18398,0,0,0,0,0,0,0,0,0,0,1,2,0,1,0,0,4,0
18399,0,2,3,0,0,0,4,2,1,3,3,2,3,1,4,0,2,0
18400,0,4,0,0,0,0,0,0,0,1,2,3,0,3,0,0,2,0
18401,0,1,0,0,3,0,0,0,0,1,2,2,0,2,1,0,0,0
18402,0,1,0,0,0,0,0,0,0,3,3,3,0,0,0,0,4,0
18404,0,2,0,0,1,1,0,0,0,3,4,4,0,4,1,0,2,4
18405,4,1,0,0,4,4,0,0,1,1,2,2,0,2,3,0,4,0
18406,0,4,0,0,4,4,0,1,0,4,3,3,0,4,3,0,4,0
18407,0,4,0,1,2,1,0,0,0,3,3,4,4,1,4,0,3,0
18408,0,2,0,0,3,0,0,0,1,3,2,3,0,4,0,0,4,0
18409,0,1,0,0,1,0,0,1,0,2,2,1,0,3,0,0,3,0
18410,0,4,0,0,0,0,0,0,0,1,2,2,0,4,0,0,4,0
18411,0,2,0,0,4,0,0,0,0,3,1,2,0,1,0,0,2,0
18412,0,4,0,0,4,0,0,4,0,4,4,4,4,4,0,0,4,0
18413,0,2,0,0,4,0,0,0,0,3,4,3,0,4,0,0,2,0
18414,0,3,1,0,0,0,0,3,1,3,4,2,3,4,2,0,4,0
18415,0,0,0,0,0,0,0,4,2,1,3,2,4,3,0,0,4,0
18416,0,0,0,0,2,0,0,0,0,4,3,3,0,3,4,0,3,0
18417,0,1,1,0,2,0,0,0,0,3,3,3,0,1,0,0,2,0
18418,1,0,0,0,3,0,0,0,0,2,2,3,1,4,1,0,1,0
18419,0,3,0,0,0,4,0,0,0,3,4,2,3,0,0,0,0,0
18420,0,3,0,0,2,0,0,0,0,3,3,3,0,3,0,0,4,0
18421,0,4,0,0,0,0,0,2,1,3,3,1,0,4,4,0,1,1
18422,0,2,1,1,0,3,0,0,0,3,2,3,1,1,2,3,2,1
18423,4,1,3,4,0,1,0,0,2,4,0,4,3,0,3,4,0,3
18424,0,4,2,0,0,0,0,1,0,2,2,4,1,4,2,0,3,0
18425,0,1,1,0,2,1,0,0,3,2,3,3,0,1,4,0,2,0
18426,0,1,0,0,0,0,0,0,0,2,2,3,0,1,0,0,1,0
18427,0,4,0,0,0,4,0,0,4,3,2,2,0,1,1,0,3,0
18428,4,3,4,0,0,4,0,0,4,2,0,2,4,0,1,0,0,0
18429,0,3,0,0,3,0,0,0,0,2,2,2,0,0,4,4,2,0
18430,0,1,1,0,2,4,0,0,0,1,1,1,0,3,0,0,1,0
18431,0,3,0,0,0,0,0,0,0,4,2,3,0,4,4,0,2,0
18432,0,4,1,0,2,0,0,2,4,4,3,3,0,2,1,0,3,1
18433,1,2,2,1,0,3,0,0,0,2,0,1,3,4,3,2,0,1
18434,0,1,4,0,4,1,0,3,0,1,4,3,1,2,2,1,4,0
18435,0,2,1,0,1,4,1,3,2,2,1,1,1,1,3,0,2,0
18436,0,2,4,0,1,4,4,3,4,3,3,2,0,4,4,0,2,0
18437,2,3,0,1,0,4,0,1,0,3,1,3,1,4,2,2,4,1
18438,0,0,0,4,4,1,0,0,0,3,4,4,1,0,1,1,4,0
18439,0,0,0,0,1,0,0,0,0,2,3,2,0,3,0,0,4,0
18440,0,3,0,0,0,0,0,0,0,1,3,2,0,0,0,0,2,0
18441,0,1,3,0,1,0,0,4,0,2,1,2,0,2,3,0,1,0
18442,0,4,0,0,3,0,0,1,0,1,3,3,0,4,0,0,2,1
18443,0,1,0,0,4,1,0,2,1,4,2,2,3,4,3,0,2,1
18444,0,3,0,0,1,1,0,0,1,2,2,2,0,4,0,0,3,0
18445,0,4,0,0,0,0,0,0,0,1,1,4,4,0,0,0,0,0
18446,0,0,1,0,0,1,0,0,4,1,1,2,3,1,1,4,1,0
18447,4,4,3,0,0,4,0,0,1,2,1,4,3,1,4,3,1,0
18448,1,4,2,0,0,3,0,0,4,3,0,1,1,0,2,4,0,1
18449,0,4,0,0,0,0,0,0,0,2,3,1,0,3,0,0,4,0
18450,0,0,0,0,0,0,0,0,0,0,4,4,0,1,1,0,0,0
18451,0,1,4,0,1,0,0,1,1,1,2,2,0,2,1,0,3,0
18452,0,3,4,0,1,4,0,0,0,4,2,4,0,2,4,0,1,0
18453,0,4,0,0,0,1,0,4,0,0,4,2,0,3,3,0,2,0
18454,0,3,0,0,3,0,0,0,0,3,2,2,0,3,0,0,2,0
18457,0,0,1,0,4,4,0,0,0,3,3,4,0,4,1,0,4,0
18458,0,2,0,0,0,4,0,4,4,3,2,3,0,1,4,0,2,1
18459,0,4,0,0,4,0,0,0,0,2,3,3,0,2,0,0,3,0
18460,0,4,3,0,0,3,0,3,3,3,3,2,1,3,4,0,3,4
18461,0,3,0,0,3,0,0,0,0,3,3,3,0,2,0,0,2,0
18462,1,4,2,0,0,1,0,0,4,3,4,3,3,4,1,4,0,0
18463,0,2,4,0,0,0,0,0,0,2,0,3,2,0,4,4,0,4
18464,2,2,2,0,1,1,0,0,1,2,4,2,2,4,4,1,3,0
18465,0,2,0,0,1,0,0,0,0,2,1,2,0,2,0,0,1,0
18466,0,1,0,0,0,1,0,2,3,1,2,2,0,2,1,0,2,0
18467,4,1,4,1,0,1,0,0,0,1,0,1,1,0,2,1,0,1
18468,0,4,0,0,2,4,0,0,0,3,3,2,4,3,0,0,3,0
18469,0,3,0,0,1,0,0,0,0,4,3,4,0,4,4,0,0,0
18470,0,0,0,0,1,0,0,0,0,1,1,1,0,1,1,0,0,0
18471,0,3,0,0,3,1,0,1,1,4,4,4,0,1,0,0,3,1
18472,0,1,2,0,0,1,1,3,0,1,4,2,4,3,2,0,2,0
18473,1,4,4,4,0,4,2,3,4,3,2,4,4,4,1,0,1,0
18474,0,3,0,0,0,3,0,0,0,2,0,3,2,0,3,3,0,4
18475,0,4,0,0,4,0,0,0,0,2,4,2,0,1,0,0,4,0
18476,0,1,4,0,0,4,0,0,2,1,4,2,4,0,4,4,0,4
18477,0,4,4,0,4,4,1,4,4,2,4,4,0,4,1,0,4,0
18478,4,4,0,1,4,1,0,0,0,2,3,3,1,1,2,0,3,2
18479,0,0,0,1,0,0,0,0,1,1,4,3,4,0,1,0,0,0
18480,0,2,3,0,0,4,0,0,0,3,0,2,4,0,4,3,0,1
18481,0,0,0,0,4,0,0,0,0,2,2,1,0,3,0,0,2,0
18482,0,2,0,0,4,1,1,3,1,1,1,1,0,1,1,0,2,0
18483,0,3,0,0,4,0,0,0,0,3,2,2,4,1,0,0,2,1
18484,0,4,1,0,1,2,0,1,0,4,2,2,4,4,4,1,1,4
18485,0,4,0,0,0,2,0,0,0,2,3,4,0,4,1,0,4,0
18486,0,3,0,0,4,0,0,0,0,4,2,4,0,0,0,0,4,0
18487,0,3,4,0,3,0,0,0,0,4,3,2,0,0,4,0,3,0
18488,0,2,1,0,0,3,0,0,3,3,0,4,4,0,3,4,0,4
18489,0,0,0,0,0,0,0,0,1,0,0,4,1,1,3,0,0,0
18490,1,2,4,0,0,1,0,0,0,1,0,1,1,0,1,0,0,0
18491,1,4,1,0,0,1,0,0,3,1,4,2,1,0,3,3,0,1
18492,1,2,0,4,0,4,0,0,1,1,0,1,2,0,4,2,0,3
18493,1,4,4,0,0,1,0,4,1,4,4,3,2,2,1,0,4,3
18494,4,3,4,4,0,2,0,0,4,3,0,3,2,0,3,4,0,4
18495,0,1,0,0,3,0,0,0,0,3,3,4,0,1,3,0,0,0
18496,0,3,0,0,3,0,0,0,0,2,4,3,0,4,0,0,1,0
18497,0,4,0,0,0,0,0,0,0,4,4,4,0,4,4,0,1,0
18498,0,4,0,0,0,0,4,1,1,2,2,2,0,1,3,0,2,0
18500,0,3,4,0,1,0,0,0,4,2,2,4,0,4,4,0,3,4
18501,0,3,4,0,0,1,0,0,0,4,2,3,4,4,0,4,4,4
18502,0,4,0,0,0,3,0,0,0,4,4,4,0,4,4,0,4,0
18503,0,3,0,0,0,0,0,0,0,4,2,3,0,0,0,0,1,0
18506,0,2,0,0,0,0,0,0,0,1,2,2,0,0,0,4,4,4
18507,0,1,0,0,1,4,0,0,0,0,1,1,0,1,4,0,0,0
18508,0,0,0,0,0,0,0,0,0,0,1,4,0,4,1,0,0,0
18509,0,4,1,0,4,1,0,0,4,4,3,3,0,4,0,0,1,0
18510,0,0,0,0,1,0,0,0,0,4,3,3,0,0,0,0,0,0
18511,0,0,0,0,2,0,0,0,0,2,3,2,0,4,0,0,1,0
18512,0,4,0,0,4,0,4,0,0,4,4,4,0,0,0,0,4,0
18513,0,3,0,0,1,0,0,0,0,3,3,2,0,1,0,0,1,0
18514,0,0,0,0,4,0,0,0,1,2,2,3,0,4,0,0,4,0
18515,0,1,0,0,0,0,0,0,1,2,3,4,2,4,3,1,1,1
18516,0,3,0,0,4,0,0,1,1,1,4,3,0,4,0,0,4,0
18517,0,0,0,0,0,0,0,4,0,3,3,2,0,4,0,0,3,0
18518,0,1,0,0,2,0,0,0,0,0,2,2,0,4,0,0,2,0
18519,0,2,0,0,0,0,0,0,0,1,2,2,0,1,0,0,1,0
18521,0,1,0,0,0,4,0,0,0,3,4,4,0,4,4,0,3,1
18522,0,1,0,0,0,0,0,4,0,2,3,2,0,4,4,0,3,0
18523,0,3,0,0,2,0,0,0,0,3,2,2,0,1,0,0,4,0
18524,4,4,4,1,4,3,0,0,4,3,4,4,4,4,3,0,4,2
18525,0,0,0,0,3,0,0,0,0,2,2,3,0,3,0,0,3,0
18526,0,2,0,0,0,1,0,0,0,1,0,2,3,1,3,2,0,0
18527,0,4,0,0,0,0,0,0,0,4,4,4,0,0,0,0,0,0
18528,4,4,4,0,0,4,0,1,4,4,4,3,3,0,3,3,3,2
18529,0,1,0,0,4,0,0,0,0,3,2,2,0,1,0,0,2,0
18530,0,0,0,0,4,0,0,0,0,4,2,4,0,0,0,0,4,0
18531,1,2,2,0,0,0,0,4,0,2,3,4,3,3,1,1,4,0
18532,1,2,2,1,0,4,0,0,0,3,0,4,1,0,4,1,0,3
18533,0,1,0,0,0,1,0,1,0,1,4,1,1,0,1,4,1,4
18536,0,3,0,0,1,1,0,4,0,3,3,3,0,1,4,0,3,1
18537,0,3,0,0,2,1,0,1,1,4,2,3,0,3,0,0,4,0
18538,0,1,0,0,4,0,0,0,0,3,1,2,0,1,4,0,2,0
18539,0,4,0,0,4,2,0,0,1,2,1,4,1,2,1,0,1,0
18540,0,0,0,0,4,0,0,1,0,1,1,3,0,4,1,0,1,0
18541,0,1,0,1,1,3,0,4,2,1,2,2,0,1,1,0,3,0
18542,0,3,4,0,0,3,0,0,0,3,1,2,3,1,2,0,1,1
18543,0,0,4,0,0,0,0,0,0,3,2,2,0,1,2,0,0,0
18544,4,4,1,0,0,3,0,0,4,2,4,2,2,4,1,1,4,1
18545,4,1,2,0,0,1,0,0,0,4,3,4,2,1,3,0,0,0
18546,4,1,2,1,0,1,0,0,3,4,0,3,4,0,2,0,0,0
18547,0,0,0,0,0,0,0,0,0,1,2,2,0,1,0,0,2,0
18548,0,4,0,0,1,0,0,0,0,1,2,2,0,4,0,0,0,0
18549,0,4,0,0,4,0,0,3,0,2,4,3,0,4,0,0,4,4
18550,0,1,0,0,2,0,0,0,4,2,1,2,0,4,0,0,2,0
18552,0,3,0,0,4,0,0,0,0,3,4,3,0,1,0,0,3,0
18553,0,1,0,0,0,0,0,0,0,1,1,2,0,2,1,0,1,0
18554,4,3,3,4,4,4,0,4,2,4,4,4,2,4,4,2,4,0
18555,0,1,1,0,0,1,0,0,1,1,4,1,3,0,1,1,0,1
18556,3,3,4,1,4,4,0,4,4,1,4,4,1,0,3,2,4,4
18557,0,3,1,0,1,0,0,3,0,3,4,4,0,3,4,0,2,4
18558,0,2,1,0,0,4,0,3,1,1,1,4,0,4,3,0,1,2
18559,0,1,0,0,1,0,0,4,0,3,2,1,0,1,0,0,2,0
18560,0,3,1,0,3,3,0,0,0,2,2,2,0,1,1,0,3,0
18561,0,4,0,0,0,1,0,3,0,2,4,3,0,1,2,0,2,0
18562,0,1,0,0,0,0,0,1,0,3,4,3,0,1,0,0,2,0
18563,0,4,0,0,2,0,0,2,4,3,1,3,0,3,0,0,4,0
18564,0,1,0,0,1,0,0,0,1,3,1,1,0,1,0,0,1,0
18565,0,1,1,0,3,0,0,0,0,1,4,2,1,4,1,0,1,0
18566,0,2,0,0,3,0,0,0,0,2,3,2,0,4,0,0,0,0
18567,0,3,0,0,2,0,0,0,0,2,1,2,3,2,1,0,3,0
18568,0,4,0,0,4,0,0,4,0,4,3,4,0,1,0,0,1,0
18569,0,0,0,0,4,4,0,0,0,2,4,4,0,1,0,0,4,0
18570,1,3,4,0,0,1,0,0,4,1,0,4,4,0,4,4,0,0
18571,0,2,3,0,0,3,0,0,0,4,1,4,1,0,2,1,0,1
18572,0,0,0,0,4,0,0,0,0,4,2,2,0,1,1,0,1,0
18573,0,4,0,0,2,0,0,0,4,4,1,1,0,4,4,0,4,0
18574,0,0,0,0,4,0,0,0,0,2,4,4,0,4,4,0,1,0
18575,0,1,0,0,4,2,0,4,0,3,1,3,4,4,3,0,3,0
18576,0,3,1,0,4,1,0,4,1,4,3,3,1,2,1,1,2,2
18577,0,2,4,0,4,3,0,4,0,3,3,2,0,4,4,4,4,0
18578,0,3,4,0,3,0,0,0,0,1,2,2,0,0,4,0,1,0
18579,0,3,0,0,4,0,0,0,0,1,4,3,0,0,0,0,4,0
18580,0,0,0,0,0,4,0,0,0,0,4,1,4,4,0,0,0,0
18581,2,2,4,1,0,4,0,0,4,2,4,2,1,4,2,3,4,1
18582,3,1,4,0,0,1,0,0,0,3,1,2,2,1,4,0,1,0
18583,0,1,2,1,4,3,0,3,2,3,3,2,0,3,4,2,1,3
18584,0,0,0,0,1,0,0,4,0,2,3,2,0,4,0,0,2,4
18585,0,4,4,0,4,4,0,3,1,4,4,1,0,3,4,0,2,0
18586,0,3,4,0,3,0,0,1,1,3,1,3,0,4,0,0,2,0
18587,0,1,0,0,4,0,0,3,0,1,4,3,4,2,0,0,2,0
18588,0,1,0,0,0,0,0,0,0,1,2,3,0,1,0,0,0,0
18589,0,0,0,0,0,0,0,0,0,4,1,3,0,4,0,0,1,0
18590,0,0,0,0,0,0,0,0,0,2,2,3,0,1,0,0,1,0
18591,0,4,0,0,2,0,0,0,0,3,4,2,0,1,0,0,3,0
18592,0,3,4,1,0,4,0,0,0,2,3,3,4,0,3,3,0,3
18593,0,0,0,0,4,1,0,0,0,2,2,2,0,1,1,0,1,0
18594,1,2,2,0,1,1,0,1,3,3,1,3,3,2,3,0,3,0
18595,0,1,0,0,0,0,0,0,0,2,2,3,0,1,0,0,1,0
18596,3,4,3,4,0,2,0,0,1,4,1,4,4,0,4,0,1,0
18597,0,1,0,0,1,1,0,0,0,4,4,3,4,1,1,0,4,4
18598,4,3,3,1,0,3,0,0,0,2,2,3,3,3,2,1,1,0
18599,0,0,0,0,0,0,0,0,0,0,0,4,0,0,1,0,0,0
18600,0,1,1,0,3,1,0,4,3,4,2,3,0,4,4,4,3,0
18601,0,2,0,4,0,1,0,0,4,2,4,1,1,0,1,4,0,1
18603,0,0,0,0,0,0,0,0,4,1,1,4,0,0,0,0,0,0
18605,0,0,4,0,1,0,0,1,2,1,3,3,0,1,1,0,2,0
18606,0,1,0,0,0,4,0,0,0,2,4,4,0,0,4,0,4,0
18607,0,1,0,0,4,4,0,0,0,3,1,3,0,4,0,0,4,0
18608,0,4,3,0,0,2,0,0,3,4,3,4,4,4,1,1,0,0
18609,0,3,0,0,0,0,0,0,0,3,1,1,0,3,0,0,2,0
18610,4,2,3,0,0,4,0,0,1,4,4,2,1,4,2,1,3,1
18611,1,4,4,4,0,3,0,0,0,1,0,2,3,0,3,2,0,2
18613,1,4,1,0,0,1,0,1,0,3,4,1,0,1,1,0,4,0
18614,0,1,0,0,2,4,4,0,2,3,3,2,0,4,0,0,0,0
18615,0,1,0,0,3,0,0,0,0,3,2,3,0,0,0,0,3,0
18617,0,4,0,0,0,0,0,0,0,0,4,3,0,4,2,0,0,0
18618,0,4,0,0,2,0,0,4,4,1,3,3,0,2,1,0,1,0
18619,0,4,0,0,4,0,0,0,0,2,3,3,0,1,0,0,4,0
18620,0,2,0,0,3,0,0,0,0,2,2,2,0,2,0,0,2,0
18621,0,3,0,0,4,0,0,0,0,2,3,2,0,4,0,0,4,4
18622,0,0,0,0,1,0,0,0,0,0,1,1,0,1,1,0,0,0
18623,0,0,0,0,1,0,1,0,4,1,0,1,0,0,0,0,0,0
18625,3,1,0,0,1,4,4,0,0,2,2,1,0,4,4,0,2,0
18626,0,2,4,0,3,4,0,1,4,4,2,3,4,4,4,0,3,0
18627,2,1,1,4,0,2,0,0,4,4,1,3,3,0,2,4,0,3
18628,0,1,3,4,0,4,0,0,3,2,0,2,2,0,4,1,0,3
18629,0,1,1,0,1,0,0,3,1,3,1,1,1,1,3,0,1,1
18630,0,0,0,0,4,0,0,0,4,3,1,2,0,1,4,0,3,0
18631,0,4,4,0,1,3,1,0,3,4,3,3,0,1,0,0,2,0
18633,0,2,1,0,0,0,0,0,4,2,4,2,0,4,0,1,0,1
18634,0,0,0,0,1,0,0,0,0,1,4,3,0,4,0,0,4,0
18635,0,0,0,0,0,0,0,0,0,4,4,3,0,4,0,0,4,0
18636,0,3,3,0,3,1,0,1,4,2,1,1,0,3,2,0,1,0
18637,0,4,0,1,0,4,0,0,1,2,4,4,1,0,0,0,0,0
18638,1,2,0,1,0,2,0,0,0,4,0,3,1,0,2,0,0,0
18639,0,2,0,0,3,3,0,0,0,3,3,2,0,2,0,0,3,0
18640,0,3,1,0,1,4,0,4,3,1,2,2,0,2,0,0,2,4
18641,0,4,0,0,1,0,0,0,0,2,2,2,0,4,0,0,1,0
18642,0,0,0,0,0,0,0,0,0,1,3,2,0,4,0,0,4,0
18643,0,1,0,0,4,0,0,0,0,2,1,1,0,0,0,0,0,0
18645,0,4,0,0,4,0,0,0,0,4,3,4,0,0,0,0,3,0
18646,0,2,0,0,0,3,0,0,4,3,0,2,1,0,4,0,0,0
18647,0,4,4,0,0,0,0,0,0,4,1,4,4,2,4,0,0,0
18649,0,2,0,0,0,0,0,1,0,2,2,2,0,3,1,0,3,0
18650,0,1,0,0,0,4,0,1,0,1,2,4,0,4,0,0,4,0
18651,0,4,1,0,1,4,0,1,4,2,4,4,0,2,1,0,2,4
18652,0,1,0,0,3,0,0,1,0,4,4,2,0,0,0,0,1,0
18653,0,1,2,0,1,0,0,0,0,2,1,1,0,4,0,0,1,0
18654,0,4,0,0,1,0,0,0,0,2,3,3,0,4,2,0,1,1
18655,0,1,1,0,2,0,0,0,1,2,1,2,0,2,4,0,2,0
18656,4,4,3,0,1,3,0,0,0,2,1,2,2,4,3,4,3,4
18657,3,4,4,0,4,4,0,0,0,3,4,4,4,4,4,0,4,0
18658,0,0,0,0,4,0,0,0,0,2,3,4,0,1,4,0,4,0
18659,0,3,1,0,0,1,0,0,1,2,0,4,1,0,1,3,0,4
18660,4,3,2,0,0,1,0,0,1,2,1,2,1,4,1,1,0,1
18661,0,4,1,0,2,1,0,1,2,3,2,2,0,1,4,0,1,0
18662,0,1,0,0,4,0,0,0,0,4,3,4,0,4,0,0,1,0
18663,0,3,0,0,1,0,0,0,0,0,3,3,0,0,0,0,1,0
18664,1,3,4,0,0,3,0,0,2,1,0,4,4,0,4,4,0,4
18665,0,0,0,0,0,0,0,0,0,0,4,4,0,4,0,0,0,0
18666,0,4,0,0,0,0,0,0,0,4,2,2,0,0,0,0,1,0
18667,0,3,2,0,0,2,4,0,3,3,1,2,2,0,3,0,4,0
18668,0,0,0,0,0,0,0,0,0,0,4,4,0,4,4,0,0,0
18669,0,3,0,0,1,0,0,4,0,1,4,4,0,3,4,0,1,0
18670,0,1,0,0,0,0,0,0,0,3,3,2,0,2,0,0,3,1
18671,1,4,0,0,4,1,0,3,0,1,1,2,1,2,3,1,3,4
18672,0,4,0,0,3,0,0,0,0,2,2,3,0,4,0,0,1,0
18673,0,2,1,0,0,4,0,1,3,2,1,4,2,0,2,0,0,4
18674,0,3,0,0,2,4,0,0,4,2,3,3,0,4,4,0,1,0
18675,0,3,0,0,0,0,0,0,0,2,3,3,0,0,0,0,1,0
18676,0,3,0,0,1,0,0,3,1,3,4,3,0,3,2,0,3,0
18677,0,2,0,0,3,0,0,0,0,3,2,2,0,1,0,0,4,0
18678,0,3,0,0,0,0,0,0,4,3,0,4,0,0,1,0,0,1
18679,0,4,0,0,1,0,0,4,0,1,1,2,0,2,0,0,1,0
18680,0,1,0,1,3,1,0,0,0,1,1,2,1,4,1,1,1,1
18683,0,3,0,0,2,4,0,0,0,1,2,2,0,3,4,0,4,0
18684,0,0,0,0,0,0,0,0,4,0,3,4,4,4,4,0,0,0
18685,0,4,1,0,1,0,4,3,3,4,4,3,0,3,1,0,3,2
18686,0,0,0,0,0,0,0,0,0,2,2,2,0,0,0,0,1,0
18687,0,4,0,0,1,0,1,1,3,4,1,1,0,2,1,0,1,0
18688,0,1,0,0,2,0,0,0,0,3,3,4,0,3,0,0,4,0
18689,0,1,0,0,0,0,0,0,0,0,3,1,0,4,4,0,1,0
18690,0,1,1,4,0,1,0,0,0,1,0,1,1,0,4,1,0,0
18691,0,1,1,0,0,1,0,0,0,2,0,2,3,0,1,1,0,1
18692,0,4,0,0,1,0,0,3,1,2,4,3,0,2,0,0,3,1
18693,0,0,0,0,3,4,0,4,1,2,2,3,0,3,1,0,2,0
18694,0,2,0,0,2,4,3,4,3,3,3,2,0,2,3,0,3,0
18695,0,4,0,0,4,1,0,4,4,4,4,3,0,4,0,0,3,0
18697,0,3,0,0,0,0,0,0,0,2,2,2,0,4,0,0,2,0
18698,1,3,4,1,0,1,0,0,0,2,0,3,2,0,4,4,0,4
18699,4,1,1,3,4,4,4,4,2,1,3,2,2,0,3,3,4,2
18700,0,4,0,0,4,0,0,4,1,1,1,3,0,3,3,0,4,0
18701,0,1,0,0,4,0,0,0,0,4,3,4,0,0,0,0,4,0
18702,1,2,3,2,0,3,0,0,1,1,0,3,4,0,3,1,0,1
18703,0,3,0,0,3,0,0,0,0,1,3,3,0,4,0,0,4,0
18704,3,3,1,0,0,4,0,0,4,3,3,3,4,2,3,0,2,3
18705,0,4,4,0,4,0,0,0,0,3,1,3,0,4,0,0,4,0
18706,0,2,0,0,3,0,0,0,0,1,2,4,0,4,0,0,4,0
18707,4,2,2,1,0,2,0,0,0,2,1,2,1,2,1,2,4,1
18708,0,4,4,0,4,1,0,2,0,3,2,3,1,3,2,0,1,0
18709,0,0,0,0,0,1,0,4,0,4,3,3,0,4,0,0,1,0
18710,0,0,0,0,4,0,0,0,0,1,3,4,0,4,0,0,2,0
18711,0,1,0,0,1,1,0,0,0,2,1,2,0,4,4,0,1,0
18712,0,4,0,1,4,1,0,0,3,2,4,4,2,1,1,3,3,1
18713,0,1,0,0,3,0,0,1,0,3,1,1,0,4,4,0,1,4
18714,0,1,0,0,3,3,0,1,1,3,2,2,4,2,1,0,1,4
18715,0,2,2,0,0,1,0,0,1,1,0,1,2,0,1,0,0,0
18716,1,4,3,0,0,4,0,0,4,0,0,4,4,0,4,0,0,0
18718,0,1,0,0,0,0,0,0,0,2,2,2,0,3,2,0,1,0
18719,0,0,0,0,1,0,0,0,0,0,4,1,0,3,3,0,0,0
18720,0,1,0,0,3,0,1,0,0,2,3,3,0,2,0,0,2,0
18721,0,0,0,0,2,0,0,0,0,2,2,3,0,4,0,0,2,0
18722,0,3,2,1,1,4,0,4,0,3,2,3,4,4,2,4,1,4
18723,0,0,0,0,0,0,0,0,0,0,0,4,4,1,0,0,0,0
18724,1,4,0,0,0,1,0,0,0,2,1,3,3,1,4,1,1,1
18725,0,4,0,0,4,0,0,0,0,3,2,3,0,0,0,0,4,0
18726,0,1,4,0,2,4,0,4,1,4,4,3,0,3,1,0,4,0
18727,0,0,0,0,0,0,0,0,4,0,0,4,0,1,4,0,0,0
18728,0,4,1,0,1,0,0,0,4,3,3,2,0,1,3,0,2,0
18730,0,3,0,0,3,0,0,0,0,2,2,2,0,1,1,0,1,0
18731,0,4,1,0,0,4,4,1,4,1,1,2,0,2,4,0,1,0
18732,0,4,0,0,1,0,0,0,0,1,3,1,0,4,0,0,4,0
18733,0,1,0,0,1,0,0,2,4,2,3,3,0,2,4,0,1,0
18735,0,1,0,0,1,0,0,0,0,1,2,2,0,1,0,0,1,0
18736,0,3,0,0,4,0,0,1,0,2,3,4,4,4,4,0,3,4
18737,0,2,0,0,4,3,1,4,4,3,3,2,4,4,1,0,2,0
18738,0,4,0,1,3,4,0,0,4,2,3,3,0,4,0,1,4,0
18739,0,0,0,0,0,0,0,4,1,1,2,1,0,1,1,1,2,0
18740,0,2,0,0,4,1,0,4,0,3,2,3,1,2,1,0,1,1
18741,1,1,2,4,0,1,4,0,4,3,4,3,3,0,1,2,0,3
18742,0,3,1,0,1,1,0,4,0,1,3,2,4,4,1,1,2,2
18743,0,0,0,0,0,0,0,0,0,1,2,3,0,0,0,0,4,0
18744,0,1,1,0,1,2,0,1,2,3,1,1,0,2,1,0,4,1
18745,1,1,0,0,0,3,0,0,2,2,0,1,1,0,3,2,0,3
18746,0,0,0,0,4,0,0,0,0,3,3,3,0,4,0,0,4,0
18747,0,2,0,0,0,0,0,4,0,2,2,3,0,3,0,0,4,0
18748,0,0,0,0,4,0,0,0,0,3,4,4,0,0,0,0,0,0
18749,0,3,0,0,4,1,0,4,0,3,3,3,0,3,1,0,4,3
18750,0,2,0,0,0,0,0,1,0,3,2,3,0,4,0,0,4,0
18751,0,2,1,0,3,0,0,1,2,2,4,2,0,2,4,0,1,0
18752,0,2,0,0,3,2,0,2,1,2,4,3,0,3,4,0,4,4
18753,0,3,0,0,4,0,0,0,0,2,4,2,1,4,0,0,4,0
18754,0,1,0,0,0,4,0,0,0,1,4,3,0,0,0,0,0,0
18755,0,3,0,0,3,0,0,0,0,1,3,2,0,4,0,0,2,0
18756,4,2,3,2,0,4,0,0,2,3,0,3,3,0,4,3,0,3
18757,4,3,1,0,0,4,1,2,1,4,2,4,4,1,4,4,2,0
18758,0,4,0,0,3,1,0,1,0,3,3,3,4,2,4,4,3,4
18759,0,4,4,0,4,2,0,0,1,3,4,4,1,4,4,0,4,0
18760,1,4,4,0,0,0,0,0,0,1,0,4,4,4,2,0,0,0
18762,0,1,0,0,4,0,4,4,1,4,1,2,0,2,3,0,2,0
18763,0,0,0,0,0,0,0,4,4,4,4,2,0,4,0,0,0,0
18764,4,2,3,0,0,2,0,0,2,2,0,4,4,0,2,2,0,3
18767,0,1,0,0,0,0,0,0,2,3,3,3,0,0,0,0,4,0
18768,0,1,4,0,1,1,3,1,2,3,1,1,1,3,1,0,3,0
18769,0,1,0,0,1,4,0,4,0,3,4,4,0,3,1,0,2,0
18770,0,2,4,0,3,0,0,0,1,1,3,3,1,4,4,0,4,0
18771,0,4,1,0,0,3,0,0,0,1,2,2,0,0,4,0,0,0
18772,0,2,1,0,1,1,0,4,0,2,2,2,0,3,2,0,3,4
18773,0,0,0,0,0,0,0,0,0,4,3,3,0,1,0,0,1,0
18774,4,2,2,0,2,4,0,0,1,1,2,2,4,1,1,1,4,2
18775,0,4,0,0,4,0,0,1,4,4,4,3,0,2,0,0,2,0
18776,0,3,0,0,1,2,1,4,0,1,4,3,4,2,2,1,3,4
18777,0,0,0,0,4,0,0,0,0,0,4,3,0,0,0,4,4,0
18778,0,1,0,0,2,0,0,0,4,1,1,1,0,4,0,0,1,0
18779,3,2,4,4,4,3,0,4,4,4,2,3,3,3,4,2,1,2
18780,0,1,1,1,0,1,0,0,0,2,4,2,3,0,1,0,0,0
18781,0,2,3,0,0,4,0,0,0,3,0,1,1,0,2,2,0,0
18782,0,3,0,0,0,0,0,0,0,3,3,2,0,2,4,0,3,0
18783,0,1,0,0,0,0,0,0,0,2,3,2,0,3,0,0,2,0
18784,1,3,3,0,0,4,0,0,2,3,0,3,3,0,4,4,0,1
18785,4,1,2,1,0,1,0,0,1,3,0,1,2,0,1,1,0,1
18786,0,1,0,0,0,3,0,0,0,4,1,4,1,0,2,1,0,1
18787,0,4,4,4,1,4,0,3,4,3,4,3,0,4,1,4,3,1
18788,0,3,0,0,4,0,0,0,0,1,2,4,0,4,0,0,4,1
18789,0,2,3,0,3,4,0,4,4,4,1,1,4,2,2,0,4,0
18790,0,0,0,0,1,0,0,0,0,1,1,2,0,0,0,0,1,0
18791,0,4,0,0,0,4,0,0,0,4,4,3,2,4,2,3,0,4
18792,0,2,0,0,1,0,0,0,0,2,2,3,0,1,0,0,1,0
18793,0,3,0,0,4,0,0,0,0,3,4,4,0,4,0,0,2,0
18794,0,3,0,0,0,2,0,1,4,1,2,4,4,1,1,4,1,1
18795,0,1,0,0,2,0,0,0,0,1,2,3,0,4,0,0,1,0
18796,0,0,0,0,1,0,0,0,0,2,1,1,0,4,0,0,4,0
18797,0,4,0,0,1,0,0,0,0,2,1,3,0,0,0,0,2,0
18798,0,1,0,0,1,0,0,1,1,1,2,3,0,1,0,0,2,0
18800,0,2,4,0,4,4,0,0,0,4,2,3,0,2,0,0,2,0
18801,0,2,0,0,1,0,0,4,4,2,3,3,0,4,0,0,0,0
18802,0,4,0,0,2,0,0,0,0,2,2,4,0,1,0,0,4,0
18803,0,1,0,0,1,2,4,2,4,2,3,3,0,2,1,0,3,0
18804,1,1,2,2,4,3,0,2,1,3,2,2,1,1,1,4,2,1
18805,0,3,0,0,1,4,0,0,0,3,2,3,0,1,0,0,3,0
18806,0,3,4,0,0,0,0,0,0,3,2,3,0,3,4,0,4,0
18807,0,1,0,0,1,0,0,2,4,1,3,2,0,2,0,0,1,0
18808,0,3,0,0,4,0,0,0,0,4,2,2,0,4,0,0,2,0
18809,1,4,0,0,3,0,0,0,0,3,2,3,0,1,0,0,0,0
18810,0,4,0,0,0,0,0,0,4,2,1,1,0,0,4,0,2,1
18811,0,3,0,0,3,4,0,0,0,3,2,2,0,4,0,0,2,0
18812,1,4,4,0,0,3,0,0,0,4,3,3,3,1,1,0,1,0
18813,0,1,4,0,4,0,0,3,0,3,4,4,0,1,1,0,4,0
18814,0,3,0,0,1,0,0,0,0,2,2,2,0,0,0,0,1,0
18815,0,4,3,0,0,1,0,0,0,3,4,4,0,4,1,0,4,0
18816,1,1,0,1,2,2,0,0,0,3,2,3,1,1,2,0,1,0
18817,0,3,0,0,1,0,0,0,0,4,4,3,0,0,0,0,4,0
18818,0,4,0,0,3,4,0,1,0,3,3,3,0,4,0,0,4,0
18819,0,3,1,0,0,0,0,0,0,3,4,2,1,4,0,0,0,0
18820,0,4,4,0,3,0,0,1,0,2,4,3,0,2,0,0,1,0
18821,0,4,0,0,3,0,0,1,4,4,3,2,0,3,4,0,3,0
18822,0,4,0,0,3,0,0,0,4,2,1,1,0,4,0,0,4,0
18823,0,3,2,4,0,4,0,0,4,1,2,2,3,4,2,4,0,4
18824,0,3,0,0,3,0,0,0,0,3,4,1,0,4,0,0,1,0
18825,0,3,0,0,4,3,0,0,2,0,2,1,0,0,0,0,0,0
18826,0,4,0,0,0,0,0,0,0,2,3,4,0,0,0,0,1,0
18827,0,4,1,0,0,0,0,0,0,1,1,2,1,1,4,4,0,0
18828,0,3,0,0,4,0,0,0,0,3,4,4,0,2,0,0,3,0
18829,0,2,4,0,3,0,0,0,0,2,2,2,0,4,0,0,1,0
18830,0,1,0,0,1,0,0,0,0,1,2,2,0,4,0,0,4,0
18831,0,0,4,0,2,0,0,0,0,3,2,2,0,0,1,0,2,0
18832,1,1,1,0,0,0,0,0,0,2,3,2,1,4,2,0,1,4
18833,0,3,0,0,2,0,0,0,0,3,2,2,0,4,0,0,2,0
18834,2,1,2,0,0,3,1,4,3,1,1,4,3,1,2,4,0,1
18835,0,4,1,0,4,0,0,3,4,1,3,3,4,2,4,0,3,1
18836,0,0,0,0,2,0,0,0,0,3,3,2,0,4,0,0,4,0
18837,0,1,1,0,4,1,0,4,0,4,1,1,0,4,4,0,3,0
18838,0,3,0,0,1,0,0,0,0,4,1,3,0,4,0,0,1,0
18839,0,1,0,0,3,0,0,0,0,2,2,4,0,4,0,0,0,0
18840,0,4,0,0,3,0,4,1,2,1,3,2,1,1,1,0,1,0
18841,0,4,1,0,4,3,0,0,0,1,4,4,1,0,4,0,3,0
18842,0,4,0,0,4,0,0,0,0,2,2,3,0,4,0,0,4,0
18843,0,3,0,0,4,0,0,0,0,3,2,2,0,4,1,0,3,0
18844,0,4,0,0,0,0,0,0,0,2,2,2,0,1,0,0,2,0
18845,0,1,0,0,1,0,0,0,0,4,3,3,0,0,0,0,4,0
18846,0,1,0,0,3,0,0,0,0,3,1,3,0,4,4,0,3,0
18847,0,4,0,0,0,0,0,0,1,4,4,3,4,3,1,0,3,0
18848,0,1,0,0,1,0,0,0,0,2,2,2,0,3,0,0,3,0
18849,0,0,0,0,0,1,0,0,4,3,1,4,4,3,4,1,2,0
18850,0,4,0,0,0,0,0,0,0,1,2,2,0,0,0,0,0,0
18851,0,3,0,0,4,0,0,0,0,1,2,1,0,0,0,0,0,0
18852,0,0,0,0,3,1,0,0,0,3,2,2,4,4,4,1,3,0
18853,0,3,0,0,4,0,0,0,0,2,3,3,0,1,0,0,4,0
18854,1,1,3,0,0,0,0,0,0,1,1,4,1,0,3,1,0,2
18855,0,4,0,0,4,4,0,0,0,3,2,3,4,1,0,0,3,0
18856,0,2,0,0,1,1,0,0,0,3,3,2,0,2,0,0,0,0
18857,0,1,0,0,3,0,2,0,4,3,2,2,0,4,0,0,2,0
18858,0,4,4,0,1,4,0,0,0,2,3,3,4,3,4,0,2,0
18859,0,2,0,0,4,0,0,0,0,3,4,3,0,4,0,0,4,0
18860,0,3,1,0,0,0,0,0,0,1,2,3,0,4,0,0,4,0
18861,0,3,0,0,2,0,0,0,0,3,2,2,0,2,0,0,3,0
18862,0,2,0,0,1,0,0,0,0,4,2,2,0,1,0,0,1,0
18863,0,3,0,0,2,0,0,0,0,3,2,1,4,1,0,0,2,0
18864,0,4,0,0,1,0,0,0,1,2,4,3,1,4,1,0,4,0
18865,0,3,0,0,4,4,4,4,0,4,1,4,0,4,4,0,4,1
18866,0,4,4,0,0,4,0,0,0,1,1,3,0,0,1,0,0,0
18867,0,4,1,0,2,0,0,0,0,2,2,3,0,2,4,0,0,0
18868,0,3,0,0,1,0,0,0,0,3,3,3,0,1,0,0,4,0
18869,0,3,0,0,0,1,0,4,0,3,2,3,0,4,0,0,0,0
18870,0,4,0,0,4,0,0,0,0,2,1,2,0,3,0,0,3,0
18871,0,1,0,0,4,2,0,0,1,1,4,3,0,0,1,0,3,0
18872,0,0,0,0,0,1,0,0,0,3,1,2,0,4,0,0,4,0
18873,0,1,0,0,0,0,0,0,4,3,4,3,0,0,3,0,4,0
18874,0,4,0,0,3,0,4,3,2,1,3,3,0,1,0,0,4,0
18875,0,1,1,0,1,0,0,0,1,3,2,1,0,1,0,0,0,0
18876,0,1,0,0,3,0,0,0,0,4,3,4,0,1,0,0,0,0
18877,0,4,4,0,0,2,0,0,1,4,0,3,2,2,4,3,0,0
18878,0,1,0,0,1,0,0,4,0,1,3,3,0,4,0,0,1,0
18879,0,4,3,2,0,2,0,0,0,4,1,2,4,1,2,2,2,1
18880,0,3,0,0,2,0,0,0,0,2,2,2,0,2,0,0,3,0
18881,0,1,0,0,0,0,0,3,0,4,3,2,0,3,4,0,2,0
18882,0,2,0,0,1,3,1,2,4,4,3,3,0,4,1,0,3,0
18883,0,1,4,0,1,0,0,0,1,2,3,3,1,0,3,2,1,1
18884,0,4,0,0,1,0,0,0,0,1,2,1,0,1,0,0,2,0
18885,0,4,1,0,0,0,0,0,0,2,4,4,0,1,1,0,4,0
18886,0,3,0,0,4,0,0,0,0,3,4,2,0,4,0,0,2,0
18887,0,3,0,0,3,0,0,0,0,2,1,2,0,0,0,0,3,0
18888,0,1,0,0,2,0,0,4,0,4,3,4,0,3,4,0,2,0
18889,0,2,0,4,3,1,0,0,0,1,3,2,0,0,3,0,0,0
18890,0,4,0,0,0,2,0,4,1,2,4,3,0,2,4,0,1,4
18891,0,4,4,0,1,0,0,0,0,2,4,3,0,3,4,0,0,0
18892,0,4,0,0,1,0,0,4,0,1,2,2,0,4,0,0,1,0
18893,0,0,0,0,3,0,0,0,0,2,2,3,0,2,0,0,4,0
18895,0,1,0,0,4,4,0,0,0,0,1,1,4,1,2,0,1,0
18896,1,4,3,2,0,3,0,0,3,1,0,3,4,0,4,3,0,4
18897,1,1,0,1,0,1,0,0,1,1,1,2,1,0,1,3,0,2
18898,0,0,0,0,3,0,0,4,4,3,3,2,0,4,0,0,4,4
18899,0,4,0,0,0,4,0,1,0,3,2,3,0,4,2,0,4,4
18900,1,3,1,3,0,4,0,0,3,3,1,4,2,0,4,4,0,4
18902,0,1,1,0,0,0,0,4,0,4,4,3,0,2,4,0,4,0
18903,0,1,0,0,3,0,0,1,1,3,1,2,0,3,0,0,2,0
18904,0,4,0,0,4,0,0,0,0,1,2,3,0,0,0,0,0,0
18905,0,2,1,0,0,0,0,3,1,3,4,3,0,4,1,0,3,4
18906,0,0,0,0,3,0,0,0,0,3,2,3,0,4,0,0,4,0
18907,4,4,2,0,0,4,0,0,3,4,2,4,4,1,1,2,4,2
18908,0,3,4,0,1,0,0,4,1,3,1,2,3,2,2,0,1,2
18909,0,3,4,4,0,2,4,3,2,2,1,3,4,4,4,1,3,1
18910,2,4,0,0,0,3,0,0,3,4,4,4,4,0,2,4,1,0
18912,0,4,1,0,0,4,0,0,0,4,4,4,0,4,2,0,4,0
18915,1,3,4,3,1,4,0,0,4,1,2,3,3,0,3,3,3,0
18916,4,0,3,0,0,1,0,0,1,3,0,4,1,0,1,4,0,4
18917,1,1,4,0,3,1,0,0,0,4,3,1,4,1,4,0,2,0
18919,0,0,0,0,0,0,0,0,0,3,1,2,0,0,0,0,0,0
18921,0,1,0,0,0,0,0,4,0,1,2,2,0,2,2,0,4,0
18922,0,0,0,0,0,4,0,0,0,1,2,3,0,0,0,0,2,0
18923,0,4,3,0,0,0,0,3,2,3,4,4,3,1,2,0,4,0
18924,0,3,0,0,0,2,0,1,1,2,1,1,0,1,1,0,1,1
18925,0,4,0,0,0,0,0,1,0,3,4,3,3,2,4,0,3,0
18926,0,2,0,0,4,0,0,0,0,2,2,4,0,0,0,0,0,0
18927,4,2,1,4,0,0,0,1,0,3,1,2,0,4,3,4,1,0
18928,0,0,0,0,0,0,0,0,0,1,2,3,0,1,0,0,2,0
18929,0,1,0,0,4,0,0,1,3,4,2,2,0,2,4,0,3,0
18930,0,1,3,0,0,0,0,0,4,3,0,3,2,0,1,0,0,0
18931,0,3,4,0,3,1,2,1,3,2,4,2,0,4,4,0,2,0
18932,4,2,1,1,1,4,0,0,0,3,4,4,4,2,4,1,3,4
18933,0,3,0,0,4,0,0,0,0,2,1,2,0,4,0,0,3,0
18934,0,0,0,0,2,0,0,0,0,4,1,2,1,4,2,0,3,0
18935,0,1,0,0,3,0,0,1,0,3,4,4,0,4,0,0,1,0
18936,0,3,0,1,3,0,0,0,0,1,3,2,1,2,1,0,1,0
18937,0,0,4,0,0,0,0,4,0,0,1,3,0,2,0,0,0,0
18938,0,2,0,0,0,0,0,0,0,3,0,3,1,0,1,4,0,4
18940,0,1,0,0,4,4,0,0,0,1,3,3,0,2,0,0,1,2
18941,0,3,4,0,4,2,2,3,2,2,2,2,2,2,4,0,1,0
18942,0,3,1,1,2,1,0,0,0,1,1,1,4,0,4,0,3,4
18944,0,4,1,0,0,0,4,4,1,2,4,4,0,2,0,0,2,0
18946,0,2,1,0,0,0,0,2,3,4,4,3,0,4,0,0,2,0
18947,1,4,2,0,0,1,0,0,2,1,1,1,2,1,2,4,1,1
18948,0,4,3,0,0,1,0,4,0,1,1,1,2,1,3,4,3,0
18950,0,0,0,0,0,2,0,0,0,0,0,1,0,4,1,0,0,0
18951,0,1,2,0,2,4,0,1,2,3,1,3,0,1,4,0,1,2
18952,1,4,3,0,0,4,0,0,4,1,4,3,4,0,3,4,0,4
18953,0,1,1,0,1,1,0,0,0,1,4,1,0,1,1,0,1,4
18954,0,0,0,0,3,0,0,0,0,3,2,4,0,4,0,0,0,0
18955,0,0,0,0,0,0,0,0,0,4,3,4,0,4,1,0,4,4
18956,0,1,1,0,1,0,0,1,1,1,1,1,0,4,1,0,3,0
18957,0,1,0,0,4,0,0,0,0,4,2,3,0,1,0,0,2,0
18958,0,3,0,0,0,3,0,0,0,2,4,2,0,3,1,0,2,1
18959,0,1,0,0,3,0,0,0,4,3,1,4,4,1,1,0,1,4
18961,0,2,0,0,2,0,0,2,4,4,4,3,3,3,1,4,4,4
18962,0,4,0,0,0,1,0,0,0,3,4,4,0,0,4,0,4,4
18963,0,0,0,0,0,0,0,0,0,4,4,3,0,3,0,0,1,0
18964,2,4,3,1,0,4,0,0,0,3,0,1,3,0,2,1,0,4
18965,0,1,4,1,0,1,0,0,0,3,3,2,2,1,3,1,0,1
18966,0,2,4,0,0,1,0,0,1,1,3,3,1,1,3,1,1,1
18967,0,4,4,0,0,0,0,0,0,4,1,3,4,4,2,0,4,0
18968,0,1,1,0,1,0,0,0,1,2,2,2,1,0,1,4,4,0
18969,0,1,0,0,2,0,0,0,0,4,4,2,0,4,0,0,4,0
18970,0,1,1,0,0,0,0,3,4,2,4,3,4,2,4,0,4,0
18971,0,0,0,0,4,1,0,2,0,2,2,2,0,2,1,0,2,0
18972,0,4,0,1,4,4,0,2,2,2,1,2,0,4,3,1,4,1
18973,2,4,4,3,0,4,0,0,0,3,4,4,2,4,1,3,4,4
18974,0,4,0,0,0,1,0,0,0,1,4,1,0,4,0,0,1,0
18975,1,2,1,0,1,2,1,4,1,1,1,1,1,4,1,2,4,1
18976,0,4,0,0,3,0,0,0,0,2,2,4,0,2,0,0,1,0
18978,0,4,0,0,3,2,0,0,0,1,1,3,0,3,4,0,4,0
18979,0,1,0,0,0,0,0,0,0,4,2,3,0,1,0,0,4,0
18980,0,4,0,0,1,0,0,0,0,2,3,3,0,0,0,0,3,0
18981,0,3,0,0,1,0,0,4,3,2,2,2,0,2,0,0,4,0
18982,0,2,0,0,2,0,0,0,0,3,3,3,0,1,0,0,1,0
18983,0,3,1,0,4,3,0,1,3,2,3,1,0,2,1,0,1,0
18984,0,2,1,0,0,2,0,3,4,2,1,2,4,3,4,0,1,1
18985,0,4,0,0,2,0,0,1,4,2,1,2,0,2,1,0,3,0
18986,0,4,0,0,0,0,0,0,0,4,2,4,0,3,4,4,0,0
18987,0,2,1,0,0,3,0,0,0,1,1,3,0,2,1,0,1,0
18988,0,2,0,0,1,4,0,1,0,1,2,2,4,2,3,4,3,0
18989,0,2,4,0,0,0,0,0,0,1,1,3,1,4,1,0,0,0
18990,0,0,0,0,1,0,0,0,0,2,2,1,0,0,0,0,1,0
18991,0,1,0,0,4,0,0,2,0,1,3,3,0,2,2,0,4,1
18992,0,1,1,0,1,0,0,0,0,1,3,2,4,2,2,0,4,1
18993,0,3,4,0,2,3,0,3,0,2,2,1,0,3,4,0,1,0
18994,4,2,0,0,3,4,0,0,0,4,3,3,0,2,4,0,3,0
18995,1,1,4,4,0,2,0,0,2,4,0,2,2,0,3,1,0,0
18996,0,1,0,0,0,0,0,1,0,0,1,2,0,1,0,0,2,0
18997,0,0,0,0,3,3,0,4,0,3,1,4,0,2,1,0,3,0
18999,0,4,0,0,3,4,0,1,4,3,4,3,0,2,1,0,3,1
19000,4,1,1,0,0,2,0,0,0,2,4,3,3,0,2,0,0,0
19001,0,1,0,0,3,0,0,1,0,2,3,3,1,1,1,0,2,2
19003,1,1,0,0,0,2,4,0,3,3,4,1,3,4,4,4,0,4
19004,0,3,0,0,4,0,0,4,0,2,4,3,0,2,1,0,2,0
19005,0,2,0,0,2,1,0,1,1,3,2,2,0,1,0,0,1,0
19006,0,3,2,0,1,4,0,0,4,0,4,4,3,4,1,0,4,0
19007,0,4,0,0,4,0,0,0,0,4,3,3,0,3,0,0,3,0
19008,0,1,0,0,4,0,0,0,0,2,4,3,0,4,0,0,1,0
19009,0,4,0,0,0,0,0,0,0,2,0,4,1,0,1,0,0,0
19010,0,2,0,0,3,1,0,0,1,1,3,2,0,3,4,0,1,0
19011,0,4,1,0,4,1,0,0,0,1,1,2,0,1,0,4,4,0
19012,0,4,0,0,4,0,0,0,0,1,2,3,0,2,0,0,0,0
19013,0,3,0,0,1,0,0,0,0,4,2,2,1,4,1,0,2,4
19015,0,2,0,0,0,0,0,0,0,4,1,2,0,1,1,0,2,0
19016,0,3,0,0,4,3,0,3,1,1,3,3,4,2,4,0,3,4
19017,0,2,1,0,1,0,0,1,1,2,2,2,4,4,0,0,2,0
19018,0,1,0,0,0,4,0,1,1,2,3,3,0,4,2,0,3,0
19019,0,4,1,0,0,4,0,4,1,3,3,2,0,3,0,0,3,0
19020,0,2,0,0,2,0,0,2,0,4,4,4,0,4,0,0,0,0
19021,0,1,0,0,1,1,1,4,2,2,4,3,0,3,2,0,2,4
19022,2,3,2,0,0,4,2,2,4,3,2,3,4,4,4,1,2,3
19023,3,3,1,0,0,4,0,0,0,4,2,2,4,0,3,4,0,4
19024,2,4,2,3,0,4,0,0,4,3,0,1,3,0,1,1,0,0
19025,0,0,0,0,0,0,0,0,0,1,2,2,0,4,0,0,1,0
19026,4,3,1,0,4,2,0,4,1,1,4,3,1,1,2,2,4,0
19027,0,1,4,0,4,0,0,1,4,3,3,3,0,3,0,0,4,0
19028,0,4,0,0,3,0,0,0,4,3,3,2,0,4,0,0,3,0
19029,0,4,0,0,4,0,0,0,0,3,3,2,0,4,0,0,4,0
19031,0,4,1,0,4,0,0,0,4,1,4,2,0,4,4,0,2,0
19032,0,4,4,0,0,0,0,3,1,3,4,4,0,3,0,0,3,0
19034,1,1,1,0,4,1,4,0,1,2,2,2,1,4,4,0,0,0
19037,0,3,0,0,4,0,0,0,0,2,3,2,0,1,0,0,2,0
19038,0,1,1,0,0,1,1,4,1,2,4,4,2,4,1,0,4,0
19039,0,3,0,0,2,0,0,0,3,3,4,3,0,4,0,0,4,1
19040,0,3,4,0,1,0,0,0,0,4,1,2,0,1,0,0,3,0
19041,0,0,0,0,1,1,0,0,0,1,1,1,0,3,1,0,4,0
19042,0,4,0,0,2,0,0,4,0,3,4,3,0,3,0,0,4,0
19043,0,3,0,0,1,4,0,1,0,2,2,1,0,1,0,0,3,1
19044,0,2,0,0,4,0,0,1,0,2,1,3,0,4,0,0,4,0
19045,0,1,0,0,0,0,0,0,0,1,0,1,2,1,4,0,1,0
19046,0,1,0,0,3,0,0,0,0,3,3,3,0,4,0,0,1,0
19047,4,3,4,0,3,2,0,0,0,3,2,3,4,1,3,4,4,0
19048,0,1,0,0,1,4,0,4,0,4,3,1,0,3,1,0,3,0
19049,0,1,0,0,2,3,4,4,3,3,3,3,0,3,4,0,4,0
19050,0,2,0,0,2,0,0,0,0,1,2,2,0,1,0,0,1,0
19051,0,2,0,0,1,0,0,0,0,1,3,2,0,2,0,0,4,0
19052,0,3,0,0,0,0,0,2,4,3,4,4,0,3,4,0,1,0
19053,0,1,0,0,1,0,0,0,0,4,4,4,1,2,1,1,4,4
19054,4,2,3,0,0,0,0,0,0,3,4,2,4,0,4,2,0,1
19055,4,1,4,0,4,0,0,0,1,1,3,3,3,3,4,1,2,0
19056,0,0,1,0,0,0,0,0,0,0,3,1,0,3,1,0,0,0
19057,0,2,4,0,4,1,0,3,4,4,1,2,4,3,2,0,2,0
19058,0,3,1,0,0,4,0,4,0,4,4,4,0,1,3,0,0,0
19059,2,1,4,3,0,4,0,0,1,3,0,4,3,0,4,4,0,3
19060,0,3,4,1,0,1,0,0,4,1,4,2,2,4,2,1,2,2
19061,0,1,0,0,0,0,4,1,2,2,1,1,0,2,1,0,2,0
19062,0,1,0,0,2,0,0,4,0,3,2,3,0,3,0,0,3,0
19064,0,2,1,0,1,1,0,1,4,4,2,3,0,3,1,0,3,4
19065,1,3,2,0,0,4,0,0,1,1,1,1,1,4,1,1,3,3
19066,0,1,0,0,0,0,1,0,1,1,3,3,4,4,0,0,2,0
19067,0,4,1,0,1,0,0,0,0,2,3,3,0,3,4,0,3,0
19068,0,4,3,0,4,0,1,1,1,4,3,4,1,2,4,0,4,0
19069,0,2,0,0,4,0,0,0,0,3,2,1,0,1,1,0,2,0
19070,0,4,0,0,0,1,0,0,0,2,0,1,0,0,0,0,0,0
19071,0,1,2,4,0,3,0,0,1,3,0,1,1,0,4,1,0,1
19072,0,4,4,0,3,3,0,0,3,1,3,3,0,1,3,0,4,0
19073,0,3,0,0,1,0,0,4,4,2,1,4,0,4,4,0,4,1
19074,0,1,0,0,1,0,0,2,3,4,4,4,0,4,1,0,1,0
19075,0,4,4,0,0,4,0,0,3,0,4,4,0,4,3,0,0,0
19076,0,2,0,0,4,4,0,4,1,2,2,3,4,2,2,0,3,0
19077,0,0,4,0,0,3,0,0,4,4,0,4,0,0,4,0,0,0
19079,0,4,0,0,1,0,0,0,0,1,2,3,0,4,0,0,0,0
19080,0,1,1,4,1,3,0,0,0,1,2,3,3,4,2,1,3,0
19081,0,3,0,0,2,0,0,0,0,1,1,1,0,4,0,0,4,0
19082,0,4,0,0,4,4,0,1,0,2,4,3,0,3,0,0,3,4
19083,0,1,0,0,1,0,0,0,0,2,2,2,4,0,0,0,1,0
19085,2,4,2,0,4,0,0,0,1,4,4,4,2,4,4,4,4,4
19086,1,0,0,0,2,0,0,1,0,2,2,1,0,1,1,0,1,0
19087,0,1,0,0,0,0,0,1,0,1,3,3,0,0,0,0,4,0
19088,0,4,0,0,1,4,0,4,4,2,2,2,0,3,0,0,4,0
19089,0,2,2,0,0,0,0,0,0,0,0,4,1,0,1,1,0,0
19090,0,1,2,0,0,0,0,0,4,4,2,1,1,4,3,1,2,0
19091,0,1,0,0,2,0,0,0,0,3,2,2,0,4,0,0,2,0
19092,1,4,2,0,0,3,0,0,2,4,0,4,4,0,3,2,0,4
19095,0,1,2,0,0,1,0,0,0,1,0,1,4,0,1,4,0,4
19096,0,2,4,0,2,4,4,0,1,4,2,1,0,4,4,0,1,0
19097,0,1,0,0,4,0,0,0,0,2,4,3,0,4,0,0,2,0
19098,0,4,0,0,4,0,0,0,0,3,3,3,0,4,0,0,4,0
19099,0,0,0,0,0,0,0,0,0,2,4,4,0,2,0,0,4,0
19100,4,4,0,4,0,0,0,4,0,1,4,3,4,0,1,1,4,3
19101,0,3,1,0,0,2,4,4,4,3,1,3,1,2,2,0,4,0
19102,0,1,0,0,0,0,0,0,0,3,0,3,2,0,0,1,0,0
19103,2,1,1,1,0,1,0,2,0,2,4,2,4,1,1,1,3,0
19104,0,4,0,0,4,0,0,0,0,4,4,4,0,0,0,0,0,0
19105,0,4,1,0,4,0,0,0,0,1,2,2,0,4,1,0,1,0
19106,0,1,0,0,3,0,0,1,4,2,3,2,0,1,0,0,1,0
19107,0,2,0,0,0,0,0,0,0,2,3,3,0,4,2,0,1,0
19108,0,1,0,0,1,0,0,0,0,2,3,3,0,1,0,0,1,0
19109,0,2,1,0,0,0,0,0,0,1,4,1,3,1,3,0,1,1
19110,0,1,1,0,0,0,0,0,1,0,4,4,1,4,3,0,0,0
19111,4,2,4,0,0,4,0,0,3,4,0,2,3,0,4,3,0,4
19112,0,1,4,0,0,4,0,0,0,4,4,4,0,1,4,1,0,0
19113,0,2,0,0,1,4,0,2,4,4,4,3,0,3,4,0,2,0
19114,0,0,0,0,0,0,0,0,0,1,4,4,0,4,0,0,0,0
19116,0,3,4,0,0,2,0,0,0,1,0,4,2,0,2,3,0,4
19117,0,1,0,0,1,4,0,3,1,3,4,4,0,1,1,0,3,3
19119,0,3,4,0,0,0,0,0,0,2,4,3,0,0,0,0,4,0
19121,1,3,1,4,0,1,0,0,1,1,0,3,4,0,3,1,0,2
19122,0,2,1,0,3,1,0,0,2,1,1,2,0,4,4,0,4,0
19123,0,4,1,0,0,3,0,0,1,4,4,1,0,1,1,0,1,0
19124,0,4,0,0,4,0,0,0,0,3,4,4,0,3,0,0,2,0
19125,0,4,0,0,0,1,0,1,3,2,3,3,0,1,0,0,3,1
19126,0,2,0,0,1,1,0,1,0,3,3,1,1,1,1,0,1,0
19127,0,1,0,0,0,0,0,0,0,3,4,3,0,0,0,0,0,0
19128,0,2,4,0,0,1,0,1,0,4,4,4,0,2,1,0,2,1
19129,0,2,0,0,4,1,4,2,2,3,3,2,0,3,0,0,3,0
19130,0,3,4,0,0,1,0,0,4,1,0,1,3,0,4,0,0,0
19131,0,0,0,0,0,0,0,1,0,1,1,1,0,2,1,0,2,0
19132,0,4,0,0,3,0,0,1,1,2,2,3,0,0,0,0,0,0
19133,3,2,1,0,4,2,0,0,0,3,4,1,1,3,4,1,1,0
19134,0,4,0,0,0,4,3,1,1,2,4,2,0,3,0,0,1,0
19135,0,1,4,0,0,1,0,1,0,1,1,1,4,2,1,0,1,0
19136,0,4,3,0,0,4,0,0,0,2,0,3,2,0,4,4,0,3
19137,0,4,4,0,1,0,0,3,4,3,4,3,0,4,4,0,3,0
19139,0,4,0,0,0,0,3,1,3,3,4,4,0,4,4,0,3,0
19140,0,0,0,0,1,0,0,0,0,4,4,3,0,1,0,0,4,0
19142,0,3,0,1,0,3,0,0,0,2,4,3,2,0,4,3,0,4
19143,0,2,4,0,1,2,0,1,2,1,2,2,0,1,4,0,2,4
19144,0,3,0,0,1,0,0,0,0,2,3,2,0,1,0,0,4,0
19145,0,3,1,0,0,0,0,0,4,2,0,3,1,0,3,4,0,1
19146,0,4,0,0,4,0,0,3,0,4,4,4,0,3,1,0,3,0
19147,0,1,1,1,0,4,0,0,3,2,1,1,0,0,4,0,1,0
19148,0,3,3,1,0,4,0,1,1,1,1,2,4,2,1,1,2,1
19149,0,1,1,0,2,1,0,0,0,1,2,2,0,0,1,0,1,0
19150,0,3,0,0,1,1,1,2,3,1,3,2,0,2,4,0,2,0
19151,1,1,1,1,4,2,0,0,4,0,4,1,2,4,4,1,0,1
19152,0,2,4,0,0,2,0,0,2,2,4,3,1,1,3,4,0,4
19153,0,1,0,0,0,0,0,1,3,2,1,1,0,2,4,0,3,0
19154,0,3,4,0,4,0,1,1,4,2,2,2,0,3,0,0,2,0
19155,0,1,0,0,0,1,0,4,0,1,3,3,0,3,0,0,2,0
19156,0,2,0,0,0,0,0,4,4,1,4,3,0,1,1,0,3,0
19157,0,0,4,0,1,0,0,1,2,1,2,2,0,3,0,0,3,0
19158,0,4,0,0,0,0,0,4,0,3,3,2,0,3,1,0,1,0
19159,0,1,0,0,1,2,0,4,0,2,3,2,0,3,4,0,3,0
19160,0,2,0,0,0,0,0,1,3,1,4,2,0,2,1,0,1,0
19161,0,0,0,0,0,0,0,0,0,2,2,2,0,1,0,0,0,0
19162,1,2,3,1,0,3,0,0,0,4,1,3,4,0,1,4,4,3
19163,0,0,0,0,4,0,0,0,0,3,2,3,0,0,0,0,1,0
19164,0,3,0,0,2,1,0,1,0,4,2,2,0,3,0,0,3,0
19165,0,4,1,0,1,0,0,0,0,0,1,1,0,4,1,0,1,0
19166,0,1,4,0,3,0,0,0,1,1,3,3,0,3,1,0,3,4
19168,0,3,0,0,4,0,0,0,0,3,2,3,0,4,0,0,1,0
19170,0,1,0,0,3,0,0,0,0,1,2,1,0,1,0,0,1,0
19171,0,0,0,0,0,0,0,0,0,4,4,4,0,0,0,0,4,0
19172,0,2,0,0,4,0,0,0,0,3,1,1,0,0,4,0,2,0
19173,0,0,0,0,0,0,0,0,0,1,2,1,0,0,0,0,3,0
19174,0,1,0,0,0,0,0,4,0,2,3,3,0,1,0,0,4,0
19175,0,4,1,0,0,4,0,0,0,4,4,4,4,0,2,0,0,0
19176,0,4,0,0,1,0,0,0,0,3,3,3,0,1,0,0,4,0
19177,0,4,4,0,0,4,0,0,0,3,0,4,2,0,3,4,0,0
19178,1,1,2,4,4,2,0,0,4,1,2,2,1,2,2,2,4,2
19180,0,2,1,1,0,3,0,0,0,1,0,3,1,0,3,2,0,4
19181,0,1,0,0,0,4,0,1,0,4,3,4,0,2,4,0,2,4
19182,0,0,0,0,0,0,0,4,1,1,4,4,0,4,1,0,4,0
19183,4,4,0,3,0,4,0,0,1,1,1,2,3,0,1,4,0,2
19184,0,4,4,0,4,3,0,1,0,2,4,3,4,4,4,0,4,1
19185,1,1,1,0,0,2,0,0,0,1,0,1,1,1,1,2,0,3
19186,0,4,0,0,0,1,0,2,0,1,4,4,0,4,4,0,3,0
19187,0,4,0,0,1,0,0,2,0,2,2,2,0,1,2,0,2,0
19188,0,1,4,0,0,0,0,2,0,3,2,3,0,3,4,0,1,0
19189,0,4,0,4,0,0,0,0,0,4,0,2,1,0,0,0,0,1
19190,0,2,0,4,0,0,0,0,0,1,0,3,1,0,3,0,0,4
19191,4,3,1,0,0,1,0,0,1,1,4,4,3,0,1,2,0,0
19192,0,1,2,0,0,3,0,0,4,3,0,1,1,0,1,2,0,1
19193,0,2,0,0,0,0,0,0,0,1,0,1,0,0,4,0,0,0
19194,1,1,3,2,0,3,0,0,0,1,0,2,1,0,2,3,0,2
19195,0,0,0,0,0,3,0,0,0,0,0,3,3,0,1,4,0,0
19196,1,4,1,0,0,4,0,0,4,1,0,3,3,0,1,4,0,4
19197,0,3,1,1,0,4,0,0,0,1,0,1,1,0,4,1,0,2
19198,4,4,1,0,0,1,0,0,0,4,0,1,1,0,2,3,0,1
19199,0,2,1,0,0,2,0,0,0,2,0,4,4,0,3,0,0,0
19200,1,4,3,1,0,4,0,0,0,2,0,2,3,0,4,4,0,4
19204,0,1,4,0,0,2,0,0,0,3,4,3,4,0,4,0,4,0
19205,0,2,1,4,0,0,0,0,0,2,0,2,1,0,1,2,0,2
19206,4,2,0,0,0,0,0,0,0,1,0,1,0,0,1,0,0,0
19210,0,3,0,0,0,4,0,0,0,1,0,4,0,0,4,4,0,0
19211,4,1,2,0,0,4,0,0,2,4,0,1,4,0,3,3,0,3
19214,4,2,1,0,0,2,0,0,0,3,0,4,3,0,4,3,0,1
19216,0,2,4,0,0,4,0,0,0,1,0,3,3,0,2,4,0,3
19219,0,0,1,0,0,3,0,0,0,3,3,2,0,4,4,0,1,0
19220,4,0,3,2,0,1,0,0,0,2,0,1,3,0,3,1,0,0
19227,0,2,3,0,0,0,0,0,0,1,0,4,4,0,3,0,0,0
19233,2,3,1,4,0,2,0,0,2,2,0,3,2,0,1,1,0,2
19235,2,1,1,2,0,4,0,0,2,2,0,2,2,0,3,4,0,2
19239,0,2,4,0,0,1,0,0,4,3,0,2,4,0,1,0,0,0
19241,0,4,0,0,4,0,0,0,0,4,4,4,0,0,0,0,0,0
19242,0,1,0,0,0,0,0,0,0,0,2,4,0,3,4,0,0,0
19243,0,1,4,0,3,0,0,4,0,3,1,2,0,2,0,0,4,4
19245,0,0,4,0,0,0,0,0,0,4,0,3,1,0,0,0,0,0
19246,0,3,0,0,0,0,0,0,0,0,4,4,0,4,4,0,0,0
19247,0,3,0,0,1,0,0,0,0,4,2,3,0,1,1,0,1,0
19248,0,3,0,0,3,1,1,3,3,2,2,3,0,1,4,0,3,4
19249,0,4,0,0,0,1,0,0,0,0,1,2,0,3,4,0,1,0
19250,0,2,0,0,1,0,0,0,0,2,2,2,0,1,0,0,1,0
19251,0,0,0,0,2,0,0,0,1,4,4,4,0,3,1,0,0,0
19252,0,0,0,0,4,0,0,0,0,4,1,2,1,1,0,0,1,0
19253,1,1,1,0,0,2,1,3,1,1,3,1,1,3,1,0,1,0
19254,0,0,0,0,0,0,0,3,0,2,2,4,0,1,0,0,4,0
19255,0,3,0,0,4,0,0,0,0,4,4,4,0,0,0,0,4,0
19256,0,2,0,0,2,4,0,1,2,2,2,2,1,2,4,0,2,2
19257,0,0,0,0,1,0,0,4,0,1,2,3,0,1,0,0,2,0
19258,0,4,0,0,4,0,0,3,1,3,2,2,1,4,1,0,3,1
19259,0,1,0,0,4,0,0,0,0,2,4,4,0,1,0,0,1,0
19260,4,3,3,0,0,0,0,0,1,2,0,3,4,4,3,0,0,0
19261,0,0,0,0,2,0,0,0,0,1,4,1,0,4,1,0,2,0
19263,0,4,0,0,1,0,0,0,0,2,3,3,0,4,0,0,2,0
19264,0,0,0,0,0,0,0,0,4,1,1,3,0,4,0,0,1,0
19265,0,1,1,0,4,4,0,0,1,4,3,2,3,2,1,0,3,0
19266,0,0,0,0,3,0,0,0,4,1,4,1,0,0,0,0,1,0
19267,1,1,4,4,0,2,0,0,0,2,4,1,2,0,1,1,0,2
19268,0,4,0,0,4,4,0,0,0,0,4,4,0,4,4,0,0,0
19269,0,3,0,0,2,0,0,4,0,4,4,4,0,3,0,0,3,4
19270,1,2,4,0,0,3,0,0,0,4,2,4,2,4,3,3,3,4
19271,4,3,2,0,0,4,0,0,1,3,4,2,1,0,1,4,0,3
19272,0,2,0,0,2,3,2,1,2,1,2,2,0,3,1,0,3,1
19274,0,3,0,0,2,0,0,1,0,3,1,2,0,4,2,0,3,0
19275,0,4,0,0,0,0,0,4,4,4,4,4,0,4,0,0,1,0
19276,0,3,4,0,2,0,0,0,0,1,2,3,0,4,0,0,1,0
19277,0,1,0,0,0,1,0,0,0,1,1,1,1,0,1,0,0,0
19278,0,3,3,0,0,0,3,2,4,3,1,2,1,4,1,2,2,4
19279,4,4,2,0,0,0,0,0,2,4,0,4,1,0,2,4,1,0
19280,0,0,0,0,0,0,0,0,0,1,0,1,3,0,0,0,0,0
19282,0,1,4,0,0,0,0,4,0,1,1,4,0,2,4,2,4,0
19284,0,0,0,0,4,0,0,0,4,3,3,3,0,1,0,0,4,0
19286,0,2,3,0,1,0,1,2,3,1,2,1,0,3,0,0,2,0
19287,0,3,0,0,3,1,1,3,1,2,3,3,0,1,0,0,2,0
19289,0,4,0,0,4,0,0,3,4,3,3,2,0,4,0,0,4,4
19290,0,1,1,0,1,1,1,1,1,1,1,1,0,1,1,0,1,1
19291,0,1,0,0,0,1,0,0,0,2,3,4,4,2,4,0,4,0
19292,0,0,4,0,1,3,0,1,1,3,4,4,0,4,0,0,1,0
19293,0,4,0,0,3,0,4,1,0,2,2,2,0,1,3,0,2,2
19296,1,0,0,0,0,4,0,0,0,0,4,1,1,3,4,0,0,0
19297,4,4,3,1,1,3,0,0,4,2,1,1,2,1,3,0,1,0
19298,0,4,0,0,0,1,0,0,1,2,2,1,4,1,1,3,1,0
19299,0,3,0,0,0,0,0,0,0,1,0,3,3,1,1,2,0,1
19300,1,1,3,4,0,4,0,0,4,1,0,1,4,0,3,4,0,4
19301,0,3,0,0,1,0,0,4,2,3,3,3,0,3,0,0,3,0
19302,0,0,4,3,0,4,0,0,2,4,1,1,2,0,2,0,0,0
19303,0,3,1,0,1,1,0,1,0,3,4,3,0,2,1,0,4,0
19304,1,3,3,0,0,3,0,0,1,3,0,4,3,0,1,1,0,1
19305,0,4,0,0,0,0,0,0,1,0,1,1,1,4,4,0,0,0
19306,3,3,4,0,0,1,0,0,4,3,0,4,4,0,2,1,0,0
19307,0,3,0,0,0,0,0,0,0,3,2,3,0,0,0,0,3,0
19308,0,4,0,0,1,4,0,4,0,2,4,4,0,3,0,0,4,0
19309,0,3,0,0,4,0,0,0,0,2,4,3,0,2,0,0,1,0
19310,1,4,3,4,0,3,0,0,3,4,0,2,2,1,3,1,0,4
19311,0,4,0,0,4,0,0,2,1,3,3,3,0,2,1,0,3,0
19312,1,2,3,1,0,0,0,1,0,4,1,3,3,1,4,4,4,4
19313,0,1,0,0,4,0,0,3,2,3,3,4,1,4,4,0,3,0
19314,2,3,4,1,0,1,0,0,2,1,0,4,3,0,3,4,0,4
19315,0,4,4,1,0,4,0,0,0,4,0,4,2,0,4,2,0,0
19316,0,1,0,0,1,1,0,2,3,2,4,3,3,1,1,0,3,2
19317,0,4,0,0,4,1,0,3,4,1,1,1,1,2,0,0,1,0
19318,0,0,0,0,4,0,0,1,0,0,4,4,0,3,2,0,1,0
19319,0,4,1,0,0,1,0,0,4,1,0,2,1,0,1,1,0,0
19320,0,2,1,0,3,0,0,4,0,3,1,3,0,2,1,0,3,1
19322,0,1,2,0,2,0,0,0,4,3,1,1,0,3,1,0,1,2
19324,0,2,0,0,0,1,0,0,4,1,0,1,3,0,1,3,0,1
19325,0,3,4,1,0,0,0,0,4,2,0,3,3,0,2,0,0,1
19327,0,3,0,0,0,0,0,0,0,4,2,2,0,4,0,0,2,0
19328,0,4,4,0,1,4,0,4,0,2,1,2,0,3,2,0,3,0
19329,0,3,0,0,2,0,0,4,1,2,2,1,0,1,0,0,1,0
19330,0,4,0,0,0,4,0,0,0,2,1,2,0,4,4,0,3,0
19331,0,1,0,4,0,1,0,0,0,2,2,1,4,3,4,0,2,0
19332,0,3,0,0,2,0,0,0,0,1,1,1,0,2,0,0,1,0
19333,0,2,0,0,0,0,0,0,1,1,1,2,0,0,0,0,0,0
19334,0,4,0,0,1,0,4,2,2,2,3,2,0,2,0,0,1,0
19335,0,4,0,0,1,1,1,2,3,2,1,2,0,1,1,0,3,1
19336,0,3,3,0,0,4,0,0,4,1,0,4,3,1,3,0,0,2
19337,0,4,0,0,4,0,0,0,0,4,4,4,0,0,0,0,4,0
